   1.0000000e+00   1.0000000e+00   1.0013084e+00   1.0004789e+00   1.0021469e+00   1.0037641e+00   1.0023600e+00   1.0040846e+00   1.0046657e+00   1.0040488e+00   1.0048907e+00   1.0035634e+00   1.0044836e+00   1.0055109e+00   1.0036862e+00   1.0051203e+00   1.0053830e+00   1.0047150e+00   1.0054740e+00   1.0039531e+00   1.0048602e+00   1.0055362e+00   1.0037336e+00   1.0051086e+00   1.0050718e+00   1.0043621e+00   1.0049479e+00   1.0032144e+00   1.0043384e+00   1.0048394e+00   1.0027678e+00   1.0042025e+00   1.0040213e+00   1.0033305e+00   1.0038625e+00   1.0020550e+00   1.0031071e+00   1.0033372e+00   1.0013297e+00   1.0029739e+00   1.0025972e+00   1.0019920e+00   1.0028720e+00   1.0014001e+00   1.0024854e+00   1.0028268e+00   1.0011997e+00   1.0025093e+00   1.0019211e+00   1.0015627e+00   1.0020247e+00   1.0000047e+00   1.0013804e+00   1.0017654e+00   9.9996853e-01   1.0016578e+00   1.0015978e+00   1.0013052e+00   1.0014743e+00   9.9966726e-01   1.0009291e+00   1.0008164e+00   9.9907737e-01   1.0006945e+00   1.0002883e+00   1.0001581e+00   1.0007555e+00   9.9925259e-01   1.0005322e+00   1.0003936e+00   9.9885274e-01   1.0001367e+00   9.9936463e-01   9.9934430e-01   9.9959271e-01   9.9778227e-01   9.9929208e-01   9.9914649e-01   9.9761196e-01   9.9918029e-01   9.9883106e-01   9.9897748e-01   9.9890990e-01   9.9708721e-01   9.9870087e-01   9.9808793e-01   9.9646998e-01   9.9827068e-01   9.9764059e-01   9.9786671e-01   9.9834512e-01   9.9692834e-01   9.9841267e-01   9.9789191e-01   9.9661801e-01   9.9792819e-01   9.9692906e-01   9.9743526e-01   9.9772460e-01   9.9599384e-01   9.9788156e-01   9.9752236e-01   9.9635293e-01   9.9804591e-01   9.9742413e-01   9.9803860e-01   9.9815191e-01   9.9665814e-01   9.9864641e-01   9.9806181e-01   9.9686324e-01   9.9851768e-01   9.9787155e-01   9.9852780e-01   9.9851874e-01   9.9710457e-01   9.9884723e-01   9.9812498e-01   9.9717461e-01   9.9863940e-01   9.9785188e-01   9.9848402e-01   9.9819317e-01   9.9674410e-01   9.9852548e-01   9.9748156e-01   9.9654304e-01   9.9783658e-01   9.9698433e-01   9.9757443e-01   9.9698748e-01   9.9526242e-01   9.9664439e-01   9.9504562e-01   9.9337430e-01   9.9418635e-01   9.9288970e-01   9.9287709e-01
   1.0000000e+00   1.0019602e+00   1.0020408e+00   1.0022228e+00   1.0055973e+00   1.0053865e+00   1.0046898e+00   1.0056517e+00   1.0052092e+00   1.0063153e+00   1.0057448e+00   1.0052373e+00   1.0078588e+00   1.0071174e+00   1.0059480e+00   1.0065699e+00   1.0059161e+00   1.0067700e+00   1.0063726e+00   1.0057010e+00   1.0081797e+00   1.0075344e+00   1.0058634e+00   1.0063929e+00   1.0057246e+00   1.0061203e+00   1.0059265e+00   1.0052593e+00   1.0075538e+00   1.0068377e+00   1.0050103e+00   1.0055655e+00   1.0047856e+00   1.0051799e+00   1.0048110e+00   1.0039628e+00   1.0061674e+00   1.0053789e+00   1.0036239e+00   1.0042709e+00   1.0034557e+00   1.0037273e+00   1.0038731e+00   1.0033046e+00   1.0054599e+00   1.0051196e+00   1.0032818e+00   1.0037022e+00   1.0029044e+00   1.0029684e+00   1.0031129e+00   1.0021762e+00   1.0042025e+00   1.0040660e+00   1.0021476e+00   1.0029295e+00   1.0026209e+00   1.0028235e+00   1.0025801e+00   1.0015831e+00   1.0037034e+00   1.0032046e+00   1.0012987e+00   1.0020548e+00   1.0013919e+00   1.0014696e+00   1.0018533e+00   1.0012672e+00   1.0031450e+00   1.0030086e+00   1.0008639e+00   1.0012287e+00   1.0006758e+00   1.0004436e+00   1.0009516e+00   1.0000021e+00   1.0016693e+00   1.0019158e+00   9.9951871e-01   1.0002735e+00   1.0003440e+00   9.9999198e-01   1.0001773e+00   9.9925760e-01   1.0009827e+00   1.0008997e+00   9.9862760e-01   9.9934071e-01   9.9903739e-01   9.9883878e-01   9.9952670e-01   9.9899876e-01   1.0006848e+00   1.0008486e+00   9.9850607e-01   9.9891102e-01   9.9865374e-01   9.9827785e-01   9.9900977e-01   9.9827390e-01   9.9989734e-01   1.0005684e+00   9.9824119e-01   9.9897171e-01   9.9926416e-01   9.9878703e-01   9.9950123e-01   9.9888715e-01   1.0006183e+00   1.0012565e+00   9.9888820e-01   9.9947599e-01   9.9961764e-01   9.9916728e-01   9.9978945e-01   9.9921951e-01   1.0008263e+00   1.0014180e+00   9.9890371e-01   9.9952817e-01   9.9988776e-01   9.9900714e-01   9.9963175e-01   9.9898624e-01   1.0001183e+00   1.0008273e+00   9.9819851e-01   9.9868212e-01   9.9922731e-01   9.9811437e-01   9.9853941e-01   9.9757290e-01   9.9825865e-01   9.9845543e-01   9.9510435e-01   9.9491736e-01   9.9482380e-01   9.9288375e-01
   1.0013084e+00   1.0020408e+00   1.0051857e+00   1.0086603e+00   1.0131411e+00   1.0141293e+00   1.0102964e+00   1.0084739e+00   1.0071789e+00   1.0066482e+00   1.0090316e+00   1.0115717e+00   1.0154065e+00   1.0158737e+00   1.0115007e+00   1.0094186e+00   1.0078327e+00   1.0074337e+00   1.0096297e+00   1.0119918e+00   1.0158170e+00   1.0160493e+00   1.0116615e+00   1.0092491e+00   1.0074365e+00   1.0069447e+00   1.0090598e+00   1.0114855e+00   1.0152245e+00   1.0152855e+00   1.0108148e+00   1.0084239e+00   1.0065270e+00   1.0059085e+00   1.0080335e+00   1.0101772e+00   1.0138693e+00   1.0138695e+00   1.0093077e+00   1.0071201e+00   1.0050868e+00   1.0046521e+00   1.0070600e+00   1.0094878e+00   1.0133643e+00   1.0134924e+00   1.0091700e+00   1.0065765e+00   1.0043418e+00   1.0040810e+00   1.0061603e+00   1.0082778e+00   1.0121696e+00   1.0123337e+00   1.0081012e+00   1.0058841e+00   1.0040483e+00   1.0037998e+00   1.0056938e+00   1.0077861e+00   1.0116566e+00   1.0114889e+00   1.0071467e+00   1.0049006e+00   1.0028041e+00   1.0026689e+00   1.0048967e+00   1.0073025e+00   1.0112982e+00   1.0111580e+00   1.0068885e+00   1.0042604e+00   1.0018684e+00   1.0018559e+00   1.0037986e+00   1.0058404e+00   1.0099348e+00   1.0098412e+00   1.0056924e+00   1.0033641e+00   1.0013036e+00   1.0014114e+00   1.0031204e+00   1.0051864e+00   1.0092129e+00   1.0088178e+00   1.0046858e+00   1.0023585e+00   1.0001271e+00   1.0002623e+00   1.0023836e+00   1.0048496e+00   1.0090043e+00   1.0086910e+00   1.0046350e+00   1.0020645e+00   9.9955379e-01   9.9989376e-01   1.0018362e+00   1.0039108e+00   1.0083301e+00   1.0082019e+00   1.0044000e+00   1.0021591e+00   9.9996342e-01   1.0005120e+00   1.0023337e+00   1.0046425e+00   1.0090058e+00   1.0088584e+00   1.0050593e+00   1.0025726e+00   1.0004151e+00   1.0008610e+00   1.0026181e+00   1.0049692e+00   1.0092749e+00   1.0089893e+00   1.0051388e+00   1.0027474e+00   1.0005334e+00   1.0009029e+00   1.0024512e+00   1.0044935e+00   1.0088054e+00   1.0083108e+00   1.0044777e+00   1.0019316e+00   9.9954913e-01   1.0000607e+00   1.0013340e+00   1.0031381e+00   1.0069289e+00   1.0059376e+00   1.0014835e+00   9.9802789e-01   9.9490530e-01   9.9417118e-01
   1.0004789e+00   1.0022228e+00   1.0086603e+00   1.0207500e+00   1.0287327e+00   1.0295420e+00   1.0225839e+00   1.0119562e+00   1.0074040e+00   1.0073661e+00   1.0125853e+00   1.0237323e+00   1.0308307e+00   1.0310893e+00   1.0237733e+00   1.0126667e+00   1.0082210e+00   1.0080803e+00   1.0130115e+00   1.0242864e+00   1.0311642e+00   1.0311350e+00   1.0239286e+00   1.0125165e+00   1.0075714e+00   1.0076223e+00   1.0125709e+00   1.0236132e+00   1.0306828e+00   1.0305731e+00   1.0229992e+00   1.0117509e+00   1.0067624e+00   1.0064389e+00   1.0113704e+00   1.0223947e+00   1.0291942e+00   1.0291195e+00   1.0215956e+00   1.0102858e+00   1.0054359e+00   1.0051461e+00   1.0103595e+00   1.0218219e+00   1.0287574e+00   1.0287222e+00   1.0214115e+00   1.0097831e+00   1.0045399e+00   1.0045856e+00   1.0095676e+00   1.0205163e+00   1.0276784e+00   1.0276867e+00   1.0203218e+00   1.0092298e+00   1.0043457e+00   1.0042176e+00   1.0090571e+00   1.0200205e+00   1.0270320e+00   1.0268813e+00   1.0194120e+00   1.0081971e+00   1.0032541e+00   1.0030022e+00   1.0081467e+00   1.0196305e+00   1.0265821e+00   1.0264395e+00   1.0191984e+00   1.0074928e+00   1.0021992e+00   1.0023020e+00   1.0070947e+00   1.0180879e+00   1.0252837e+00   1.0251672e+00   1.0178722e+00   1.0066935e+00   1.0017092e+00   1.0016979e+00   1.0064524e+00   1.0173553e+00   1.0244835e+00   1.0242385e+00   1.0168393e+00   1.0057201e+00   1.0006144e+00   1.0004443e+00   1.0055648e+00   1.0170173e+00   1.0241248e+00   1.0239677e+00   1.0168669e+00   1.0053138e+00   1.0000276e+00   1.0002257e+00   1.0049689e+00   1.0161099e+00   1.0234566e+00   1.0233991e+00   1.0165082e+00   1.0054459e+00   1.0004715e+00   1.0007286e+00   1.0056287e+00   1.0167312e+00   1.0241679e+00   1.0241835e+00   1.0170701e+00   1.0060351e+00   1.0010687e+00   1.0009781e+00   1.0058554e+00   1.0171376e+00   1.0242354e+00   1.0242043e+00   1.0173181e+00   1.0060852e+00   1.0011587e+00   1.0012740e+00   1.0056691e+00   1.0166646e+00   1.0238930e+00   1.0236042e+00   1.0165265e+00   1.0054412e+00   1.0002461e+00   1.0002729e+00   1.0047869e+00   1.0153224e+00   1.0222140e+00   1.0213979e+00   1.0134633e+00   1.0014646e+00   9.9507758e-01   9.9334394e-01
   1.0021469e+00   1.0055973e+00   1.0131411e+00   1.0287327e+00   1.0393007e+00   1.0392744e+00   1.0311232e+00   1.0168181e+00   1.0100801e+00   1.0112015e+00   1.0173849e+00   1.0317414e+00   1.0413586e+00   1.0407744e+00   1.0322132e+00   1.0176624e+00   1.0108481e+00   1.0117198e+00   1.0178670e+00   1.0324375e+00   1.0417436e+00   1.0410124e+00   1.0322523e+00   1.0173671e+00   1.0103566e+00   1.0110939e+00   1.0172664e+00   1.0318451e+00   1.0411694e+00   1.0404805e+00   1.0314348e+00   1.0165372e+00   1.0095483e+00   1.0099315e+00   1.0161560e+00   1.0304950e+00   1.0395160e+00   1.0389444e+00   1.0299312e+00   1.0150894e+00   1.0081757e+00   1.0084711e+00   1.0150747e+00   1.0299831e+00   1.0391270e+00   1.0386733e+00   1.0296366e+00   1.0145123e+00   1.0074223e+00   1.0077738e+00   1.0141929e+00   1.0287722e+00   1.0380080e+00   1.0377211e+00   1.0286660e+00   1.0140376e+00   1.0073023e+00   1.0074804e+00   1.0138912e+00   1.0282176e+00   1.0372635e+00   1.0369770e+00   1.0276737e+00   1.0129808e+00   1.0061759e+00   1.0060594e+00   1.0129301e+00   1.0278133e+00   1.0367704e+00   1.0366261e+00   1.0273662e+00   1.0122595e+00   1.0052484e+00   1.0052148e+00   1.0118729e+00   1.0263344e+00   1.0353454e+00   1.0353596e+00   1.0260246e+00   1.0114874e+00   1.0049435e+00   1.0046269e+00   1.0112326e+00   1.0256558e+00   1.0344549e+00   1.0345002e+00   1.0250258e+00   1.0102896e+00   1.0037621e+00   1.0032882e+00   1.0102532e+00   1.0251806e+00   1.0339905e+00   1.0342481e+00   1.0249461e+00   1.0099677e+00   1.0033061e+00   1.0029185e+00   1.0097244e+00   1.0243745e+00   1.0331880e+00   1.0336255e+00   1.0245209e+00   1.0101672e+00   1.0039181e+00   1.0034683e+00   1.0103638e+00   1.0250966e+00   1.0339784e+00   1.0345690e+00   1.0252145e+00   1.0106664e+00   1.0044984e+00   1.0037222e+00   1.0106506e+00   1.0253875e+00   1.0340175e+00   1.0346834e+00   1.0253872e+00   1.0108798e+00   1.0047529e+00   1.0038645e+00   1.0106099e+00   1.0250280e+00   1.0334909e+00   1.0340358e+00   1.0244571e+00   1.0101817e+00   1.0040336e+00   1.0029188e+00   1.0095955e+00   1.0237844e+00   1.0318623e+00   1.0318695e+00   1.0213749e+00   1.0058953e+00   9.9840561e-01   9.9498940e-01
   1.0037641e+00   1.0053865e+00   1.0141293e+00   1.0295420e+00   1.0392744e+00   1.0405706e+00   1.0312914e+00   1.0176307e+00   1.0116489e+00   1.0111080e+00   1.0184809e+00   1.0325376e+00   1.0413293e+00   1.0420575e+00   1.0324300e+00   1.0184160e+00   1.0123340e+00   1.0117762e+00   1.0188639e+00   1.0330707e+00   1.0417844e+00   1.0420582e+00   1.0323954e+00   1.0181641e+00   1.0117098e+00   1.0111820e+00   1.0181608e+00   1.0323768e+00   1.0412058e+00   1.0414619e+00   1.0316411e+00   1.0172932e+00   1.0107380e+00   1.0100923e+00   1.0171073e+00   1.0309766e+00   1.0394870e+00   1.0397331e+00   1.0299736e+00   1.0156535e+00   1.0091360e+00   1.0086544e+00   1.0158361e+00   1.0302969e+00   1.0392001e+00   1.0392860e+00   1.0296627e+00   1.0151242e+00   1.0083073e+00   1.0080999e+00   1.0149397e+00   1.0290927e+00   1.0382348e+00   1.0383455e+00   1.0289035e+00   1.0147389e+00   1.0081169e+00   1.0078738e+00   1.0147010e+00   1.0286676e+00   1.0375503e+00   1.0375436e+00   1.0278561e+00   1.0135222e+00   1.0068217e+00   1.0065869e+00   1.0135844e+00   1.0280009e+00   1.0371653e+00   1.0370184e+00   1.0275524e+00   1.0129105e+00   1.0057687e+00   1.0058554e+00   1.0124056e+00   1.0265054e+00   1.0359008e+00   1.0356292e+00   1.0264582e+00   1.0122800e+00   1.0053163e+00   1.0054248e+00   1.0119128e+00   1.0258704e+00   1.0350564e+00   1.0346969e+00   1.0253200e+00   1.0110116e+00   1.0040599e+00   1.0041517e+00   1.0108388e+00   1.0251771e+00   1.0345757e+00   1.0342886e+00   1.0252305e+00   1.0106991e+00   1.0034579e+00   1.0038570e+00   1.0102604e+00   1.0243887e+00   1.0339530e+00   1.0335639e+00   1.0249750e+00   1.0110940e+00   1.0040518e+00   1.0046397e+00   1.0110977e+00   1.0252750e+00   1.0349347e+00   1.0345784e+00   1.0257236e+00   1.0115412e+00   1.0045634e+00   1.0050539e+00   1.0114261e+00   1.0255060e+00   1.0350413e+00   1.0347068e+00   1.0260004e+00   1.0118564e+00   1.0047917e+00   1.0053248e+00   1.0113436e+00   1.0252280e+00   1.0347520e+00   1.0339948e+00   1.0252355e+00   1.0112618e+00   1.0039322e+00   1.0044569e+00   1.0103897e+00   1.0239391e+00   1.0331347e+00   1.0318417e+00   1.0221708e+00   1.0068658e+00   9.9818736e-01   9.9657177e-01
   1.0023600e+00   1.0046898e+00   1.0102964e+00   1.0225839e+00   1.0311232e+00   1.0312914e+00   1.0249931e+00   1.0143778e+00   1.0096688e+00   1.0101058e+00   1.0145130e+00   1.0257386e+00   1.0331796e+00   1.0328700e+00   1.0260539e+00   1.0149832e+00   1.0102944e+00   1.0106097e+00   1.0148860e+00   1.0261203e+00   1.0334654e+00   1.0329245e+00   1.0258648e+00   1.0146199e+00   1.0095262e+00   1.0097430e+00   1.0141968e+00   1.0253281e+00   1.0326946e+00   1.0322030e+00   1.0250103e+00   1.0137227e+00   1.0086386e+00   1.0085785e+00   1.0129710e+00   1.0239423e+00   1.0307825e+00   1.0304111e+00   1.0231153e+00   1.0117065e+00   1.0070031e+00   1.0069393e+00   1.0115420e+00   1.0230942e+00   1.0302165e+00   1.0298700e+00   1.0228094e+00   1.0111921e+00   1.0060806e+00   1.0063521e+00   1.0107831e+00   1.0219252e+00   1.0292624e+00   1.0290493e+00   1.0220922e+00   1.0109662e+00   1.0062252e+00   1.0062371e+00   1.0107174e+00   1.0217269e+00   1.0285869e+00   1.0283225e+00   1.0209037e+00   1.0095327e+00   1.0048634e+00   1.0046620e+00   1.0094347e+00   1.0209833e+00   1.0279351e+00   1.0277916e+00   1.0205429e+00   1.0087678e+00   1.0038449e+00   1.0038903e+00   1.0084072e+00   1.0195506e+00   1.0266851e+00   1.0266780e+00   1.0195273e+00   1.0082983e+00   1.0036720e+00   1.0035179e+00   1.0081282e+00   1.0190576e+00   1.0257713e+00   1.0257467e+00   1.0181687e+00   1.0068576e+00   1.0023060e+00   1.0019083e+00   1.0068954e+00   1.0183297e+00   1.0251804e+00   1.0253374e+00   1.0180512e+00   1.0064106e+00   1.0017406e+00   1.0017119e+00   1.0063091e+00   1.0175458e+00   1.0246622e+00   1.0249041e+00   1.0179724e+00   1.0069692e+00   1.0025417e+00   1.0025358e+00   1.0075313e+00   1.0186661e+00   1.0257144e+00   1.0261171e+00   1.0187133e+00   1.0075967e+00   1.0031315e+00   1.0028712e+00   1.0078907e+00   1.0190049e+00   1.0259531e+00   1.0264359e+00   1.0190931e+00   1.0079029e+00   1.0036290e+00   1.0032909e+00   1.0079250e+00   1.0188861e+00   1.0256182e+00   1.0258947e+00   1.0184836e+00   1.0073239e+00   1.0029317e+00   1.0024859e+00   1.0071512e+00   1.0176760e+00   1.0239189e+00   1.0237415e+00   1.0152602e+00   1.0030609e+00   9.9748629e-01   9.9517320e-01
   1.0040846e+00   1.0056517e+00   1.0084739e+00   1.0119562e+00   1.0168181e+00   1.0176307e+00   1.0143778e+00   1.0122705e+00   1.0105754e+00   1.0106229e+00   1.0125383e+00   1.0149682e+00   1.0190946e+00   1.0192506e+00   1.0153436e+00   1.0131404e+00   1.0110916e+00   1.0111602e+00   1.0132493e+00   1.0152841e+00   1.0193925e+00   1.0193713e+00   1.0150408e+00   1.0126939e+00   1.0103650e+00   1.0101356e+00   1.0122684e+00   1.0145520e+00   1.0184534e+00   1.0183714e+00   1.0141692e+00   1.0116203e+00   1.0092814e+00   1.0090003e+00   1.0109024e+00   1.0128139e+00   1.0165777e+00   1.0163443e+00   1.0119355e+00   1.0096302e+00   1.0073991e+00   1.0072027e+00   1.0094355e+00   1.0118049e+00   1.0157762e+00   1.0157054e+00   1.0116094e+00   1.0089783e+00   1.0065592e+00   1.0066191e+00   1.0085769e+00   1.0108386e+00   1.0149459e+00   1.0149705e+00   1.0111287e+00   1.0088336e+00   1.0068347e+00   1.0067572e+00   1.0085719e+00   1.0106630e+00   1.0144071e+00   1.0141378e+00   1.0097922e+00   1.0074216e+00   1.0051995e+00   1.0050622e+00   1.0073462e+00   1.0096890e+00   1.0136677e+00   1.0135245e+00   1.0092613e+00   1.0066923e+00   1.0042400e+00   1.0042180e+00   1.0062822e+00   1.0084425e+00   1.0125249e+00   1.0125225e+00   1.0084902e+00   1.0061562e+00   1.0041722e+00   1.0041043e+00   1.0059746e+00   1.0081110e+00   1.0117390e+00   1.0114756e+00   1.0071238e+00   1.0046562e+00   1.0025456e+00   1.0023571e+00   1.0046632e+00   1.0071609e+00   1.0110808e+00   1.0109626e+00   1.0068165e+00   1.0043119e+00   1.0019774e+00   1.0020773e+00   1.0042172e+00   1.0064108e+00   1.0106753e+00   1.0107824e+00   1.0069123e+00   1.0049086e+00   1.0029418e+00   1.0031540e+00   1.0054174e+00   1.0078821e+00   1.0119695e+00   1.0119666e+00   1.0080139e+00   1.0056755e+00   1.0035099e+00   1.0036907e+00   1.0059556e+00   1.0082449e+00   1.0124866e+00   1.0124585e+00   1.0083391e+00   1.0062693e+00   1.0041689e+00   1.0040738e+00   1.0060753e+00   1.0082444e+00   1.0120922e+00   1.0119119e+00   1.0077985e+00   1.0053552e+00   1.0034400e+00   1.0033800e+00   1.0050452e+00   1.0071342e+00   1.0103544e+00   1.0095409e+00   1.0047097e+00   1.0012408e+00   9.9843547e-01   9.9687893e-01
   1.0046657e+00   1.0052092e+00   1.0071789e+00   1.0074040e+00   1.0100801e+00   1.0116489e+00   1.0096688e+00   1.0105754e+00   1.0106434e+00   1.0100782e+00   1.0111275e+00   1.0106027e+00   1.0123286e+00   1.0132440e+00   1.0107337e+00   1.0112242e+00   1.0110881e+00   1.0105566e+00   1.0115036e+00   1.0107906e+00   1.0125904e+00   1.0131353e+00   1.0103253e+00   1.0108537e+00   1.0103269e+00   1.0094962e+00   1.0106147e+00   1.0098907e+00   1.0116720e+00   1.0120548e+00   1.0094007e+00   1.0098190e+00   1.0090659e+00   1.0084407e+00   1.0091879e+00   1.0081129e+00   1.0097064e+00   1.0098525e+00   1.0070235e+00   1.0074886e+00   1.0069595e+00   1.0064210e+00   1.0073585e+00   1.0068963e+00   1.0087545e+00   1.0090136e+00   1.0066477e+00   1.0069651e+00   1.0061711e+00   1.0059204e+00   1.0066349e+00   1.0058652e+00   1.0081172e+00   1.0084114e+00   1.0062942e+00   1.0071289e+00   1.0066034e+00   1.0063683e+00   1.0068777e+00   1.0059042e+00   1.0076352e+00   1.0074954e+00   1.0048950e+00   1.0053277e+00   1.0046979e+00   1.0045018e+00   1.0052669e+00   1.0048413e+00   1.0068259e+00   1.0066814e+00   1.0044189e+00   1.0046154e+00   1.0036743e+00   1.0037102e+00   1.0041790e+00   1.0035450e+00   1.0058903e+00   1.0057541e+00   1.0037350e+00   1.0044585e+00   1.0037668e+00   1.0038548e+00   1.0042521e+00   1.0032736e+00   1.0051914e+00   1.0046582e+00   1.0021608e+00   1.0027091e+00   1.0018250e+00   1.0019484e+00   1.0026288e+00   1.0021992e+00   1.0044099e+00   1.0039602e+00   1.0019254e+00   1.0022291e+00   1.0011734e+00   1.0016175e+00   1.0020586e+00   1.0015075e+00   1.0042153e+00   1.0039414e+00   1.0022322e+00   1.0031945e+00   1.0023634e+00   1.0029180e+00   1.0036060e+00   1.0031231e+00   1.0056893e+00   1.0052243e+00   1.0033738e+00   1.0040296e+00   1.0028548e+00   1.0036328e+00   1.0041169e+00   1.0035427e+00   1.0062910e+00   1.0057018e+00   1.0038631e+00   1.0045353e+00   1.0035579e+00   1.0040530e+00   1.0041692e+00   1.0036537e+00   1.0061214e+00   1.0051951e+00   1.0034501e+00   1.0039546e+00   1.0028937e+00   1.0034315e+00   1.0033633e+00   1.0024500e+00   1.0044068e+00   1.0028504e+00   1.0001790e+00   9.9995007e-01   9.9799354e-01   9.9744886e-01
   1.0040488e+00   1.0063153e+00   1.0066482e+00   1.0073661e+00   1.0112015e+00   1.0111080e+00   1.0101058e+00   1.0106229e+00   1.0100782e+00   1.0109902e+00   1.0107532e+00   1.0106745e+00   1.0133619e+00   1.0128107e+00   1.0111886e+00   1.0113123e+00   1.0105022e+00   1.0113186e+00   1.0110752e+00   1.0107619e+00   1.0135864e+00   1.0126614e+00   1.0106978e+00   1.0108337e+00   1.0097641e+00   1.0102199e+00   1.0100765e+00   1.0098713e+00   1.0124735e+00   1.0116016e+00   1.0096008e+00   1.0095167e+00   1.0084667e+00   1.0088330e+00   1.0086565e+00   1.0081322e+00   1.0102253e+00   1.0095611e+00   1.0071287e+00   1.0070009e+00   1.0063294e+00   1.0064333e+00   1.0065271e+00   1.0066882e+00   1.0090529e+00   1.0085100e+00   1.0067542e+00   1.0065089e+00   1.0055675e+00   1.0060234e+00   1.0058344e+00   1.0057633e+00   1.0084831e+00   1.0082436e+00   1.0064982e+00   1.0067428e+00   1.0063852e+00   1.0064919e+00   1.0064247e+00   1.0059941e+00   1.0078136e+00   1.0075014e+00   1.0049520e+00   1.0048098e+00   1.0044575e+00   1.0042769e+00   1.0046952e+00   1.0047863e+00   1.0066781e+00   1.0065360e+00   1.0043593e+00   1.0040356e+00   1.0034444e+00   1.0034602e+00   1.0036559e+00   1.0035934e+00   1.0058775e+00   1.0059178e+00   1.0038051e+00   1.0039811e+00   1.0038674e+00   1.0036093e+00   1.0038430e+00   1.0034519e+00   1.0049937e+00   1.0050022e+00   1.0020299e+00   1.0018745e+00   1.0018998e+00   1.0013094e+00   1.0021429e+00   1.0022771e+00   1.0038709e+00   1.0042342e+00   1.0016874e+00   1.0013661e+00   1.0011577e+00   1.0009517e+00   1.0015441e+00   1.0015859e+00   1.0038935e+00   1.0044387e+00   1.0022258e+00   1.0026354e+00   1.0027302e+00   1.0022915e+00   1.0032776e+00   1.0032998e+00   1.0052150e+00   1.0060052e+00   1.0033329e+00   1.0034667e+00   1.0035568e+00   1.0030483e+00   1.0040726e+00   1.0038982e+00   1.0058002e+00   1.0066747e+00   1.0038181e+00   1.0040905e+00   1.0043009e+00   1.0034568e+00   1.0042397e+00   1.0040921e+00   1.0056797e+00   1.0062020e+00   1.0035096e+00   1.0035699e+00   1.0037860e+00   1.0028681e+00   1.0033972e+00   1.0028748e+00   1.0038615e+00   1.0039424e+00   1.0001303e+00   9.9941569e-01   9.9908210e-01   9.9682920e-01
   1.0048907e+00   1.0057448e+00   1.0090316e+00   1.0125853e+00   1.0173849e+00   1.0184809e+00   1.0145130e+00   1.0125383e+00   1.0111275e+00   1.0107532e+00   1.0131057e+00   1.0156507e+00   1.0196676e+00   1.0200374e+00   1.0154984e+00   1.0133628e+00   1.0115270e+00   1.0110402e+00   1.0135351e+00   1.0158031e+00   1.0197302e+00   1.0198658e+00   1.0150121e+00   1.0127571e+00   1.0107061e+00   1.0100296e+00   1.0124565e+00   1.0148479e+00   1.0186835e+00   1.0187215e+00   1.0139811e+00   1.0112948e+00   1.0091400e+00   1.0087151e+00   1.0107403e+00   1.0127998e+00   1.0165137e+00   1.0163143e+00   1.0113423e+00   1.0087211e+00   1.0066315e+00   1.0060215e+00   1.0084980e+00   1.0111931e+00   1.0150806e+00   1.0152084e+00   1.0108501e+00   1.0080922e+00   1.0059168e+00   1.0057726e+00   1.0078468e+00   1.0104988e+00   1.0148382e+00   1.0151160e+00   1.0109825e+00   1.0085754e+00   1.0068126e+00   1.0066243e+00   1.0084167e+00   1.0106505e+00   1.0144302e+00   1.0141327e+00   1.0094097e+00   1.0066809e+00   1.0045340e+00   1.0042444e+00   1.0065134e+00   1.0090883e+00   1.0130561e+00   1.0129096e+00   1.0086475e+00   1.0058386e+00   1.0033987e+00   1.0035279e+00   1.0055206e+00   1.0080336e+00   1.0124757e+00   1.0124909e+00   1.0084148e+00   1.0059295e+00   1.0039661e+00   1.0040074e+00   1.0056411e+00   1.0078902e+00   1.0118036e+00   1.0112840e+00   1.0066981e+00   1.0038314e+00   1.0016026e+00   1.0016210e+00   1.0036820e+00   1.0063113e+00   1.0104940e+00   1.0101756e+00   1.0061184e+00   1.0032812e+00   1.0006962e+00   1.0012152e+00   1.0032181e+00   1.0057355e+00   1.0105718e+00   1.0106443e+00   1.0068240e+00   1.0046648e+00   1.0025696e+00   1.0029298e+00   1.0050101e+00   1.0076205e+00   1.0122570e+00   1.0121346e+00   1.0082452e+00   1.0057927e+00   1.0033292e+00   1.0039623e+00   1.0059537e+00   1.0081597e+00   1.0129323e+00   1.0127462e+00   1.0088039e+00   1.0065015e+00   1.0039966e+00   1.0044576e+00   1.0062514e+00   1.0083569e+00   1.0128349e+00   1.0124408e+00   1.0084335e+00   1.0058794e+00   1.0035348e+00   1.0038962e+00   1.0052811e+00   1.0072389e+00   1.0111628e+00   1.0100634e+00   1.0052973e+00   1.0017648e+00   9.9850239e-01   9.9765329e-01
   1.0035634e+00   1.0052373e+00   1.0115717e+00   1.0237323e+00   1.0317414e+00   1.0325376e+00   1.0257386e+00   1.0149682e+00   1.0106027e+00   1.0106745e+00   1.0156507e+00   1.0269446e+00   1.0340017e+00   1.0341004e+00   1.0267336e+00   1.0154832e+00   1.0109684e+00   1.0108651e+00   1.0157558e+00   1.0269096e+00   1.0338141e+00   1.0337899e+00   1.0261894e+00   1.0147626e+00   1.0100529e+00   1.0096498e+00   1.0145620e+00   1.0259452e+00   1.0326604e+00   1.0325228e+00   1.0250768e+00   1.0132669e+00   1.0083255e+00   1.0082558e+00   1.0128255e+00   1.0239211e+00   1.0305997e+00   1.0301069e+00   1.0221964e+00   1.0102419e+00   1.0054344e+00   1.0050618e+00   1.0099916e+00   1.0218590e+00   1.0287439e+00   1.0288009e+00   1.0216132e+00   1.0095734e+00   1.0047253e+00   1.0047492e+00   1.0095415e+00   1.0212967e+00   1.0286836e+00   1.0290409e+00   1.0220674e+00   1.0107091e+00   1.0061044e+00   1.0060089e+00   1.0106017e+00   1.0218113e+00   1.0284729e+00   1.0280192e+00   1.0202670e+00   1.0083119e+00   1.0035131e+00   1.0031994e+00   1.0080149e+00   1.0198745e+00   1.0267199e+00   1.0265700e+00   1.0194121e+00   1.0073177e+00   1.0023462e+00   1.0024969e+00   1.0071428e+00   1.0188551e+00   1.0262958e+00   1.0264568e+00   1.0194923e+00   1.0080587e+00   1.0033148e+00   1.0032605e+00   1.0077315e+00   1.0188851e+00   1.0256037e+00   1.0250016e+00   1.0173750e+00   1.0054506e+00   1.0005326e+00   1.0003834e+00   1.0051029e+00   1.0169582e+00   1.0239334e+00   1.0236807e+00   1.0166446e+00   1.0046945e+00   9.9968998e-01   9.9997680e-01   1.0046806e+00   1.0164676e+00   1.0242088e+00   1.0245668e+00   1.0177999e+00   1.0066773e+00   1.0020657e+00   1.0020753e+00   1.0069313e+00   1.0185910e+00   1.0259041e+00   1.0259549e+00   1.0192015e+00   1.0078365e+00   1.0029095e+00   1.0032727e+00   1.0079198e+00   1.0192161e+00   1.0267119e+00   1.0266826e+00   1.0197765e+00   1.0086737e+00   1.0037889e+00   1.0038701e+00   1.0083414e+00   1.0194763e+00   1.0267580e+00   1.0266338e+00   1.0196005e+00   1.0083821e+00   1.0034303e+00   1.0033489e+00   1.0076798e+00   1.0183513e+00   1.0250857e+00   1.0242866e+00   1.0163330e+00   1.0042649e+00   9.9797660e-01   9.9631757e-01
   1.0044836e+00   1.0078588e+00   1.0154065e+00   1.0308307e+00   1.0413586e+00   1.0413293e+00   1.0331796e+00   1.0190946e+00   1.0123286e+00   1.0133619e+00   1.0196676e+00   1.0340017e+00   1.0435468e+00   1.0429872e+00   1.0341585e+00   1.0195471e+00   1.0127698e+00   1.0136049e+00   1.0196718e+00   1.0339070e+00   1.0432489e+00   1.0425005e+00   1.0334922e+00   1.0187258e+00   1.0117320e+00   1.0122345e+00   1.0183987e+00   1.0329363e+00   1.0419682e+00   1.0410894e+00   1.0321087e+00   1.0169806e+00   1.0097603e+00   1.0102967e+00   1.0163569e+00   1.0306126e+00   1.0395610e+00   1.0386102e+00   1.0289603e+00   1.0134937e+00   1.0065314e+00   1.0066180e+00   1.0128467e+00   1.0279711e+00   1.0370889e+00   1.0367144e+00   1.0279809e+00   1.0126416e+00   1.0058383e+00   1.0064335e+00   1.0128537e+00   1.0280466e+00   1.0377084e+00   1.0377686e+00   1.0289935e+00   1.0142858e+00   1.0076672e+00   1.0077779e+00   1.0141242e+00   1.0286100e+00   1.0373588e+00   1.0368493e+00   1.0270983e+00   1.0117347e+00   1.0050027e+00   1.0046180e+00   1.0111114e+00   1.0261253e+00   1.0348620e+00   1.0347092e+00   1.0256456e+00   1.0103940e+00   1.0037512e+00   1.0039670e+00   1.0105435e+00   1.0256484e+00   1.0350640e+00   1.0352723e+00   1.0262170e+00   1.0115138e+00   1.0050250e+00   1.0047649e+00   1.0112445e+00   1.0257234e+00   1.0342191e+00   1.0339097e+00   1.0240102e+00   1.0086678e+00   1.0021406e+00   1.0014178e+00   1.0080912e+00   1.0232197e+00   1.0317095e+00   1.0318879e+00   1.0226298e+00   1.0074506e+00   1.0011696e+00   1.0009986e+00   1.0078498e+00   1.0231225e+00   1.0325764e+00   1.0333879e+00   1.0243705e+00   1.0101147e+00   1.0040331e+00   1.0034433e+00   1.0105633e+00   1.0255152e+00   1.0343395e+00   1.0351245e+00   1.0260752e+00   1.0115828e+00   1.0054285e+00   1.0048916e+00   1.0118030e+00   1.0264213e+00   1.0353012e+00   1.0359919e+00   1.0266734e+00   1.0125090e+00   1.0064707e+00   1.0056249e+00   1.0123295e+00   1.0268079e+00   1.0355384e+00   1.0360634e+00   1.0265707e+00   1.0123286e+00   1.0060633e+00   1.0050340e+00   1.0117366e+00   1.0257041e+00   1.0337808e+00   1.0338006e+00   1.0233479e+00   1.0080386e+00   1.0005495e+00   9.9719850e-01
   1.0055109e+00   1.0071174e+00   1.0158737e+00   1.0310893e+00   1.0407744e+00   1.0420575e+00   1.0328700e+00   1.0192506e+00   1.0132440e+00   1.0128107e+00   1.0200374e+00   1.0341004e+00   1.0429872e+00   1.0434498e+00   1.0337183e+00   1.0197236e+00   1.0134381e+00   1.0127611e+00   1.0199686e+00   1.0338554e+00   1.0423571e+00   1.0427525e+00   1.0327545e+00   1.0185982e+00   1.0121929e+00   1.0112890e+00   1.0184718e+00   1.0326866e+00   1.0410787e+00   1.0412452e+00   1.0314155e+00   1.0167200e+00   1.0099747e+00   1.0095466e+00   1.0161595e+00   1.0299432e+00   1.0384808e+00   1.0379746e+00   1.0277144e+00   1.0126517e+00   1.0056691e+00   1.0048912e+00   1.0117039e+00   1.0263248e+00   1.0349191e+00   1.0351355e+00   1.0258759e+00   1.0111944e+00   1.0048893e+00   1.0049732e+00   1.0122564e+00   1.0272722e+00   1.0368431e+00   1.0374502e+00   1.0282226e+00   1.0140709e+00   1.0075661e+00   1.0073975e+00   1.0140079e+00   1.0280188e+00   1.0368109e+00   1.0362425e+00   1.0261914e+00   1.0110032e+00   1.0038599e+00   1.0033145e+00   1.0097905e+00   1.0242820e+00   1.0329977e+00   1.0328441e+00   1.0238027e+00   1.0090695e+00   1.0024374e+00   1.0028121e+00   1.0097894e+00   1.0247090e+00   1.0344197e+00   1.0346784e+00   1.0255808e+00   1.0113529e+00   1.0045970e+00   1.0046164e+00   1.0109730e+00   1.0248893e+00   1.0338344e+00   1.0329719e+00   1.0231714e+00   1.0080103e+00   1.0006190e+00   1.0004155e+00   1.0065823e+00   1.0210443e+00   1.0300601e+00   1.0296435e+00   1.0209205e+00   1.0062504e+00   9.9938625e-01   1.0000899e+00   1.0069538e+00   1.0218165e+00   1.0318784e+00   1.0322416e+00   1.0236417e+00   1.0098616e+00   1.0032289e+00   1.0036040e+00   1.0102475e+00   1.0247660e+00   1.0344351e+00   1.0341792e+00   1.0257736e+00   1.0116077e+00   1.0044405e+00   1.0053097e+00   1.0116328e+00   1.0256384e+00   1.0355084e+00   1.0350605e+00   1.0265806e+00   1.0127690e+00   1.0055967e+00   1.0062518e+00   1.0124697e+00   1.0263338e+00   1.0359637e+00   1.0354784e+00   1.0266377e+00   1.0126673e+00   1.0054855e+00   1.0059072e+00   1.0118619e+00   1.0253680e+00   1.0344780e+00   1.0331967e+00   1.0235791e+00   1.0084774e+00   9.9978546e-01   9.9819277e-01
   1.0036862e+00   1.0059480e+00   1.0115007e+00   1.0237733e+00   1.0322132e+00   1.0324300e+00   1.0260539e+00   1.0153436e+00   1.0107337e+00   1.0111886e+00   1.0154984e+00   1.0267336e+00   1.0341585e+00   1.0337183e+00   1.0268965e+00   1.0157140e+00   1.0107748e+00   1.0110215e+00   1.0153311e+00   1.0263600e+00   1.0335023e+00   1.0328698e+00   1.0255427e+00   1.0141863e+00   1.0092496e+00   1.0091502e+00   1.0134162e+00   1.0248096e+00   1.0317188e+00   1.0310853e+00   1.0238810e+00   1.0120033e+00   1.0068558e+00   1.0069492e+00   1.0109286e+00   1.0217324e+00   1.0284996e+00   1.0274211e+00   1.0196270e+00   1.0072826e+00   1.0017838e+00   1.0012535e+00   1.0051031e+00   1.0164999e+00   1.0231531e+00   1.0227981e+00   1.0163237e+00   1.0048885e+00   1.0006796e+00   1.0015551e+00   1.0065613e+00   1.0188689e+00   1.0268178e+00   1.0271780e+00   1.0204108e+00   1.0092595e+00   1.0046680e+00   1.0046891e+00   1.0091168e+00   1.0201526e+00   1.0268498e+00   1.0261055e+00   1.0180757e+00   1.0056092e+00   1.0002961e+00   9.9948498e-01   1.0034317e+00   1.0147738e+00   1.0211428e+00   1.0209943e+00   1.0143079e+00   1.0027214e+00   9.9860839e-01   9.9923656e-01   1.0043737e+00   1.0165722e+00   1.0242679e+00   1.0247069e+00   1.0177033e+00   1.0064428e+00   1.0018549e+00   1.0016732e+00   1.0061183e+00   1.0170433e+00   1.0235416e+00   1.0229385e+00   1.0147517e+00   1.0022881e+00   9.9716653e-01   9.9615888e-01   1.0002387e+00   1.0114694e+00   1.0177143e+00   1.0178870e+00   1.0110973e+00   9.9963673e-01   9.9572675e-01   9.9617252e-01   1.0015607e+00   1.0137185e+00   1.0213283e+00   1.0222769e+00   1.0154363e+00   1.0046204e+00   1.0006081e+00   1.0004556e+00   1.0055129e+00   1.0172286e+00   1.0242923e+00   1.0248422e+00   1.0179098e+00   1.0065523e+00   1.0022849e+00   1.0023476e+00   1.0072152e+00   1.0184361e+00   1.0256524e+00   1.0262335e+00   1.0191067e+00   1.0081398e+00   1.0038403e+00   1.0035770e+00   1.0084626e+00   1.0195314e+00   1.0262746e+00   1.0266887e+00   1.0193023e+00   1.0081438e+00   1.0038528e+00   1.0033925e+00   1.0079615e+00   1.0185801e+00   1.0248985e+00   1.0246751e+00   1.0162976e+00   1.0041181e+00   9.9860424e-01   9.9636032e-01
   1.0051203e+00   1.0065699e+00   1.0094186e+00   1.0126667e+00   1.0176624e+00   1.0184160e+00   1.0149832e+00   1.0131404e+00   1.0112242e+00   1.0113123e+00   1.0133628e+00   1.0154832e+00   1.0195471e+00   1.0197236e+00   1.0157140e+00   1.0134169e+00   1.0112996e+00   1.0111793e+00   1.0131453e+00   1.0150636e+00   1.0189088e+00   1.0187396e+00   1.0141774e+00   1.0118542e+00   1.0095243e+00   1.0090818e+00   1.0111738e+00   1.0131794e+00   1.0169270e+00   1.0166261e+00   1.0122196e+00   1.0095479e+00   1.0068339e+00   1.0065470e+00   1.0081708e+00   1.0095701e+00   1.0130110e+00   1.0121560e+00   1.0071195e+00   1.0037776e+00   1.0006889e+00   9.9969631e-01   1.0005890e+00   1.0022632e+00   1.0054612e+00   1.0054388e+00   1.0022532e+00   1.0005375e+00   9.9943761e-01   1.0004532e+00   1.0034091e+00   1.0065192e+00   1.0116120e+00   1.0122939e+00   1.0086694e+00   1.0068772e+00   1.0047785e+00   1.0047590e+00   1.0066770e+00   1.0083349e+00   1.0118711e+00   1.0109977e+00   1.0057997e+00   1.0024746e+00   9.9935898e-01   9.9824857e-01   9.9919211e-01   1.0007575e+00   1.0038365e+00   1.0036898e+00   1.0003091e+00   9.9849442e-01   9.9736305e-01   9.9828512e-01   1.0012125e+00   1.0042913e+00   1.0091771e+00   1.0097398e+00   1.0058971e+00   1.0039810e+00   1.0018728e+00   1.0017315e+00   1.0036872e+00   1.0053003e+00   1.0086910e+00   1.0077623e+00   1.0024248e+00   9.9911360e-01   9.9600604e-01   9.9485857e-01   9.9584447e-01   9.9741863e-01   1.0004161e+00   1.0002595e+00   9.9691481e-01   9.9511744e-01   9.9412800e-01   9.9503264e-01   9.9802278e-01   1.0012473e+00   1.0061359e+00   1.0068611e+00   1.0033313e+00   1.0018462e+00   1.0001581e+00   1.0003837e+00   1.0030203e+00   1.0056079e+00   1.0099041e+00   1.0101299e+00   1.0063448e+00   1.0042940e+00   1.0021803e+00   1.0025811e+00   1.0048520e+00   1.0071244e+00   1.0115980e+00   1.0117272e+00   1.0078839e+00   1.0059377e+00   1.0039711e+00   1.0040716e+00   1.0061463e+00   1.0084155e+00   1.0123666e+00   1.0121719e+00   1.0081283e+00   1.0059967e+00   1.0039571e+00   1.0038609e+00   1.0057493e+00   1.0075786e+00   1.0109736e+00   1.0102216e+00   1.0052617e+00   1.0020306e+00   9.9920513e-01   9.9776242e-01
   1.0053830e+00   1.0059161e+00   1.0078327e+00   1.0082210e+00   1.0108481e+00   1.0123340e+00   1.0102944e+00   1.0110916e+00   1.0110881e+00   1.0105022e+00   1.0115270e+00   1.0109684e+00   1.0127698e+00   1.0134381e+00   1.0107748e+00   1.0112996e+00   1.0108546e+00   1.0101774e+00   1.0112332e+00   1.0102183e+00   1.0117796e+00   1.0122189e+00   1.0089506e+00   1.0092965e+00   1.0087814e+00   1.0076534e+00   1.0087726e+00   1.0082526e+00   1.0096353e+00   1.0099310e+00   1.0072147e+00   1.0071059e+00   1.0061782e+00   1.0054596e+00   1.0058319e+00   1.0044882e+00   1.0058643e+00   1.0051117e+00   1.0014219e+00   1.0007094e+00   9.9871641e-01   9.9696809e-01   9.9622246e-01   9.9418601e-01   9.9485536e-01   9.9520084e-01   9.9401685e-01   9.9589290e-01   9.9698147e-01   9.9810815e-01   1.0003646e+00   1.0011128e+00   1.0044327e+00   1.0056180e+00   1.0038727e+00   1.0048748e+00   1.0043713e+00   1.0042092e+00   1.0047302e+00   1.0036138e+00   1.0050804e+00   1.0039806e+00   1.0003289e+00   9.9939099e-01   9.9719913e-01   9.9571793e-01   9.9467258e-01   9.9261566e-01   9.9345424e-01   9.9330915e-01   9.9217806e-01   9.9398369e-01   9.9482846e-01   9.9611610e-01   9.9811185e-01   9.9880754e-01   1.0021524e+00   1.0029370e+00   1.0011627e+00   1.0020071e+00   1.0012818e+00   1.0012815e+00   1.0016423e+00   1.0004795e+00   1.0020056e+00   1.0005725e+00   9.9701148e-01   9.9604096e-01   9.9361699e-01   9.9236372e-01   9.9116457e-01   9.8917749e-01   9.9019929e-01   9.8967907e-01   9.8886125e-01   9.9074640e-01   9.9137524e-01   9.9303067e-01   9.9492501e-01   9.9554350e-01   9.9910505e-01   9.9972961e-01   9.9825088e-01   9.9948621e-01   9.9903422e-01   9.9968471e-01   1.0005497e+00   1.0005990e+00   1.0032304e+00   1.0028685e+00   1.0014260e+00   1.0018852e+00   1.0007265e+00   1.0018049e+00   1.0022862e+00   1.0019036e+00   1.0051087e+00   1.0046378e+00   1.0030456e+00   1.0040273e+00   1.0029515e+00   1.0035975e+00   1.0040316e+00   1.0034885e+00   1.0061146e+00   1.0054362e+00   1.0036232e+00   1.0041666e+00   1.0031346e+00   1.0037046e+00   1.0037071e+00   1.0029068e+00   1.0049241e+00   1.0034465e+00   1.0008312e+00   1.0004438e+00   9.9853907e-01   9.9801006e-01
   1.0047150e+00   1.0067700e+00   1.0074337e+00   1.0080803e+00   1.0117198e+00   1.0117762e+00   1.0106097e+00   1.0111602e+00   1.0105566e+00   1.0113186e+00   1.0110402e+00   1.0108651e+00   1.0136049e+00   1.0127611e+00   1.0110215e+00   1.0111793e+00   1.0101774e+00   1.0108700e+00   1.0106490e+00   1.0100992e+00   1.0124991e+00   1.0115135e+00   1.0090172e+00   1.0088363e+00   1.0076939e+00   1.0077812e+00   1.0078030e+00   1.0075958e+00   1.0097698e+00   1.0088490e+00   1.0068347e+00   1.0064311e+00   1.0050643e+00   1.0052880e+00   1.0047207e+00   1.0038363e+00   1.0058050e+00   1.0041247e+00   1.0007597e+00   9.9936730e-01   9.9677761e-01   9.9492106e-01   9.9247057e-01   9.9001665e-01   9.9017366e-01   9.8981870e-01   9.9015590e-01   9.9255465e-01   9.9429235e-01   9.9679755e-01   9.9876915e-01   1.0000807e+00   1.0040232e+00   1.0048712e+00   1.0035262e+00   1.0043284e+00   1.0039297e+00   1.0040202e+00   1.0040801e+00   1.0031660e+00   1.0046904e+00   1.0033269e+00   9.9947755e-01   9.9804532e-01   9.9565282e-01   9.9341196e-01   9.9128364e-01   9.8878534e-01   9.8855329e-01   9.8841027e-01   9.8834654e-01   9.9058967e-01   9.9251426e-01   9.9455314e-01   9.9675092e-01   9.9793667e-01   1.0014653e+00   1.0025126e+00   1.0006709e+00   1.0013016e+00   1.0010398e+00   1.0007826e+00   1.0010457e+00   1.0000841e+00   1.0012004e+00   1.0001131e+00   9.9592114e-01   9.9438030e-01   9.9224939e-01   9.8961392e-01   9.8777889e-01   9.8528085e-01   9.8478448e-01   9.8498297e-01   9.8466999e-01   9.8696327e-01   9.8929524e-01   9.9104310e-01   9.9353467e-01   9.9483397e-01   9.9806752e-01   9.9962646e-01   9.9755253e-01   9.9832695e-01   9.9881514e-01   9.9852440e-01   9.9982921e-01   1.0001752e+00   1.0021136e+00   1.0029644e+00   1.0007334e+00   1.0008842e+00   1.0008179e+00   1.0006849e+00   1.0017881e+00   1.0019344e+00   1.0043769e+00   1.0053200e+00   1.0028990e+00   1.0034164e+00   1.0036117e+00   1.0029027e+00   1.0038836e+00   1.0037104e+00   1.0054199e+00   1.0062386e+00   1.0034991e+00   1.0036620e+00   1.0039295e+00   1.0031610e+00   1.0037548e+00   1.0032016e+00   1.0043519e+00   1.0042906e+00   1.0006734e+00   1.0000304e+00   9.9937001e-01   9.9732762e-01
