   3.0776554e-01   3.0727893e-01   3.0585038e-01   3.0450604e-01   3.0305124e-01   3.0247705e-01   3.0293522e-01   3.0319639e-01   3.0376962e-01   3.0357987e-01   3.0247331e-01   3.0160700e-01   3.0058476e-01   3.0039192e-01   3.0118624e-01   3.0174267e-01   3.0256133e-01   3.0264762e-01   3.0176519e-01   3.0119859e-01   3.0041683e-01   3.0046332e-01   3.0143667e-01   3.0216010e-01   3.0313424e-01   3.0331819e-01   3.0261785e-01   3.0218953e-01   3.0154244e-01   3.0167521e-01   3.0273720e-01   3.0348911e-01   3.0447604e-01   3.0469964e-01   3.0399670e-01   3.0361256e-01   3.0298399e-01   3.0312772e-01   3.0414784e-01   3.0486730e-01   3.0585189e-01   3.0606970e-01   3.0541529e-01   3.0503132e-01   3.0436525e-01   3.0444310e-01   3.0530731e-01   3.0584691e-01   3.0659941e-01   3.0652693e-01   3.0563325e-01   3.0503010e-01   3.0419959e-01   3.0420525e-01   3.0509431e-01   3.0569417e-01   3.0655997e-01   3.0658888e-01   3.0571088e-01   3.0512213e-01   3.0428307e-01   3.0428919e-01   3.0517467e-01   3.0580624e-01   3.0671201e-01   3.0683518e-01   3.0609744e-01   3.0560203e-01   3.0481524e-01   3.0481524e-01   3.0560203e-01   3.0609744e-01   3.0683518e-01   3.0671201e-01   3.0580624e-01   3.0517467e-01   3.0428919e-01   3.0428307e-01   3.0512213e-01   3.0571088e-01   3.0658888e-01   3.0655997e-01   3.0569417e-01   3.0509431e-01   3.0420525e-01   3.0419959e-01   3.0503010e-01   3.0563325e-01   3.0652693e-01   3.0659941e-01   3.0584691e-01   3.0530731e-01   3.0444310e-01   3.0436525e-01   3.0503132e-01   3.0541529e-01   3.0606970e-01   3.0585189e-01   3.0486730e-01   3.0414784e-01   3.0312772e-01   3.0298399e-01   3.0361256e-01   3.0399670e-01   3.0469964e-01   3.0447604e-01   3.0348911e-01   3.0273720e-01   3.0167521e-01   3.0154244e-01   3.0218953e-01   3.0261785e-01   3.0331819e-01   3.0313424e-01   3.0216010e-01   3.0143667e-01   3.0046332e-01   3.0041683e-01   3.0119859e-01   3.0176519e-01   3.0264762e-01   3.0256133e-01   3.0174267e-01   3.0118624e-01   3.0039192e-01   3.0058476e-01   3.0160700e-01   3.0247331e-01   3.0357987e-01   3.0376962e-01   3.0319639e-01   3.0293522e-01   3.0247705e-01   3.0305124e-01   3.0450604e-01   3.0585038e-01   3.0727893e-01   3.0776554e-01
   3.0727893e-01   3.0642188e-01   3.0469307e-01   3.0313012e-01   3.0127057e-01   3.0079960e-01   3.0147995e-01   3.0200172e-01   3.0292898e-01   3.0259497e-01   3.0129606e-01   3.0021710e-01   2.9881646e-01   2.9871317e-01   2.9973838e-01   3.0055955e-01   3.0172199e-01   3.0167983e-01   3.0061007e-01   2.9979970e-01   2.9866461e-01   2.9875716e-01   3.0000476e-01   3.0096916e-01   3.0225551e-01   3.0239235e-01   3.0144334e-01   3.0080441e-01   2.9979256e-01   2.9998990e-01   3.0129680e-01   3.0229943e-01   3.0360846e-01   3.0375408e-01   3.0284648e-01   3.0222913e-01   3.0125493e-01   3.0144182e-01   3.0271544e-01   3.0368857e-01   3.0498249e-01   3.0513677e-01   3.0426572e-01   3.0364106e-01   3.0265133e-01   3.0275019e-01   3.0390230e-01   3.0467584e-01   3.0569830e-01   3.0562294e-01   3.0445538e-01   3.0362659e-01   3.0247775e-01   3.0251487e-01   3.0367883e-01   3.0451764e-01   3.0567050e-01   3.0565261e-01   3.0454003e-01   3.0372438e-01   3.0256311e-01   3.0258963e-01   3.0375408e-01   3.0462438e-01   3.0583543e-01   3.0591266e-01   3.0493276e-01   3.0420261e-01   3.0310479e-01   3.0310479e-01   3.0420261e-01   3.0493276e-01   3.0591266e-01   3.0583543e-01   3.0462438e-01   3.0375408e-01   3.0258963e-01   3.0256311e-01   3.0372438e-01   3.0454003e-01   3.0565261e-01   3.0567050e-01   3.0451764e-01   3.0367883e-01   3.0251487e-01   3.0247775e-01   3.0362659e-01   3.0445538e-01   3.0562294e-01   3.0569830e-01   3.0467584e-01   3.0390230e-01   3.0275019e-01   3.0265133e-01   3.0364106e-01   3.0426572e-01   3.0513677e-01   3.0498249e-01   3.0368857e-01   3.0271544e-01   3.0144182e-01   3.0125493e-01   3.0222913e-01   3.0284648e-01   3.0375408e-01   3.0360846e-01   3.0229943e-01   3.0129680e-01   2.9998990e-01   2.9979256e-01   3.0080441e-01   3.0144334e-01   3.0239235e-01   3.0225551e-01   3.0096916e-01   3.0000476e-01   2.9875716e-01   2.9866461e-01   2.9979970e-01   3.0061007e-01   3.0167983e-01   3.0172199e-01   3.0055955e-01   2.9973838e-01   2.9871317e-01   2.9881646e-01   3.0021710e-01   3.0129606e-01   3.0259497e-01   3.0292898e-01   3.0200172e-01   3.0147995e-01   3.0079960e-01   3.0127057e-01   3.0313012e-01   3.0469307e-01   3.0642188e-01   3.0727893e-01
   3.0585038e-01   3.0469307e-01   3.0113619e-01   2.9692723e-01   2.9382961e-01   2.9327244e-01   2.9538282e-01   2.9844135e-01   3.0085232e-01   3.0059843e-01   2.9762537e-01   2.9400764e-01   2.9133099e-01   2.9116302e-01   2.9359568e-01   2.9694147e-01   2.9963845e-01   2.9967386e-01   2.9696489e-01   2.9363708e-01   2.9118059e-01   2.9124178e-01   2.9383087e-01   2.9733277e-01   3.0017471e-01   3.0035014e-01   2.9784727e-01   2.9463878e-01   2.9233426e-01   2.9246787e-01   2.9513019e-01   2.9866501e-01   3.0152358e-01   3.0173561e-01   2.9921599e-01   2.9606269e-01   2.9377977e-01   2.9392458e-01   2.9656276e-01   3.0006178e-01   3.0291966e-01   3.0312120e-01   3.0063186e-01   2.9749822e-01   2.9516148e-01   2.9523536e-01   2.9773449e-01   3.0103058e-01   3.0363274e-01   3.0357868e-01   3.0085112e-01   2.9746354e-01   2.9500124e-01   2.9499679e-01   2.9749868e-01   3.0088427e-01   3.0359204e-01   3.0360827e-01   3.0089377e-01   2.9753434e-01   2.9506737e-01   2.9508200e-01   2.9759912e-01   3.0101268e-01   3.0377591e-01   3.0386985e-01   3.0128412e-01   2.9803650e-01   2.9559342e-01   2.9559342e-01   2.9803650e-01   3.0128412e-01   3.0386985e-01   3.0377591e-01   3.0101268e-01   2.9759912e-01   2.9508200e-01   2.9506737e-01   2.9753434e-01   3.0089377e-01   3.0360827e-01   3.0359204e-01   3.0088427e-01   2.9749868e-01   2.9499679e-01   2.9500124e-01   2.9746354e-01   3.0085112e-01   3.0357868e-01   3.0363274e-01   3.0103058e-01   2.9773449e-01   2.9523536e-01   2.9516148e-01   2.9749822e-01   3.0063186e-01   3.0312120e-01   3.0291966e-01   3.0006178e-01   2.9656276e-01   2.9392458e-01   2.9377977e-01   2.9606269e-01   2.9921599e-01   3.0173561e-01   3.0152358e-01   2.9866501e-01   2.9513019e-01   2.9246787e-01   2.9233426e-01   2.9463878e-01   2.9784727e-01   3.0035014e-01   3.0017471e-01   2.9733277e-01   2.9383087e-01   2.9124178e-01   2.9118059e-01   2.9363708e-01   2.9696489e-01   2.9967386e-01   2.9963845e-01   2.9694147e-01   2.9359568e-01   2.9116302e-01   2.9133099e-01   2.9400764e-01   2.9762537e-01   3.0059843e-01   3.0085232e-01   2.9844135e-01   2.9538282e-01   2.9327244e-01   2.9382961e-01   2.9692723e-01   3.0113619e-01   3.0469307e-01   3.0585038e-01
   3.0450604e-01   3.0313012e-01   2.9692723e-01   2.8701644e-01   2.8196817e-01   2.8146755e-01   2.8550049e-01   2.9425035e-01   2.9888106e-01   2.9862169e-01   2.9337517e-01   2.8408309e-01   2.7952267e-01   2.7939110e-01   2.8372294e-01   2.9275478e-01   2.9769560e-01   2.9771434e-01   2.9280382e-01   2.8374246e-01   2.7941070e-01   2.7946389e-01   2.8393980e-01   2.9312991e-01   2.9823212e-01   2.9842110e-01   2.9366466e-01   2.8479378e-01   2.8054006e-01   2.8069153e-01   2.8523785e-01   2.9447115e-01   2.9960713e-01   2.9982676e-01   2.9509031e-01   2.8620520e-01   2.8198461e-01   2.8213405e-01   2.8667056e-01   2.9590195e-01   3.0104236e-01   3.0124950e-01   2.9653134e-01   2.8763096e-01   2.8336453e-01   2.8342243e-01   2.8783825e-01   2.9687136e-01   3.0174118e-01   3.0169930e-01   2.9668559e-01   2.8759841e-01   2.8319366e-01   2.8319357e-01   2.8760778e-01   2.9670794e-01   3.0167555e-01   3.0168695e-01   2.9673143e-01   2.8764121e-01   2.8325604e-01   2.8327787e-01   2.8771298e-01   2.9684538e-01   3.0188518e-01   3.0197609e-01   2.9714380e-01   2.8813590e-01   2.8377956e-01   2.8377956e-01   2.8813590e-01   2.9714380e-01   3.0197609e-01   3.0188518e-01   2.9684538e-01   2.8771298e-01   2.8327787e-01   2.8325604e-01   2.8764121e-01   2.9673143e-01   3.0168695e-01   3.0167555e-01   2.9670794e-01   2.8760778e-01   2.8319357e-01   2.8319366e-01   2.8759841e-01   2.9668559e-01   3.0169930e-01   3.0174118e-01   2.9687136e-01   2.8783825e-01   2.8342243e-01   2.8336453e-01   2.8763096e-01   2.9653134e-01   3.0124950e-01   3.0104236e-01   2.9590195e-01   2.8667056e-01   2.8213405e-01   2.8198461e-01   2.8620520e-01   2.9509031e-01   2.9982676e-01   2.9960713e-01   2.9447115e-01   2.8523785e-01   2.8069153e-01   2.8054006e-01   2.8479378e-01   2.9366466e-01   2.9842110e-01   2.9823212e-01   2.9312991e-01   2.8393980e-01   2.7946389e-01   2.7941070e-01   2.8374246e-01   2.9280382e-01   2.9771434e-01   2.9769560e-01   2.9275478e-01   2.8372294e-01   2.7939110e-01   2.7952267e-01   2.8408309e-01   2.9337517e-01   2.9862169e-01   2.9888106e-01   2.9425035e-01   2.8550049e-01   2.8146755e-01   2.8196817e-01   2.8701644e-01   2.9692723e-01   3.0313012e-01   3.0450604e-01
   3.0305124e-01   3.0127057e-01   2.9382961e-01   2.8196817e-01   2.7576484e-01   2.7530155e-01   2.8044320e-01   2.9105133e-01   2.9683769e-01   2.9651251e-01   2.9016352e-01   2.7903925e-01   2.7332496e-01   2.7326547e-01   2.7869624e-01   2.8958422e-01   2.9568033e-01   2.9566091e-01   2.8963896e-01   2.7875407e-01   2.7323935e-01   2.7334415e-01   2.7892814e-01   2.8997250e-01   2.9624364e-01   2.9639360e-01   2.9055901e-01   2.7981395e-01   2.7442936e-01   2.7461052e-01   2.8027617e-01   2.9137190e-01   2.9767342e-01   2.9786504e-01   2.9202512e-01   2.8127484e-01   2.7588716e-01   2.7608315e-01   2.8175807e-01   2.9287553e-01   2.9918248e-01   2.9938224e-01   2.9353072e-01   2.8277797e-01   2.7731934e-01   2.7739127e-01   2.8293807e-01   2.9383750e-01   2.9986448e-01   2.9980075e-01   2.9366371e-01   2.8268254e-01   2.7713214e-01   2.7712040e-01   2.8265385e-01   2.9362443e-01   2.9973307e-01   2.9972948e-01   2.9365372e-01   2.8269764e-01   2.7716436e-01   2.7721580e-01   2.8278311e-01   2.9379611e-01   2.9998964e-01   3.0007967e-01   2.9410350e-01   2.8324257e-01   2.7772569e-01   2.7772569e-01   2.8324257e-01   2.9410350e-01   3.0007967e-01   2.9998964e-01   2.9379611e-01   2.8278311e-01   2.7721580e-01   2.7716436e-01   2.8269764e-01   2.9365372e-01   2.9972948e-01   2.9973307e-01   2.9362443e-01   2.8265385e-01   2.7712040e-01   2.7713214e-01   2.8268254e-01   2.9366371e-01   2.9980075e-01   2.9986448e-01   2.9383750e-01   2.8293807e-01   2.7739127e-01   2.7731934e-01   2.8277797e-01   2.9353072e-01   2.9938224e-01   2.9918248e-01   2.9287553e-01   2.8175807e-01   2.7608315e-01   2.7588716e-01   2.8127484e-01   2.9202512e-01   2.9786504e-01   2.9767342e-01   2.9137190e-01   2.8027617e-01   2.7461052e-01   2.7442936e-01   2.7981395e-01   2.9055901e-01   2.9639360e-01   2.9624364e-01   2.8997250e-01   2.7892814e-01   2.7334415e-01   2.7323935e-01   2.7875407e-01   2.8963896e-01   2.9566091e-01   2.9568033e-01   2.8958422e-01   2.7869624e-01   2.7326547e-01   2.7332496e-01   2.7903925e-01   2.9016352e-01   2.9651251e-01   2.9683769e-01   2.9105133e-01   2.8044320e-01   2.7530155e-01   2.7576484e-01   2.8196817e-01   2.9382961e-01   3.0127057e-01   3.0305124e-01
   3.0247705e-01   3.0079960e-01   2.9327244e-01   2.8146755e-01   2.7530155e-01   2.7476240e-01   2.7996104e-01   2.9054034e-01   2.9626534e-01   2.9602764e-01   2.8961006e-01   2.7853321e-01   2.7287102e-01   2.7273455e-01   2.7825130e-01   2.8908688e-01   2.9516031e-01   2.9519909e-01   2.8913748e-01   2.7830179e-01   2.7283765e-01   2.7288578e-01   2.7853827e-01   2.8953336e-01   2.9577965e-01   2.9600542e-01   2.9011399e-01   2.7943721e-01   2.7408183e-01   2.7425112e-01   2.7997730e-01   2.9104441e-01   2.9733572e-01   2.9758272e-01   2.9169023e-01   2.8099334e-01   2.7561872e-01   2.7578434e-01   2.8154745e-01   2.9263307e-01   2.9897733e-01   2.9923145e-01   2.9334474e-01   2.8261847e-01   2.7716224e-01   2.7719433e-01   2.8278313e-01   2.9363645e-01   2.9965723e-01   2.9960502e-01   2.9339449e-01   2.8243797e-01   2.7685641e-01   2.7682644e-01   2.8239681e-01   2.9332782e-01   2.9943691e-01   2.9946008e-01   2.9334770e-01   2.8243014e-01   2.7688666e-01   2.7690665e-01   2.8252922e-01   2.9351695e-01   2.9975014e-01   2.9986957e-01   2.9387881e-01   2.8306008e-01   2.7752706e-01   2.7752706e-01   2.8306008e-01   2.9387881e-01   2.9986957e-01   2.9975014e-01   2.9351695e-01   2.8252922e-01   2.7690665e-01   2.7688666e-01   2.8243014e-01   2.9334770e-01   2.9946008e-01   2.9943691e-01   2.9332782e-01   2.8239681e-01   2.7682644e-01   2.7685641e-01   2.8243797e-01   2.9339449e-01   2.9960502e-01   2.9965723e-01   2.9363645e-01   2.8278313e-01   2.7719433e-01   2.7716224e-01   2.8261847e-01   2.9334474e-01   2.9923145e-01   2.9897733e-01   2.9263307e-01   2.8154745e-01   2.7578434e-01   2.7561872e-01   2.8099334e-01   2.9169023e-01   2.9758272e-01   2.9733572e-01   2.9104441e-01   2.7997730e-01   2.7425112e-01   2.7408183e-01   2.7943721e-01   2.9011399e-01   2.9600542e-01   2.9577965e-01   2.8953336e-01   2.7853827e-01   2.7288578e-01   2.7283765e-01   2.7830179e-01   2.8913748e-01   2.9519909e-01   2.9516031e-01   2.8908688e-01   2.7825130e-01   2.7273455e-01   2.7287102e-01   2.7853321e-01   2.8961006e-01   2.9602764e-01   2.9626534e-01   2.9054034e-01   2.7996104e-01   2.7476240e-01   2.7530155e-01   2.8146755e-01   2.9327244e-01   3.0079960e-01   3.0247705e-01
   3.0293522e-01   3.0147995e-01   2.9538282e-01   2.8550049e-01   2.8044320e-01   2.7996104e-01   2.8392088e-01   2.9262882e-01   2.9725064e-01   2.9692623e-01   2.9178288e-01   2.8255302e-01   2.7801695e-01   2.7794554e-01   2.8223928e-01   2.9127877e-01   2.9619265e-01   2.9619232e-01   2.9134946e-01   2.8237660e-01   2.7805233e-01   2.7816869e-01   2.8263959e-01   2.9182979e-01   2.9693364e-01   2.9709846e-01   2.9242372e-01   2.8359602e-01   2.7941027e-01   2.7964609e-01   2.8424411e-01   2.9350531e-01   2.9866576e-01   2.9884778e-01   2.9414883e-01   2.8528747e-01   2.8108153e-01   2.8131350e-01   2.8592921e-01   2.9527149e-01   3.0045921e-01   3.0072032e-01   2.9603381e-01   2.8710797e-01   2.8282091e-01   2.8288943e-01   2.8726826e-01   2.9632639e-01   3.0116690e-01   3.0102127e-01   2.9598148e-01   2.8679939e-01   2.8232538e-01   2.8230960e-01   2.8672708e-01   2.9583053e-01   3.0080174e-01   3.0079739e-01   2.9585502e-01   2.8676053e-01   2.8234642e-01   2.8238627e-01   2.8685916e-01   2.9607597e-01   3.0115264e-01   3.0131790e-01   2.9653258e-01   2.8751543e-01   2.8317651e-01   2.8317651e-01   2.8751543e-01   2.9653258e-01   3.0131790e-01   3.0115264e-01   2.9607597e-01   2.8685916e-01   2.8238627e-01   2.8234642e-01   2.8676053e-01   2.9585502e-01   3.0079739e-01   3.0080174e-01   2.9583053e-01   2.8672708e-01   2.8230960e-01   2.8232538e-01   2.8679939e-01   2.9598148e-01   3.0102127e-01   3.0116690e-01   2.9632639e-01   2.8726826e-01   2.8288943e-01   2.8282091e-01   2.8710797e-01   2.9603381e-01   3.0072032e-01   3.0045921e-01   2.9527149e-01   2.8592921e-01   2.8131350e-01   2.8108153e-01   2.8528747e-01   2.9414883e-01   2.9884778e-01   2.9866576e-01   2.9350531e-01   2.8424411e-01   2.7964609e-01   2.7941027e-01   2.8359602e-01   2.9242372e-01   2.9709846e-01   2.9693364e-01   2.9182979e-01   2.8263959e-01   2.7816869e-01   2.7805233e-01   2.8237660e-01   2.9134946e-01   2.9619232e-01   2.9619265e-01   2.9127877e-01   2.8223928e-01   2.7794554e-01   2.7801695e-01   2.8255302e-01   2.9178288e-01   2.9692623e-01   2.9725064e-01   2.9262882e-01   2.8392088e-01   2.7996104e-01   2.8044320e-01   2.8550049e-01   2.9538282e-01   3.0147995e-01   3.0293522e-01
   3.0319639e-01   3.0200172e-01   2.9844135e-01   2.9425035e-01   2.9105133e-01   2.9054034e-01   2.9262882e-01   2.9564515e-01   2.9804419e-01   2.9778901e-01   2.9487091e-01   2.9130686e-01   2.8862746e-01   2.8851636e-01   2.9101189e-01   2.9431524e-01   2.9706473e-01   2.9709825e-01   2.9445042e-01   2.9120788e-01   2.8876225e-01   2.8887397e-01   2.9154988e-01   2.9502902e-01   2.9791551e-01   2.9813265e-01   2.9565979e-01   2.9256712e-01   2.9028796e-01   2.9054281e-01   2.9333405e-01   2.9693595e-01   2.9983393e-01   3.0006897e-01   2.9756675e-01   2.9446262e-01   2.9216624e-01   2.9240062e-01   2.9522758e-01   2.9882962e-01   3.0183250e-01   3.0213894e-01   2.9971439e-01   2.9657454e-01   2.9419719e-01   2.9426582e-01   2.9676967e-01   3.0003342e-01   3.0257619e-01   3.0237657e-01   2.9951954e-01   2.9602127e-01   2.9338197e-01   2.9337150e-01   2.9593806e-01   2.9934428e-01   3.0207466e-01   3.0208306e-01   2.9935109e-01   2.9595966e-01   2.9339892e-01   2.9342184e-01   2.9608016e-01   2.9957875e-01   3.0247327e-01   3.0269653e-01   3.0017865e-01   2.9696187e-01   2.9450495e-01   2.9450495e-01   2.9696187e-01   3.0017865e-01   3.0269653e-01   3.0247327e-01   2.9957875e-01   2.9608016e-01   2.9342184e-01   2.9339892e-01   2.9595966e-01   2.9935109e-01   3.0208306e-01   3.0207466e-01   2.9934428e-01   2.9593806e-01   2.9337150e-01   2.9338197e-01   2.9602127e-01   2.9951954e-01   3.0237657e-01   3.0257619e-01   3.0003342e-01   2.9676967e-01   2.9426582e-01   2.9419719e-01   2.9657454e-01   2.9971439e-01   3.0213894e-01   3.0183250e-01   2.9882962e-01   2.9522758e-01   2.9240062e-01   2.9216624e-01   2.9446262e-01   2.9756675e-01   3.0006897e-01   2.9983393e-01   2.9693595e-01   2.9333405e-01   2.9054281e-01   2.9028796e-01   2.9256712e-01   2.9565979e-01   2.9813265e-01   2.9791551e-01   2.9502902e-01   2.9154988e-01   2.8887397e-01   2.8876225e-01   2.9120788e-01   2.9445042e-01   2.9709825e-01   2.9706473e-01   2.9431524e-01   2.9101189e-01   2.8851636e-01   2.8862746e-01   2.9130686e-01   2.9487091e-01   2.9778901e-01   2.9804419e-01   2.9564515e-01   2.9262882e-01   2.9054034e-01   2.9105133e-01   2.9425035e-01   2.9844135e-01   3.0200172e-01   3.0319639e-01
   3.0376962e-01   3.0292898e-01   3.0085232e-01   2.9888106e-01   2.9683769e-01   2.9626534e-01   2.9725064e-01   2.9804419e-01   2.9908770e-01   2.9887124e-01   2.9736225e-01   2.9599179e-01   2.9447399e-01   2.9433971e-01   2.9569306e-01   2.9685970e-01   2.9815328e-01   2.9828678e-01   2.9703094e-01   2.9598393e-01   2.9473919e-01   2.9483265e-01   2.9639950e-01   2.9769636e-01   2.9915532e-01   2.9943539e-01   2.9837208e-01   2.9751447e-01   2.9645447e-01   2.9669961e-01   2.9838557e-01   2.9975455e-01   3.0127430e-01   3.0153790e-01   3.0047345e-01   2.9963239e-01   2.9856935e-01   2.9881020e-01   3.0048056e-01   3.0189932e-01   3.0343690e-01   3.0381799e-01   3.0288032e-01   3.0203161e-01   3.0090484e-01   3.0096212e-01   3.0226558e-01   3.0322115e-01   3.0422869e-01   3.0399594e-01   3.0251551e-01   3.0123073e-01   2.9976502e-01   2.9974223e-01   3.0113432e-01   3.0227425e-01   3.0360628e-01   3.0361470e-01   3.0227596e-01   3.0113246e-01   2.9976256e-01   2.9978368e-01   3.0127309e-01   3.0257649e-01   3.0404139e-01   3.0432211e-01   3.0331799e-01   3.0238790e-01   3.0115410e-01   3.0115410e-01   3.0238790e-01   3.0331799e-01   3.0432211e-01   3.0404139e-01   3.0257649e-01   3.0127309e-01   2.9978368e-01   2.9976256e-01   3.0113246e-01   3.0227596e-01   3.0361470e-01   3.0360628e-01   3.0227425e-01   3.0113432e-01   2.9974223e-01   2.9976502e-01   3.0123073e-01   3.0251551e-01   3.0399594e-01   3.0422869e-01   3.0322115e-01   3.0226558e-01   3.0096212e-01   3.0090484e-01   3.0203161e-01   3.0288032e-01   3.0381799e-01   3.0343690e-01   3.0189932e-01   3.0048056e-01   2.9881020e-01   2.9856935e-01   2.9963239e-01   3.0047345e-01   3.0153790e-01   3.0127430e-01   2.9975455e-01   2.9838557e-01   2.9669961e-01   2.9645447e-01   2.9751447e-01   2.9837208e-01   2.9943539e-01   2.9915532e-01   2.9769636e-01   2.9639950e-01   2.9483265e-01   2.9473919e-01   2.9598393e-01   2.9703094e-01   2.9828678e-01   2.9815328e-01   2.9685970e-01   2.9569306e-01   2.9433971e-01   2.9447399e-01   2.9599179e-01   2.9736225e-01   2.9887124e-01   2.9908770e-01   2.9804419e-01   2.9725064e-01   2.9626534e-01   2.9683769e-01   2.9888106e-01   3.0085232e-01   3.0292898e-01   3.0376962e-01
   3.0357987e-01   3.0259497e-01   3.0059843e-01   2.9862169e-01   2.9651251e-01   2.9602764e-01   2.9692623e-01   2.9778901e-01   2.9887124e-01   2.9858209e-01   2.9713831e-01   2.9577587e-01   2.9422307e-01   2.9414401e-01   2.9545457e-01   2.9664263e-01   2.9802992e-01   2.9806256e-01   2.9691575e-01   2.9589696e-01   2.9461100e-01   2.9477791e-01   2.9627965e-01   2.9762201e-01   2.9915031e-01   2.9935962e-01   2.9841322e-01   2.9759086e-01   2.9650432e-01   2.9682073e-01   2.9844154e-01   2.9986745e-01   3.0140034e-01   3.0168698e-01   3.0071178e-01   2.9989360e-01   2.9886896e-01   2.9915536e-01   3.0077705e-01   3.0222446e-01   3.0380499e-01   3.0416544e-01   3.0339969e-01   3.0262221e-01   3.0151809e-01   3.0161666e-01   3.0283109e-01   3.0373695e-01   3.0464387e-01   3.0428988e-01   3.0282613e-01   3.0149333e-01   3.0001892e-01   3.0001401e-01   3.0134219e-01   3.0252245e-01   3.0383366e-01   3.0381987e-01   3.0251437e-01   3.0134108e-01   3.0000066e-01   3.0003773e-01   3.0151229e-01   3.0285624e-01   3.0434911e-01   3.0466411e-01   3.0379033e-01   3.0291407e-01   3.0172261e-01   3.0172261e-01   3.0291407e-01   3.0379033e-01   3.0466411e-01   3.0434911e-01   3.0285624e-01   3.0151229e-01   3.0003773e-01   3.0000066e-01   3.0134108e-01   3.0251437e-01   3.0381987e-01   3.0383366e-01   3.0252245e-01   3.0134219e-01   3.0001401e-01   3.0001892e-01   3.0149333e-01   3.0282613e-01   3.0428988e-01   3.0464387e-01   3.0373695e-01   3.0283109e-01   3.0161666e-01   3.0151809e-01   3.0262221e-01   3.0339969e-01   3.0416544e-01   3.0380499e-01   3.0222446e-01   3.0077705e-01   2.9915536e-01   2.9886896e-01   2.9989360e-01   3.0071178e-01   3.0168698e-01   3.0140034e-01   2.9986745e-01   2.9844154e-01   2.9682073e-01   2.9650432e-01   2.9759086e-01   2.9841322e-01   2.9935962e-01   2.9915031e-01   2.9762201e-01   2.9627965e-01   2.9477791e-01   2.9461100e-01   2.9589696e-01   2.9691575e-01   2.9806256e-01   2.9802992e-01   2.9664263e-01   2.9545457e-01   2.9414401e-01   2.9422307e-01   2.9577587e-01   2.9713831e-01   2.9858209e-01   2.9887124e-01   2.9778901e-01   2.9692623e-01   2.9602764e-01   2.9651251e-01   2.9862169e-01   3.0059843e-01   3.0259497e-01   3.0357987e-01
   3.0247331e-01   3.0129606e-01   2.9762537e-01   2.9337517e-01   2.9016352e-01   2.8961006e-01   2.9178288e-01   2.9487091e-01   2.9736225e-01   2.9713831e-01   2.9419580e-01   2.9061130e-01   2.8791720e-01   2.8780146e-01   2.9033322e-01   2.9374832e-01   2.9656612e-01   2.9669733e-01   2.9406870e-01   2.9084619e-01   2.8844454e-01   2.8856138e-01   2.9128547e-01   2.9483638e-01   2.9781011e-01   2.9812394e-01   2.9571258e-01   2.9272486e-01   2.9049997e-01   2.9076294e-01   2.9358259e-01   2.9719783e-01   3.0020010e-01   3.0058054e-01   2.9824520e-01   2.9526617e-01   2.9309840e-01   2.9337357e-01   2.9615540e-01   2.9979169e-01   3.0286722e-01   3.0330195e-01   3.0114354e-01   2.9829491e-01   2.9605994e-01   2.9610800e-01   2.9851180e-01   3.0148216e-01   3.0370731e-01   3.0337979e-01   3.0036259e-01   2.9682322e-01   2.9421389e-01   2.9414838e-01   2.9664390e-01   3.0001497e-01   3.0269654e-01   3.0269869e-01   2.9999394e-01   2.9662335e-01   2.9413745e-01   2.9420101e-01   2.9683338e-01   3.0037960e-01   3.0339280e-01   3.0373176e-01   3.0148117e-01   2.9853189e-01   2.9617911e-01   2.9617911e-01   2.9853189e-01   3.0148117e-01   3.0373176e-01   3.0339280e-01   3.0037960e-01   2.9683338e-01   2.9420101e-01   2.9413745e-01   2.9662335e-01   2.9999394e-01   3.0269869e-01   3.0269654e-01   3.0001497e-01   2.9664390e-01   2.9414838e-01   2.9421389e-01   2.9682322e-01   3.0036259e-01   3.0337979e-01   3.0370731e-01   3.0148216e-01   2.9851180e-01   2.9610800e-01   2.9605994e-01   2.9829491e-01   3.0114354e-01   3.0330195e-01   3.0286722e-01   2.9979169e-01   2.9615540e-01   2.9337357e-01   2.9309840e-01   2.9526617e-01   2.9824520e-01   3.0058054e-01   3.0020010e-01   2.9719783e-01   2.9358259e-01   2.9076294e-01   2.9049997e-01   2.9272486e-01   2.9571258e-01   2.9812394e-01   2.9781011e-01   2.9483638e-01   2.9128547e-01   2.8856138e-01   2.8844454e-01   2.9084619e-01   2.9406870e-01   2.9669733e-01   2.9656612e-01   2.9374832e-01   2.9033322e-01   2.8780146e-01   2.8791720e-01   2.9061130e-01   2.9419580e-01   2.9713831e-01   2.9736225e-01   2.9487091e-01   2.9178288e-01   2.8961006e-01   2.9016352e-01   2.9337517e-01   2.9762537e-01   3.0129606e-01   3.0247331e-01
   3.0160700e-01   3.0021710e-01   2.9400764e-01   2.8408309e-01   2.7903925e-01   2.7853321e-01   2.8255302e-01   2.9130686e-01   2.9599179e-01   2.9577587e-01   2.9061130e-01   2.8138810e-01   2.7689525e-01   2.7682489e-01   2.8118083e-01   2.9027668e-01   2.9532156e-01   2.9546588e-01   2.9067706e-01   2.8176094e-01   2.7754150e-01   2.7768845e-01   2.8222455e-01   2.9149809e-01   2.9672959e-01   2.9707992e-01   2.9251170e-01   2.8380457e-01   2.7972279e-01   2.7999589e-01   2.8463249e-01   2.9398718e-01   2.9927742e-01   2.9968184e-01   2.9518388e-01   2.8651581e-01   2.8250847e-01   2.8284371e-01   2.8750006e-01   2.9696295e-01   3.0236870e-01   3.0285442e-01   2.9852719e-01   2.8989508e-01   2.8575802e-01   2.8580583e-01   2.9007755e-01   2.9881104e-01   3.0321646e-01   3.0284377e-01   2.9750599e-01   2.8813099e-01   2.8361391e-01   2.8348379e-01   2.8778906e-01   2.9684828e-01   3.0175716e-01   3.0175126e-01   2.9682976e-01   2.8775768e-01   2.8345969e-01   2.8358929e-01   2.8811801e-01   2.9749937e-01   3.0282834e-01   3.0320519e-01   2.9878971e-01   2.9004550e-01   2.8581671e-01   2.8581671e-01   2.9004550e-01   2.9878971e-01   3.0320519e-01   3.0282834e-01   2.9749937e-01   2.8811801e-01   2.8358929e-01   2.8345969e-01   2.8775768e-01   2.9682976e-01   3.0175126e-01   3.0175716e-01   2.9684828e-01   2.8778906e-01   2.8348379e-01   2.8361391e-01   2.8813099e-01   2.9750599e-01   3.0284377e-01   3.0321646e-01   2.9881104e-01   2.9007755e-01   2.8580583e-01   2.8575802e-01   2.8989508e-01   2.9852719e-01   3.0285442e-01   3.0236870e-01   2.9696295e-01   2.8750006e-01   2.8284371e-01   2.8250847e-01   2.8651581e-01   2.9518388e-01   2.9968184e-01   2.9927742e-01   2.9398718e-01   2.8463249e-01   2.7999589e-01   2.7972279e-01   2.8380457e-01   2.9251170e-01   2.9707992e-01   2.9672959e-01   2.9149809e-01   2.8222455e-01   2.7768845e-01   2.7754150e-01   2.8176094e-01   2.9067706e-01   2.9546588e-01   2.9532156e-01   2.9027668e-01   2.8118083e-01   2.7682489e-01   2.7689525e-01   2.8138810e-01   2.9061130e-01   2.9577587e-01   2.9599179e-01   2.9130686e-01   2.8255302e-01   2.7853321e-01   2.7903925e-01   2.8408309e-01   2.9400764e-01   3.0021710e-01   3.0160700e-01
   3.0058476e-01   2.9881646e-01   2.9133099e-01   2.7952267e-01   2.7332496e-01   2.7287102e-01   2.7801695e-01   2.8862746e-01   2.9447399e-01   2.9422307e-01   2.8791720e-01   2.7689525e-01   2.7126465e-01   2.7125292e-01   2.7675455e-01   2.8770152e-01   2.9394586e-01   2.9405255e-01   2.8815344e-01   2.7740805e-01   2.7201246e-01   2.7223825e-01   2.7793793e-01   2.8910411e-01   2.9556909e-01   2.9590531e-01   2.9022411e-01   2.7965850e-01   2.7438316e-01   2.7469239e-01   2.8049287e-01   2.9174975e-01   2.9828069e-01   2.9870435e-01   2.9306277e-01   2.8253049e-01   2.7740206e-01   2.7782598e-01   2.8374196e-01   2.9524431e-01   3.0197860e-01   3.0251119e-01   2.9707781e-01   2.8656113e-01   2.8117311e-01   2.8122724e-01   2.8665316e-01   2.9725970e-01   3.0280829e-01   3.0234594e-01   2.9572898e-01   2.8431441e-01   2.7850192e-01   2.7827696e-01   2.8364833e-01   2.9456965e-01   3.0066506e-01   3.0065174e-01   2.9454934e-01   2.8361964e-01   2.7823220e-01   2.7846684e-01   2.8427032e-01   2.9568227e-01   3.0230765e-01   3.0274751e-01   2.9720339e-01   2.8659241e-01   2.8115464e-01   2.8115464e-01   2.8659241e-01   2.9720339e-01   3.0274751e-01   3.0230765e-01   2.9568227e-01   2.8427032e-01   2.7846684e-01   2.7823220e-01   2.8361964e-01   2.9454934e-01   3.0065174e-01   3.0066506e-01   2.9456965e-01   2.8364833e-01   2.7827696e-01   2.7850192e-01   2.8431441e-01   2.9572898e-01   3.0234594e-01   3.0280829e-01   2.9725970e-01   2.8665316e-01   2.8122724e-01   2.8117311e-01   2.8656113e-01   2.9707781e-01   3.0251119e-01   3.0197860e-01   2.9524431e-01   2.8374196e-01   2.7782598e-01   2.7740206e-01   2.8253049e-01   2.9306277e-01   2.9870435e-01   2.9828069e-01   2.9174975e-01   2.8049287e-01   2.7469239e-01   2.7438316e-01   2.7965850e-01   2.9022411e-01   2.9590531e-01   2.9556909e-01   2.8910411e-01   2.7793793e-01   2.7223825e-01   2.7201246e-01   2.7740805e-01   2.8815344e-01   2.9405255e-01   2.9394586e-01   2.8770152e-01   2.7675455e-01   2.7125292e-01   2.7126465e-01   2.7689525e-01   2.8791720e-01   2.9422307e-01   2.9447399e-01   2.8862746e-01   2.7801695e-01   2.7287102e-01   2.7332496e-01   2.7952267e-01   2.9133099e-01   2.9881646e-01   3.0058476e-01
   3.0039192e-01   2.9871317e-01   2.9116302e-01   2.7939110e-01   2.7326547e-01   2.7273455e-01   2.7794554e-01   2.8851636e-01   2.9433971e-01   2.9414401e-01   2.8780146e-01   2.7682489e-01   2.7125292e-01   2.7123494e-01   2.7680156e-01   2.8775454e-01   2.9397512e-01   2.9416537e-01   2.8821209e-01   2.7751659e-01   2.7218951e-01   2.7238371e-01   2.7819411e-01   2.8937231e-01   2.9585865e-01   2.9629036e-01   2.9055638e-01   2.8002326e-01   2.7481408e-01   2.7509148e-01   2.8097831e-01   2.9222162e-01   2.9877054e-01   2.9921497e-01   2.9352778e-01   2.8305313e-01   2.7799820e-01   2.7861775e-01   2.8477050e-01   2.9646050e-01   3.0338397e-01   3.0405849e-01   2.9859571e-01   2.8808589e-01   2.8269532e-01   2.8267167e-01   2.8811444e-01   2.9868155e-01   3.0417701e-01   3.0364634e-01   2.9678876e-01   2.8520047e-01   2.7921111e-01   2.7872858e-01   2.8403364e-01   2.9484551e-01   3.0092516e-01   3.0092171e-01   2.9482122e-01   2.8398773e-01   2.7868481e-01   2.7913717e-01   2.8512635e-01   2.9670974e-01   3.0354115e-01   3.0408674e-01   2.9856807e-01   2.8798956e-01   2.8255599e-01   2.8255599e-01   2.8798956e-01   2.9856807e-01   3.0408674e-01   3.0354115e-01   2.9670974e-01   2.8512635e-01   2.7913717e-01   2.7868481e-01   2.8398773e-01   2.9482122e-01   3.0092171e-01   3.0092516e-01   2.9484551e-01   2.8403364e-01   2.7872858e-01   2.7921111e-01   2.8520047e-01   2.9678876e-01   3.0364634e-01   3.0417701e-01   2.9868155e-01   2.8811444e-01   2.8267167e-01   2.8269532e-01   2.8808589e-01   2.9859571e-01   3.0405849e-01   3.0338397e-01   2.9646050e-01   2.8477050e-01   2.7861775e-01   2.7799820e-01   2.8305313e-01   2.9352778e-01   2.9921497e-01   2.9877054e-01   2.9222162e-01   2.8097831e-01   2.7509148e-01   2.7481408e-01   2.8002326e-01   2.9055638e-01   2.9629036e-01   2.9585865e-01   2.8937231e-01   2.7819411e-01   2.7238371e-01   2.7218951e-01   2.7751659e-01   2.8821209e-01   2.9416537e-01   2.9397512e-01   2.8775454e-01   2.7680156e-01   2.7123494e-01   2.7125292e-01   2.7682489e-01   2.8780146e-01   2.9414401e-01   2.9433971e-01   2.8851636e-01   2.7794554e-01   2.7273455e-01   2.7326547e-01   2.7939110e-01   2.9116302e-01   2.9871317e-01   3.0039192e-01
   3.0118624e-01   2.9973838e-01   2.9359568e-01   2.8372294e-01   2.7869624e-01   2.7825130e-01   2.8223928e-01   2.9101189e-01   2.9569306e-01   2.9545457e-01   2.9033322e-01   2.8118083e-01   2.7675455e-01   2.7680156e-01   2.8125634e-01   2.9043314e-01   2.9556526e-01   2.9569256e-01   2.9094893e-01   2.8209093e-01   2.7791066e-01   2.7821214e-01   2.8291436e-01   2.9238329e-01   2.9777048e-01   2.9817332e-01   2.9364867e-01   2.8490902e-01   2.8087465e-01   2.8126755e-01   2.8601769e-01   2.9555431e-01   3.0093991e-01   3.0128463e-01   2.9671247e-01   2.8803720e-01   2.8418761e-01   2.8502957e-01   2.9041050e-01   3.0065710e-01   3.0672310e-01   3.0759014e-01   3.0340242e-01   2.9468699e-01   2.9050094e-01   2.9049099e-01   2.9460522e-01   3.0333191e-01   3.0757571e-01   3.0673707e-01   3.0079952e-01   2.9065538e-01   2.8541701e-01   2.8477912e-01   2.8883410e-01   2.9781014e-01   3.0274658e-01   3.0273513e-01   2.9778110e-01   2.8879156e-01   2.8470477e-01   2.8532603e-01   2.9053443e-01   3.0065480e-01   3.0658855e-01   3.0739941e-01   3.0315647e-01   2.9442322e-01   2.9027629e-01   2.9027629e-01   2.9442322e-01   3.0315647e-01   3.0739941e-01   3.0658855e-01   3.0065480e-01   2.9053443e-01   2.8532603e-01   2.8470477e-01   2.8879156e-01   2.9778110e-01   3.0273513e-01   3.0274658e-01   2.9781014e-01   2.8883410e-01   2.8477912e-01   2.8541701e-01   2.9065538e-01   3.0079952e-01   3.0673707e-01   3.0757571e-01   3.0333191e-01   2.9460522e-01   2.9049099e-01   2.9050094e-01   2.9468699e-01   3.0340242e-01   3.0759014e-01   3.0672310e-01   3.0065710e-01   2.9041050e-01   2.8502957e-01   2.8418761e-01   2.8803720e-01   2.9671247e-01   3.0128463e-01   3.0093991e-01   2.9555431e-01   2.8601769e-01   2.8126755e-01   2.8087465e-01   2.8490902e-01   2.9364867e-01   2.9817332e-01   2.9777048e-01   2.9238329e-01   2.8291436e-01   2.7821214e-01   2.7791066e-01   2.8209093e-01   2.9094893e-01   2.9569256e-01   2.9556526e-01   2.9043314e-01   2.8125634e-01   2.7680156e-01   2.7675455e-01   2.8118083e-01   2.9033322e-01   2.9545457e-01   2.9569306e-01   2.9101189e-01   2.8223928e-01   2.7825130e-01   2.7869624e-01   2.8372294e-01   2.9359568e-01   2.9973838e-01   3.0118624e-01
   3.0174267e-01   3.0055955e-01   2.9694147e-01   2.9275478e-01   2.8958422e-01   2.8908688e-01   2.9127877e-01   2.9431524e-01   2.9685970e-01   2.9664263e-01   2.9374832e-01   2.9027668e-01   2.8770152e-01   2.8775454e-01   2.9043314e-01   2.9397706e-01   2.9689146e-01   2.9711800e-01   2.9456041e-01   2.9145116e-01   2.8918134e-01   2.8949597e-01   2.9246684e-01   2.9624581e-01   2.9943547e-01   2.9992946e-01   2.9762892e-01   2.9469515e-01   2.9262450e-01   2.9305389e-01   2.9604883e-01   2.9981065e-01   3.0292582e-01   3.0323456e-01   3.0080373e-01   2.9794536e-01   2.9610941e-01   2.9716368e-01   3.0106174e-01   3.0589473e-01   3.0994359e-01   3.1119089e-01   3.0953045e-01   3.0683351e-01   3.0480304e-01   3.0476188e-01   3.0670218e-01   3.0932567e-01   3.1097927e-01   3.0975576e-01   3.0574602e-01   3.0101782e-01   2.9727497e-01   2.9644865e-01   2.9855995e-01   3.0168990e-01   3.0444910e-01   3.0443280e-01   3.0165916e-01   2.9849539e-01   2.9635265e-01   2.9714772e-01   3.0085443e-01   3.0555290e-01   3.0953279e-01   3.1074286e-01   3.0906636e-01   3.0642003e-01   3.0444077e-01   3.0444077e-01   3.0642003e-01   3.0906636e-01   3.1074286e-01   3.0953279e-01   3.0555290e-01   3.0085443e-01   2.9714772e-01   2.9635265e-01   2.9849539e-01   3.0165916e-01   3.0443280e-01   3.0444910e-01   3.0168990e-01   2.9855995e-01   2.9644865e-01   2.9727497e-01   3.0101782e-01   3.0574602e-01   3.0975576e-01   3.1097927e-01   3.0932567e-01   3.0670218e-01   3.0476188e-01   3.0480304e-01   3.0683351e-01   3.0953045e-01   3.1119089e-01   3.0994359e-01   3.0589473e-01   3.0106174e-01   2.9716368e-01   2.9610941e-01   2.9794536e-01   3.0080373e-01   3.0323456e-01   3.0292582e-01   2.9981065e-01   2.9604883e-01   2.9305389e-01   2.9262450e-01   2.9469515e-01   2.9762892e-01   2.9992946e-01   2.9943547e-01   2.9624581e-01   2.9246684e-01   2.8949597e-01   2.8918134e-01   2.9145116e-01   2.9456041e-01   2.9711800e-01   2.9689146e-01   2.9397706e-01   2.9043314e-01   2.8775454e-01   2.8770152e-01   2.9027668e-01   2.9374832e-01   2.9664263e-01   2.9685970e-01   2.9431524e-01   2.9127877e-01   2.8908688e-01   2.8958422e-01   2.9275478e-01   2.9694147e-01   3.0055955e-01   3.0174267e-01
   3.0256133e-01   3.0172199e-01   2.9963845e-01   2.9769560e-01   2.9568033e-01   2.9516031e-01   2.9619265e-01   2.9706473e-01   2.9815328e-01   2.9802992e-01   2.9656612e-01   2.9532156e-01   2.9394586e-01   2.9397512e-01   2.9556526e-01   2.9689146e-01   2.9844325e-01   2.9873604e-01   2.9764847e-01   2.9684116e-01   2.9582081e-01   2.9613684e-01   2.9799387e-01   2.9955610e-01   3.0128429e-01   3.0188295e-01   3.0111121e-01   3.0054273e-01   2.9976235e-01   3.0022508e-01   3.0204151e-01   3.0351575e-01   3.0503654e-01   3.0536163e-01   3.0440887e-01   3.0390054e-01   3.0340299e-01   3.0463717e-01   3.0762161e-01   3.1037952e-01   3.1334992e-01   3.1503342e-01   3.1545316e-01   3.1581707e-01   3.1544272e-01   3.1536293e-01   3.1564784e-01   3.1516999e-01   3.1465369e-01   3.1296433e-01   3.0998344e-01   3.0725672e-01   3.0443727e-01   3.0342785e-01   3.0426354e-01   3.0507764e-01   3.0630603e-01   3.0630366e-01   3.0502440e-01   3.0417287e-01   3.0330758e-01   3.0426491e-01   3.0705507e-01   3.0974412e-01   3.1268146e-01   3.1435753e-01   3.1482671e-01   3.1525514e-01   3.1492799e-01   3.1492799e-01   3.1525514e-01   3.1482671e-01   3.1435753e-01   3.1268146e-01   3.0974412e-01   3.0705507e-01   3.0426491e-01   3.0330758e-01   3.0417287e-01   3.0502440e-01   3.0630366e-01   3.0630603e-01   3.0507764e-01   3.0426354e-01   3.0342785e-01   3.0443727e-01   3.0725672e-01   3.0998344e-01   3.1296433e-01   3.1465369e-01   3.1516999e-01   3.1564784e-01   3.1536293e-01   3.1544272e-01   3.1581707e-01   3.1545316e-01   3.1503342e-01   3.1334992e-01   3.1037952e-01   3.0762161e-01   3.0463717e-01   3.0340299e-01   3.0390054e-01   3.0440887e-01   3.0536163e-01   3.0503654e-01   3.0351575e-01   3.0204151e-01   3.0022508e-01   2.9976235e-01   3.0054273e-01   3.0111121e-01   3.0188295e-01   3.0128429e-01   2.9955610e-01   2.9799387e-01   2.9613684e-01   2.9582081e-01   2.9684116e-01   2.9764847e-01   2.9873604e-01   2.9844325e-01   2.9689146e-01   2.9556526e-01   2.9397512e-01   2.9394586e-01   2.9532156e-01   2.9656612e-01   2.9802992e-01   2.9815328e-01   2.9706473e-01   2.9619265e-01   2.9516031e-01   2.9568033e-01   2.9769560e-01   2.9963845e-01   3.0172199e-01   3.0256133e-01
   3.0264762e-01   3.0167983e-01   2.9967386e-01   2.9771434e-01   2.9566091e-01   2.9519909e-01   2.9619232e-01   2.9709825e-01   2.9828678e-01   2.9806256e-01   2.9669733e-01   2.9546588e-01   2.9405255e-01   2.9416537e-01   2.9569256e-01   2.9711800e-01   2.9873604e-01   2.9904487e-01   2.9808530e-01   2.9732509e-01   2.9631873e-01   2.9672766e-01   2.9851534e-01   3.0015868e-01   3.0196924e-01   3.0254204e-01   3.0199615e-01   3.0152388e-01   3.0078804e-01   3.0132930e-01   3.0309363e-01   3.0455366e-01   3.0603883e-01   3.0628275e-01   3.0539568e-01   3.0490775e-01   3.0448258e-01   3.0584931e-01   3.0898818e-01   3.1215080e-01   3.1553612e-01   3.1792889e-01   3.1926942e-01   3.2032421e-01   3.2062721e-01   3.2056845e-01   3.2008322e-01   3.1889771e-01   3.1747406e-01   3.1490881e-01   3.1148894e-01   3.0835229e-01   3.0527750e-01   3.0421540e-01   3.0499214e-01   3.0583022e-01   3.0708535e-01   3.0704810e-01   3.0576382e-01   3.0488336e-01   3.0404612e-01   3.0508454e-01   3.0810436e-01   3.1120013e-01   3.1459557e-01   3.1709344e-01   3.1848217e-01   3.1961612e-01   3.2001343e-01   3.2001343e-01   3.1961612e-01   3.1848217e-01   3.1709344e-01   3.1459557e-01   3.1120013e-01   3.0810436e-01   3.0508454e-01   3.0404612e-01   3.0488336e-01   3.0576382e-01   3.0704810e-01   3.0708535e-01   3.0583022e-01   3.0499214e-01   3.0421540e-01   3.0527750e-01   3.0835229e-01   3.1148894e-01   3.1490881e-01   3.1747406e-01   3.1889771e-01   3.2008322e-01   3.2056845e-01   3.2062721e-01   3.2032421e-01   3.1926942e-01   3.1792889e-01   3.1553612e-01   3.1215080e-01   3.0898818e-01   3.0584931e-01   3.0448258e-01   3.0490775e-01   3.0539568e-01   3.0628275e-01   3.0603883e-01   3.0455366e-01   3.0309363e-01   3.0132930e-01   3.0078804e-01   3.0152388e-01   3.0199615e-01   3.0254204e-01   3.0196924e-01   3.0015868e-01   2.9851534e-01   2.9672766e-01   2.9631873e-01   2.9732509e-01   2.9808530e-01   2.9904487e-01   2.9873604e-01   2.9711800e-01   2.9569256e-01   2.9416537e-01   2.9405255e-01   2.9546588e-01   2.9669733e-01   2.9806256e-01   2.9828678e-01   2.9709825e-01   2.9619232e-01   2.9519909e-01   2.9566091e-01   2.9771434e-01   2.9967386e-01   3.0167983e-01   3.0264762e-01
