   1.0000000e+00   1.0000199e+00   1.0013191e+00   1.0004939e+00   1.0021718e+00   1.0037650e+00   1.0023526e+00   1.0040772e+00   1.0046475e+00   1.0040386e+00   1.0048657e+00   1.0035268e+00   1.0044346e+00   1.0054317e+00   1.0035861e+00   1.0050019e+00   1.0052545e+00   1.0045788e+00   1.0053223e+00   1.0037849e+00   1.0046752e+00   1.0053182e+00   1.0034815e+00   1.0048356e+00   1.0047829e+00   1.0040644e+00   1.0046441e+00   1.0028979e+00   1.0040104e+00   1.0044812e+00   1.0023738e+00   1.0037884e+00   1.0035926e+00   1.0029059e+00   1.0034410e+00   1.0016366e+00   1.0026967e+00   1.0029119e+00   1.0008855e+00   1.0025198e+00   1.0021360e+00   1.0015450e+00   1.0024522e+00   1.0010177e+00   1.0021577e+00   1.0025287e+00   1.0008887e+00   1.0021894e+00   1.0016089e+00   1.0012871e+00   1.0018199e+00   9.9988661e-01   1.0013671e+00   1.0018187e+00   1.0000389e+00   1.0017417e+00   1.0017027e+00   1.0014610e+00   1.0017137e+00   1.0000228e+00   1.0014248e+00   1.0014103e+00   9.9973991e-01   1.0014294e+00   1.0010804e+00   1.0010190e+00   1.0017101e+00   1.0003220e+00   1.0017494e+00   1.0017494e+00   1.0003220e+00   1.0017101e+00   1.0010190e+00   1.0010804e+00   1.0014294e+00   9.9973991e-01   1.0014103e+00   1.0014248e+00   1.0000228e+00   1.0017137e+00   1.0014610e+00   1.0017027e+00   1.0017417e+00   1.0000389e+00   1.0018187e+00   1.0013671e+00   9.9988661e-01   1.0018199e+00   1.0012871e+00   1.0016089e+00   1.0021894e+00   1.0008887e+00   1.0025287e+00   1.0021577e+00   1.0010177e+00   1.0024522e+00   1.0015450e+00   1.0021360e+00   1.0025198e+00   1.0008855e+00   1.0029119e+00   1.0026967e+00   1.0016366e+00   1.0034410e+00   1.0029059e+00   1.0035926e+00   1.0037884e+00   1.0023738e+00   1.0044812e+00   1.0040104e+00   1.0028979e+00   1.0046441e+00   1.0040644e+00   1.0047829e+00   1.0048356e+00   1.0034815e+00   1.0053182e+00   1.0046752e+00   1.0037849e+00   1.0053223e+00   1.0045788e+00   1.0052545e+00   1.0050019e+00   1.0035861e+00   1.0054317e+00   1.0044346e+00   1.0035268e+00   1.0048657e+00   1.0040386e+00   1.0046475e+00   1.0040772e+00   1.0023526e+00   1.0037650e+00   1.0021718e+00   1.0004939e+00   1.0013191e+00   1.0000199e+00   1.0000000e+00
   1.0000199e+00   1.0019701e+00   1.0020703e+00   1.0022469e+00   1.0056168e+00   1.0054073e+00   1.0046886e+00   1.0056475e+00   1.0052078e+00   1.0062971e+00   1.0057327e+00   1.0052059e+00   1.0078100e+00   1.0070552e+00   1.0058472e+00   1.0064618e+00   1.0057909e+00   1.0066317e+00   1.0062303e+00   1.0055366e+00   1.0079969e+00   1.0073271e+00   1.0056148e+00   1.0061235e+00   1.0054378e+00   1.0058226e+00   1.0056250e+00   1.0049454e+00   1.0072283e+00   1.0064859e+00   1.0046199e+00   1.0051498e+00   1.0043601e+00   1.0047518e+00   1.0043889e+00   1.0035462e+00   1.0057578e+00   1.0049587e+00   1.0031795e+00   1.0038170e+00   1.0029924e+00   1.0032769e+00   1.0034518e+00   1.0029203e+00   1.0051344e+00   1.0048227e+00   1.0029711e+00   1.0033816e+00   1.0025886e+00   1.0026906e+00   1.0029030e+00   1.0020578e+00   1.0041915e+00   1.0041201e+00   1.0022202e+00   1.0030122e+00   1.0027230e+00   1.0029780e+00   1.0028151e+00   1.0019393e+00   1.0042032e+00   1.0038022e+00   1.0019640e+00   1.0027916e+00   1.0021822e+00   1.0023307e+00   1.0028061e+00   1.0023393e+00   1.0043705e+00   1.0043705e+00   1.0023393e+00   1.0028061e+00   1.0023307e+00   1.0021822e+00   1.0027916e+00   1.0019640e+00   1.0038022e+00   1.0042032e+00   1.0019393e+00   1.0028151e+00   1.0029780e+00   1.0027230e+00   1.0030122e+00   1.0022202e+00   1.0041201e+00   1.0041915e+00   1.0020578e+00   1.0029030e+00   1.0026906e+00   1.0025886e+00   1.0033816e+00   1.0029711e+00   1.0048227e+00   1.0051344e+00   1.0029203e+00   1.0034518e+00   1.0032769e+00   1.0029924e+00   1.0038170e+00   1.0031795e+00   1.0049587e+00   1.0057578e+00   1.0035462e+00   1.0043889e+00   1.0047518e+00   1.0043601e+00   1.0051498e+00   1.0046199e+00   1.0064859e+00   1.0072283e+00   1.0049454e+00   1.0056250e+00   1.0058226e+00   1.0054378e+00   1.0061235e+00   1.0056148e+00   1.0073271e+00   1.0079969e+00   1.0055366e+00   1.0062303e+00   1.0066317e+00   1.0057909e+00   1.0064618e+00   1.0058472e+00   1.0070552e+00   1.0078100e+00   1.0052059e+00   1.0057327e+00   1.0062971e+00   1.0052078e+00   1.0056475e+00   1.0046886e+00   1.0054073e+00   1.0056168e+00   1.0022469e+00   1.0020703e+00   1.0019701e+00   1.0000199e+00
   1.0013191e+00   1.0020703e+00   1.0052177e+00   1.0087033e+00   1.0131958e+00   1.0141769e+00   1.0103266e+00   1.0084831e+00   1.0071695e+00   1.0066436e+00   1.0090205e+00   1.0115588e+00   1.0153912e+00   1.0158324e+00   1.0114296e+00   1.0093108e+00   1.0077092e+00   1.0072995e+00   1.0094900e+00   1.0118446e+00   1.0156598e+00   1.0158606e+00   1.0114312e+00   1.0089830e+00   1.0071458e+00   1.0066457e+00   1.0087592e+00   1.0111824e+00   1.0149160e+00   1.0149512e+00   1.0104357e+00   1.0080115e+00   1.0060908e+00   1.0054748e+00   1.0076086e+00   1.0097649e+00   1.0134719e+00   1.0134598e+00   1.0088728e+00   1.0066606e+00   1.0046156e+00   1.0041905e+00   1.0066307e+00   1.0091057e+00   1.0130446e+00   1.0132041e+00   1.0088643e+00   1.0062507e+00   1.0040162e+00   1.0037896e+00   1.0059423e+00   1.0081606e+00   1.0121652e+00   1.0123987e+00   1.0081792e+00   1.0059649e+00   1.0041407e+00   1.0039403e+00   1.0059228e+00   1.0081452e+00   1.0121702e+00   1.0121016e+00   1.0078256e+00   1.0056373e+00   1.0035882e+00   1.0035197e+00   1.0058459e+00   1.0083855e+00   1.0125473e+00   1.0125473e+00   1.0083855e+00   1.0058459e+00   1.0035197e+00   1.0035882e+00   1.0056373e+00   1.0078256e+00   1.0121016e+00   1.0121702e+00   1.0081452e+00   1.0059228e+00   1.0039403e+00   1.0041407e+00   1.0059649e+00   1.0081792e+00   1.0123987e+00   1.0121652e+00   1.0081606e+00   1.0059423e+00   1.0037896e+00   1.0040162e+00   1.0062507e+00   1.0088643e+00   1.0132041e+00   1.0130446e+00   1.0091057e+00   1.0066307e+00   1.0041905e+00   1.0046156e+00   1.0066606e+00   1.0088728e+00   1.0134598e+00   1.0134719e+00   1.0097649e+00   1.0076086e+00   1.0054748e+00   1.0060908e+00   1.0080115e+00   1.0104357e+00   1.0149512e+00   1.0149160e+00   1.0111824e+00   1.0087592e+00   1.0066457e+00   1.0071458e+00   1.0089830e+00   1.0114312e+00   1.0158606e+00   1.0156598e+00   1.0118446e+00   1.0094900e+00   1.0072995e+00   1.0077092e+00   1.0093108e+00   1.0114296e+00   1.0158324e+00   1.0153912e+00   1.0115588e+00   1.0090205e+00   1.0066436e+00   1.0071695e+00   1.0084831e+00   1.0103266e+00   1.0141769e+00   1.0131958e+00   1.0087033e+00   1.0052177e+00   1.0020703e+00   1.0013191e+00
   1.0004939e+00   1.0022469e+00   1.0087033e+00   1.0208310e+00   1.0288440e+00   1.0296485e+00   1.0226585e+00   1.0119789e+00   1.0073974e+00   1.0073511e+00   1.0125806e+00   1.0237559e+00   1.0308642e+00   1.0311022e+00   1.0237366e+00   1.0125734e+00   1.0080890e+00   1.0079391e+00   1.0128745e+00   1.0241690e+00   1.0310459e+00   1.0309895e+00   1.0237270e+00   1.0122523e+00   1.0072736e+00   1.0073104e+00   1.0122664e+00   1.0233298e+00   1.0304013e+00   1.0302667e+00   1.0226429e+00   1.0113321e+00   1.0063166e+00   1.0059869e+00   1.0109343e+00   1.0219930e+00   1.0288107e+00   1.0287287e+00   1.0211712e+00   1.0098184e+00   1.0049457e+00   1.0046656e+00   1.0099121e+00   1.0214419e+00   1.0284451e+00   1.0284430e+00   1.0211148e+00   1.0094447e+00   1.0041939e+00   1.0042735e+00   1.0093281e+00   1.0204001e+00   1.0276840e+00   1.0277624e+00   1.0204131e+00   1.0092983e+00   1.0044188e+00   1.0043376e+00   1.0092653e+00   1.0203896e+00   1.0275639e+00   1.0275185e+00   1.0201138e+00   1.0089285e+00   1.0040205e+00   1.0038354e+00   1.0090809e+00   1.0207373e+00   1.0278720e+00   1.0278720e+00   1.0207373e+00   1.0090809e+00   1.0038354e+00   1.0040205e+00   1.0089285e+00   1.0201138e+00   1.0275185e+00   1.0275639e+00   1.0203896e+00   1.0092653e+00   1.0043376e+00   1.0044188e+00   1.0092983e+00   1.0204131e+00   1.0277624e+00   1.0276840e+00   1.0204001e+00   1.0093281e+00   1.0042735e+00   1.0041939e+00   1.0094447e+00   1.0211148e+00   1.0284430e+00   1.0284451e+00   1.0214419e+00   1.0099121e+00   1.0046656e+00   1.0049457e+00   1.0098184e+00   1.0211712e+00   1.0287287e+00   1.0288107e+00   1.0219930e+00   1.0109343e+00   1.0059869e+00   1.0063166e+00   1.0113321e+00   1.0226429e+00   1.0302667e+00   1.0304013e+00   1.0233298e+00   1.0122664e+00   1.0073104e+00   1.0072736e+00   1.0122523e+00   1.0237270e+00   1.0309895e+00   1.0310459e+00   1.0241690e+00   1.0128745e+00   1.0079391e+00   1.0080890e+00   1.0125734e+00   1.0237366e+00   1.0311022e+00   1.0308642e+00   1.0237559e+00   1.0125806e+00   1.0073511e+00   1.0073974e+00   1.0119789e+00   1.0226585e+00   1.0296485e+00   1.0288440e+00   1.0208310e+00   1.0087033e+00   1.0022469e+00   1.0004939e+00
   1.0021718e+00   1.0056168e+00   1.0131958e+00   1.0288440e+00   1.0394400e+00   1.0394211e+00   1.0312179e+00   1.0168526e+00   1.0100846e+00   1.0111839e+00   1.0173873e+00   1.0317860e+00   1.0414183e+00   1.0408186e+00   1.0321941e+00   1.0175708e+00   1.0107234e+00   1.0115713e+00   1.0177355e+00   1.0323345e+00   1.0416422e+00   1.0408859e+00   1.0320615e+00   1.0171015e+00   1.0100533e+00   1.0107733e+00   1.0169570e+00   1.0315660e+00   1.0408922e+00   1.0401847e+00   1.0310792e+00   1.0161127e+00   1.0090877e+00   1.0094615e+00   1.0157064e+00   1.0300867e+00   1.0391288e+00   1.0385513e+00   1.0295000e+00   1.0146033e+00   1.0076656e+00   1.0079638e+00   1.0146063e+00   1.0295878e+00   1.0388026e+00   1.0383833e+00   1.0293275e+00   1.0141542e+00   1.0070510e+00   1.0074336e+00   1.0139285e+00   1.0286386e+00   1.0380020e+00   1.0377881e+00   1.0287464e+00   1.0140902e+00   1.0073496e+00   1.0075751e+00   1.0140773e+00   1.0285735e+00   1.0377926e+00   1.0376123e+00   1.0283759e+00   1.0137029e+00   1.0069226e+00   1.0068733e+00   1.0138495e+00   1.0289191e+00   1.0380735e+00   1.0380735e+00   1.0289191e+00   1.0138495e+00   1.0068733e+00   1.0069226e+00   1.0137029e+00   1.0283759e+00   1.0376123e+00   1.0377926e+00   1.0285735e+00   1.0140773e+00   1.0075751e+00   1.0073496e+00   1.0140902e+00   1.0287464e+00   1.0377881e+00   1.0380020e+00   1.0286386e+00   1.0139285e+00   1.0074336e+00   1.0070510e+00   1.0141542e+00   1.0293275e+00   1.0383833e+00   1.0388026e+00   1.0295878e+00   1.0146063e+00   1.0079638e+00   1.0076656e+00   1.0146033e+00   1.0295000e+00   1.0385513e+00   1.0391288e+00   1.0300867e+00   1.0157064e+00   1.0094615e+00   1.0090877e+00   1.0161127e+00   1.0310792e+00   1.0401847e+00   1.0408922e+00   1.0315660e+00   1.0169570e+00   1.0107733e+00   1.0100533e+00   1.0171015e+00   1.0320615e+00   1.0408859e+00   1.0416422e+00   1.0323345e+00   1.0177355e+00   1.0115713e+00   1.0107234e+00   1.0175708e+00   1.0321941e+00   1.0408186e+00   1.0414183e+00   1.0317860e+00   1.0173873e+00   1.0111839e+00   1.0100846e+00   1.0168526e+00   1.0312179e+00   1.0394211e+00   1.0394400e+00   1.0288440e+00   1.0131958e+00   1.0056168e+00   1.0021718e+00
   1.0037650e+00   1.0054073e+00   1.0141769e+00   1.0296485e+00   1.0394211e+00   1.0407016e+00   1.0313840e+00   1.0176546e+00   1.0116343e+00   1.0110923e+00   1.0184754e+00   1.0325730e+00   1.0413846e+00   1.0420877e+00   1.0324040e+00   1.0183140e+00   1.0121896e+00   1.0116239e+00   1.0187157e+00   1.0329552e+00   1.0416709e+00   1.0419142e+00   1.0321900e+00   1.0178821e+00   1.0113882e+00   1.0108463e+00   1.0178344e+00   1.0320762e+00   1.0409092e+00   1.0411403e+00   1.0312660e+00   1.0168458e+00   1.0102557e+00   1.0096000e+00   1.0166319e+00   1.0305413e+00   1.0390707e+00   1.0393101e+00   1.0295130e+00   1.0151375e+00   1.0085956e+00   1.0081182e+00   1.0153347e+00   1.0298680e+00   1.0388376e+00   1.0389597e+00   1.0293179e+00   1.0147324e+00   1.0079039e+00   1.0077269e+00   1.0146397e+00   1.0289231e+00   1.0381897e+00   1.0383739e+00   1.0289484e+00   1.0147558e+00   1.0081340e+00   1.0079349e+00   1.0148545e+00   1.0289893e+00   1.0380411e+00   1.0381444e+00   1.0285253e+00   1.0142126e+00   1.0075415e+00   1.0073718e+00   1.0144748e+00   1.0290772e+00   1.0384374e+00   1.0384374e+00   1.0290772e+00   1.0144748e+00   1.0073718e+00   1.0075415e+00   1.0142126e+00   1.0285253e+00   1.0381444e+00   1.0380411e+00   1.0289893e+00   1.0148545e+00   1.0079349e+00   1.0081340e+00   1.0147558e+00   1.0289484e+00   1.0383739e+00   1.0381897e+00   1.0289231e+00   1.0146397e+00   1.0077269e+00   1.0079039e+00   1.0147324e+00   1.0293179e+00   1.0389597e+00   1.0388376e+00   1.0298680e+00   1.0153347e+00   1.0081182e+00   1.0085956e+00   1.0151375e+00   1.0295130e+00   1.0393101e+00   1.0390707e+00   1.0305413e+00   1.0166319e+00   1.0096000e+00   1.0102557e+00   1.0168458e+00   1.0312660e+00   1.0411403e+00   1.0409092e+00   1.0320762e+00   1.0178344e+00   1.0108463e+00   1.0113882e+00   1.0178821e+00   1.0321900e+00   1.0419142e+00   1.0416709e+00   1.0329552e+00   1.0187157e+00   1.0116239e+00   1.0121896e+00   1.0183140e+00   1.0324040e+00   1.0420877e+00   1.0413846e+00   1.0325730e+00   1.0184754e+00   1.0110923e+00   1.0116343e+00   1.0176546e+00   1.0313840e+00   1.0407016e+00   1.0394211e+00   1.0296485e+00   1.0141769e+00   1.0054073e+00   1.0037650e+00
   1.0023526e+00   1.0046886e+00   1.0103266e+00   1.0226585e+00   1.0312179e+00   1.0313840e+00   1.0250414e+00   1.0143755e+00   1.0096401e+00   1.0100666e+00   1.0144923e+00   1.0257406e+00   1.0331830e+00   1.0328550e+00   1.0259855e+00   1.0148545e+00   1.0101338e+00   1.0104302e+00   1.0147185e+00   1.0259641e+00   1.0333027e+00   1.0327326e+00   1.0256152e+00   1.0143079e+00   1.0091817e+00   1.0093837e+00   1.0138407e+00   1.0249871e+00   1.0323471e+00   1.0318314e+00   1.0245859e+00   1.0132424e+00   1.0081275e+00   1.0080575e+00   1.0124623e+00   1.0234608e+00   1.0303139e+00   1.0299329e+00   1.0226002e+00   1.0111500e+00   1.0064260e+00   1.0063683e+00   1.0110022e+00   1.0226128e+00   1.0297962e+00   1.0294801e+00   1.0224071e+00   1.0107540e+00   1.0056371e+00   1.0059419e+00   1.0104415e+00   1.0216998e+00   1.0291568e+00   1.0290123e+00   1.0220753e+00   1.0109362e+00   1.0062006e+00   1.0062613e+00   1.0108276e+00   1.0219913e+00   1.0290122e+00   1.0288552e+00   1.0215088e+00   1.0101768e+00   1.0055431e+00   1.0054113e+00   1.0102831e+00   1.0220007e+00   1.0291376e+00   1.0291376e+00   1.0220007e+00   1.0102831e+00   1.0054113e+00   1.0055431e+00   1.0101768e+00   1.0215088e+00   1.0288552e+00   1.0290122e+00   1.0219913e+00   1.0108276e+00   1.0062613e+00   1.0062006e+00   1.0109362e+00   1.0220753e+00   1.0290123e+00   1.0291568e+00   1.0216998e+00   1.0104415e+00   1.0059419e+00   1.0056371e+00   1.0107540e+00   1.0224071e+00   1.0294801e+00   1.0297962e+00   1.0226128e+00   1.0110022e+00   1.0063683e+00   1.0064260e+00   1.0111500e+00   1.0226002e+00   1.0299329e+00   1.0303139e+00   1.0234608e+00   1.0124623e+00   1.0080575e+00   1.0081275e+00   1.0132424e+00   1.0245859e+00   1.0318314e+00   1.0323471e+00   1.0249871e+00   1.0138407e+00   1.0093837e+00   1.0091817e+00   1.0143079e+00   1.0256152e+00   1.0327326e+00   1.0333027e+00   1.0259641e+00   1.0147185e+00   1.0104302e+00   1.0101338e+00   1.0148545e+00   1.0259855e+00   1.0328550e+00   1.0331830e+00   1.0257406e+00   1.0144923e+00   1.0100666e+00   1.0096401e+00   1.0143755e+00   1.0250414e+00   1.0313840e+00   1.0312179e+00   1.0226585e+00   1.0103266e+00   1.0046886e+00   1.0023526e+00
   1.0040772e+00   1.0056475e+00   1.0084831e+00   1.0119789e+00   1.0168526e+00   1.0176546e+00   1.0143755e+00   1.0122433e+00   1.0105396e+00   1.0105798e+00   1.0124929e+00   1.0149266e+00   1.0190387e+00   1.0191693e+00   1.0152223e+00   1.0129849e+00   1.0109180e+00   1.0109755e+00   1.0130529e+00   1.0150855e+00   1.0191697e+00   1.0191158e+00   1.0147374e+00   1.0123548e+00   1.0100049e+00   1.0097605e+00   1.0118903e+00   1.0141630e+00   1.0180507e+00   1.0179378e+00   1.0136916e+00   1.0111076e+00   1.0087465e+00   1.0084579e+00   1.0103654e+00   1.0122840e+00   1.0160546e+00   1.0158051e+00   1.0113660e+00   1.0090327e+00   1.0067912e+00   1.0066002e+00   1.0088630e+00   1.0112727e+00   1.0152946e+00   1.0152549e+00   1.0111452e+00   1.0084981e+00   1.0060796e+00   1.0061736e+00   1.0082005e+00   1.0105600e+00   1.0147756e+00   1.0148690e+00   1.0110471e+00   1.0087594e+00   1.0067743e+00   1.0067471e+00   1.0086482e+00   1.0108672e+00   1.0147621e+00   1.0145961e+00   1.0103295e+00   1.0080201e+00   1.0058493e+00   1.0057813e+00   1.0081629e+00   1.0106400e+00   1.0147869e+00   1.0147869e+00   1.0106400e+00   1.0081629e+00   1.0057813e+00   1.0058493e+00   1.0080201e+00   1.0103295e+00   1.0145961e+00   1.0147621e+00   1.0108672e+00   1.0086482e+00   1.0067471e+00   1.0067743e+00   1.0087594e+00   1.0110471e+00   1.0148690e+00   1.0147756e+00   1.0105600e+00   1.0082005e+00   1.0061736e+00   1.0060796e+00   1.0084981e+00   1.0111452e+00   1.0152549e+00   1.0152946e+00   1.0112727e+00   1.0088630e+00   1.0066002e+00   1.0067912e+00   1.0090327e+00   1.0113660e+00   1.0158051e+00   1.0160546e+00   1.0122840e+00   1.0103654e+00   1.0084579e+00   1.0087465e+00   1.0111076e+00   1.0136916e+00   1.0179378e+00   1.0180507e+00   1.0141630e+00   1.0118903e+00   1.0097605e+00   1.0100049e+00   1.0123548e+00   1.0147374e+00   1.0191158e+00   1.0191697e+00   1.0150855e+00   1.0130529e+00   1.0109755e+00   1.0109180e+00   1.0129849e+00   1.0152223e+00   1.0191693e+00   1.0190387e+00   1.0149266e+00   1.0124929e+00   1.0105798e+00   1.0105396e+00   1.0122433e+00   1.0143755e+00   1.0176546e+00   1.0168526e+00   1.0119789e+00   1.0084831e+00   1.0056475e+00   1.0040772e+00
   1.0046475e+00   1.0052078e+00   1.0071695e+00   1.0073974e+00   1.0100846e+00   1.0116343e+00   1.0096401e+00   1.0105396e+00   1.0105913e+00   1.0100294e+00   1.0110702e+00   1.0105275e+00   1.0122468e+00   1.0131252e+00   1.0105835e+00   1.0110532e+00   1.0108974e+00   1.0103575e+00   1.0112945e+00   1.0105561e+00   1.0123418e+00   1.0128426e+00   1.0099905e+00   1.0104931e+00   1.0099426e+00   1.0091050e+00   1.0102141e+00   1.0094724e+00   1.0112375e+00   1.0115843e+00   1.0088862e+00   1.0092776e+00   1.0085040e+00   1.0078725e+00   1.0086242e+00   1.0075504e+00   1.0091461e+00   1.0092772e+00   1.0064113e+00   1.0068590e+00   1.0063153e+00   1.0057865e+00   1.0067540e+00   1.0063254e+00   1.0082315e+00   1.0085183e+00   1.0061402e+00   1.0064441e+00   1.0056533e+00   1.0054389e+00   1.0062233e+00   1.0055451e+00   1.0079035e+00   1.0082638e+00   1.0061674e+00   1.0070126e+00   1.0065058e+00   1.0063207e+00   1.0069179e+00   1.0060671e+00   1.0079398e+00   1.0079095e+00   1.0053836e+00   1.0058897e+00   1.0053121e+00   1.0051869e+00   1.0060503e+00   1.0057477e+00   1.0078943e+00   1.0078943e+00   1.0057477e+00   1.0060503e+00   1.0051869e+00   1.0053121e+00   1.0058897e+00   1.0053836e+00   1.0079095e+00   1.0079398e+00   1.0060671e+00   1.0069179e+00   1.0063207e+00   1.0065058e+00   1.0070126e+00   1.0061674e+00   1.0082638e+00   1.0079035e+00   1.0055451e+00   1.0062233e+00   1.0054389e+00   1.0056533e+00   1.0064441e+00   1.0061402e+00   1.0085183e+00   1.0082315e+00   1.0063254e+00   1.0067540e+00   1.0057865e+00   1.0063153e+00   1.0068590e+00   1.0064113e+00   1.0092772e+00   1.0091461e+00   1.0075504e+00   1.0086242e+00   1.0078725e+00   1.0085040e+00   1.0092776e+00   1.0088862e+00   1.0115843e+00   1.0112375e+00   1.0094724e+00   1.0102141e+00   1.0091050e+00   1.0099426e+00   1.0104931e+00   1.0099905e+00   1.0128426e+00   1.0123418e+00   1.0105561e+00   1.0112945e+00   1.0103575e+00   1.0108974e+00   1.0110532e+00   1.0105835e+00   1.0131252e+00   1.0122468e+00   1.0105275e+00   1.0110702e+00   1.0100294e+00   1.0105913e+00   1.0105396e+00   1.0096401e+00   1.0116343e+00   1.0100846e+00   1.0073974e+00   1.0071695e+00   1.0052078e+00   1.0046475e+00
   1.0040386e+00   1.0062971e+00   1.0066436e+00   1.0073511e+00   1.0111839e+00   1.0110923e+00   1.0100666e+00   1.0105798e+00   1.0100294e+00   1.0109278e+00   1.0106898e+00   1.0105917e+00   1.0132591e+00   1.0126874e+00   1.0110217e+00   1.0111296e+00   1.0103016e+00   1.0111042e+00   1.0108529e+00   1.0105155e+00   1.0133130e+00   1.0123582e+00   1.0103426e+00   1.0104520e+00   1.0093634e+00   1.0098032e+00   1.0096561e+00   1.0094315e+00   1.0120136e+00   1.0111099e+00   1.0090592e+00   1.0089452e+00   1.0078761e+00   1.0082345e+00   1.0080628e+00   1.0075382e+00   1.0096352e+00   1.0089521e+00   1.0064825e+00   1.0063294e+00   1.0056462e+00   1.0057579e+00   1.0058808e+00   1.0060790e+00   1.0084897e+00   1.0079734e+00   1.0062034e+00   1.0059426e+00   1.0050037e+00   1.0054957e+00   1.0053770e+00   1.0054002e+00   1.0082278e+00   1.0080533e+00   1.0063271e+00   1.0065827e+00   1.0062396e+00   1.0064001e+00   1.0064189e+00   1.0061132e+00   1.0080809e+00   1.0078723e+00   1.0054045e+00   1.0053300e+00   1.0050308e+00   1.0049223e+00   1.0054354e+00   1.0056568e+00   1.0077136e+00   1.0077136e+00   1.0056568e+00   1.0054354e+00   1.0049223e+00   1.0050308e+00   1.0053300e+00   1.0054045e+00   1.0078723e+00   1.0080809e+00   1.0061132e+00   1.0064189e+00   1.0064001e+00   1.0062396e+00   1.0065827e+00   1.0063271e+00   1.0080533e+00   1.0082278e+00   1.0054002e+00   1.0053770e+00   1.0054957e+00   1.0050037e+00   1.0059426e+00   1.0062034e+00   1.0079734e+00   1.0084897e+00   1.0060790e+00   1.0058808e+00   1.0057579e+00   1.0056462e+00   1.0063294e+00   1.0064825e+00   1.0089521e+00   1.0096352e+00   1.0075382e+00   1.0080628e+00   1.0082345e+00   1.0078761e+00   1.0089452e+00   1.0090592e+00   1.0111099e+00   1.0120136e+00   1.0094315e+00   1.0096561e+00   1.0098032e+00   1.0093634e+00   1.0104520e+00   1.0103426e+00   1.0123582e+00   1.0133130e+00   1.0105155e+00   1.0108529e+00   1.0111042e+00   1.0103016e+00   1.0111296e+00   1.0110217e+00   1.0126874e+00   1.0132591e+00   1.0105917e+00   1.0106898e+00   1.0109278e+00   1.0100294e+00   1.0105798e+00   1.0100666e+00   1.0110923e+00   1.0111839e+00   1.0073511e+00   1.0066436e+00   1.0062971e+00   1.0040386e+00
   1.0048657e+00   1.0057327e+00   1.0090205e+00   1.0125806e+00   1.0173873e+00   1.0184754e+00   1.0144923e+00   1.0124929e+00   1.0110702e+00   1.0106898e+00   1.0130325e+00   1.0155742e+00   1.0195798e+00   1.0199197e+00   1.0153440e+00   1.0131669e+00   1.0113130e+00   1.0108139e+00   1.0132979e+00   1.0155557e+00   1.0194625e+00   1.0195589e+00   1.0146556e+00   1.0123558e+00   1.0102805e+00   1.0095902e+00   1.0120128e+00   1.0143950e+00   1.0182126e+00   1.0182157e+00   1.0134213e+00   1.0106927e+00   1.0085143e+00   1.0080800e+00   1.0101115e+00   1.0121798e+00   1.0158961e+00   1.0156805e+00   1.0106636e+00   1.0080067e+00   1.0059003e+00   1.0052944e+00   1.0078043e+00   1.0105430e+00   1.0144770e+00   1.0146318e+00   1.0102589e+00   1.0074727e+00   1.0052983e+00   1.0051876e+00   1.0073328e+00   1.0100898e+00   1.0145397e+00   1.0148845e+00   1.0107708e+00   1.0083626e+00   1.0066129e+00   1.0064743e+00   1.0083560e+00   1.0107278e+00   1.0146609e+00   1.0144728e+00   1.0098300e+00   1.0071604e+00   1.0050576e+00   1.0048386e+00   1.0072080e+00   1.0099269e+00   1.0140725e+00   1.0140725e+00   1.0099269e+00   1.0072080e+00   1.0048386e+00   1.0050576e+00   1.0071604e+00   1.0098300e+00   1.0144728e+00   1.0146609e+00   1.0107278e+00   1.0083560e+00   1.0064743e+00   1.0066129e+00   1.0083626e+00   1.0107708e+00   1.0148845e+00   1.0145397e+00   1.0100898e+00   1.0073328e+00   1.0051876e+00   1.0052983e+00   1.0074727e+00   1.0102589e+00   1.0146318e+00   1.0144770e+00   1.0105430e+00   1.0078043e+00   1.0052944e+00   1.0059003e+00   1.0080067e+00   1.0106636e+00   1.0156805e+00   1.0158961e+00   1.0121798e+00   1.0101115e+00   1.0080800e+00   1.0085143e+00   1.0106927e+00   1.0134213e+00   1.0182157e+00   1.0182126e+00   1.0143950e+00   1.0120128e+00   1.0095902e+00   1.0102805e+00   1.0123558e+00   1.0146556e+00   1.0195589e+00   1.0194625e+00   1.0155557e+00   1.0132979e+00   1.0108139e+00   1.0113130e+00   1.0131669e+00   1.0153440e+00   1.0199197e+00   1.0195798e+00   1.0155742e+00   1.0130325e+00   1.0106898e+00   1.0110702e+00   1.0124929e+00   1.0144923e+00   1.0184754e+00   1.0173873e+00   1.0125806e+00   1.0090205e+00   1.0057327e+00   1.0048657e+00
   1.0035268e+00   1.0052059e+00   1.0115588e+00   1.0237559e+00   1.0317860e+00   1.0325730e+00   1.0257406e+00   1.0149266e+00   1.0105275e+00   1.0105917e+00   1.0155742e+00   1.0268820e+00   1.0339427e+00   1.0340122e+00   1.0265917e+00   1.0152856e+00   1.0107287e+00   1.0106107e+00   1.0155018e+00   1.0266627e+00   1.0335560e+00   1.0334945e+00   1.0258304e+00   1.0143395e+00   1.0095911e+00   1.0091705e+00   1.0140830e+00   1.0254748e+00   1.0321767e+00   1.0320024e+00   1.0244949e+00   1.0126232e+00   1.0076505e+00   1.0075670e+00   1.0121469e+00   1.0232596e+00   1.0299421e+00   1.0294320e+00   1.0214739e+00   1.0094698e+00   1.0046379e+00   1.0042665e+00   1.0092276e+00   1.0211463e+00   1.0280763e+00   1.0281611e+00   1.0209604e+00   1.0088866e+00   1.0040304e+00   1.0040883e+00   1.0089494e+00   1.0208179e+00   1.0283185e+00   1.0287443e+00   1.0217949e+00   1.0104274e+00   1.0058280e+00   1.0057825e+00   1.0104639e+00   1.0218277e+00   1.0286504e+00   1.0283113e+00   1.0206448e+00   1.0087327e+00   1.0039687e+00   1.0037258e+00   1.0086438e+00   1.0206754e+00   1.0277143e+00   1.0277143e+00   1.0206754e+00   1.0086438e+00   1.0037258e+00   1.0039687e+00   1.0087327e+00   1.0206448e+00   1.0283113e+00   1.0286504e+00   1.0218277e+00   1.0104639e+00   1.0057825e+00   1.0058280e+00   1.0104274e+00   1.0217949e+00   1.0287443e+00   1.0283185e+00   1.0208179e+00   1.0089494e+00   1.0040883e+00   1.0040304e+00   1.0088866e+00   1.0209604e+00   1.0281611e+00   1.0280763e+00   1.0211463e+00   1.0092276e+00   1.0042665e+00   1.0046379e+00   1.0094698e+00   1.0214739e+00   1.0294320e+00   1.0299421e+00   1.0232596e+00   1.0121469e+00   1.0075670e+00   1.0076505e+00   1.0126232e+00   1.0244949e+00   1.0320024e+00   1.0321767e+00   1.0254748e+00   1.0140830e+00   1.0091705e+00   1.0095911e+00   1.0143395e+00   1.0258304e+00   1.0334945e+00   1.0335560e+00   1.0266627e+00   1.0155018e+00   1.0106107e+00   1.0107287e+00   1.0152856e+00   1.0265917e+00   1.0340122e+00   1.0339427e+00   1.0268820e+00   1.0155742e+00   1.0105917e+00   1.0105275e+00   1.0149266e+00   1.0257406e+00   1.0325730e+00   1.0317860e+00   1.0237559e+00   1.0115588e+00   1.0052059e+00   1.0035268e+00
   1.0044346e+00   1.0078100e+00   1.0153912e+00   1.0308642e+00   1.0414183e+00   1.0413846e+00   1.0331830e+00   1.0190387e+00   1.0122468e+00   1.0132591e+00   1.0195798e+00   1.0339427e+00   1.0434863e+00   1.0429039e+00   1.0340083e+00   1.0193258e+00   1.0125161e+00   1.0133205e+00   1.0193934e+00   1.0336440e+00   1.0429702e+00   1.0421880e+00   1.0331084e+00   1.0182663e+00   1.0112352e+00   1.0117087e+00   1.0178773e+00   1.0324241e+00   1.0414398e+00   1.0405288e+00   1.0314788e+00   1.0162836e+00   1.0090281e+00   1.0095454e+00   1.0156136e+00   1.0298881e+00   1.0388330e+00   1.0378664e+00   1.0281666e+00   1.0126434e+00   1.0056580e+00   1.0057369e+00   1.0119935e+00   1.0271689e+00   1.0363249e+00   1.0359787e+00   1.0272383e+00   1.0118614e+00   1.0050534e+00   1.0056769e+00   1.0121640e+00   1.0274687e+00   1.0372431e+00   1.0373737e+00   1.0286284e+00   1.0139136e+00   1.0072987e+00   1.0074579e+00   1.0138929e+00   1.0285345e+00   1.0374484e+00   1.0370561e+00   1.0274011e+00   1.0120773e+00   1.0053779e+00   1.0050671e+00   1.0116594e+00   1.0268564e+00   1.0357943e+00   1.0357943e+00   1.0268564e+00   1.0116594e+00   1.0050671e+00   1.0053779e+00   1.0120773e+00   1.0274011e+00   1.0370561e+00   1.0374484e+00   1.0285345e+00   1.0138929e+00   1.0074579e+00   1.0072987e+00   1.0139136e+00   1.0286284e+00   1.0373737e+00   1.0372431e+00   1.0274687e+00   1.0121640e+00   1.0056769e+00   1.0050534e+00   1.0118614e+00   1.0272383e+00   1.0359787e+00   1.0363249e+00   1.0271689e+00   1.0119935e+00   1.0057369e+00   1.0056580e+00   1.0126434e+00   1.0281666e+00   1.0378664e+00   1.0388330e+00   1.0298881e+00   1.0156136e+00   1.0095454e+00   1.0090281e+00   1.0162836e+00   1.0314788e+00   1.0405288e+00   1.0414398e+00   1.0324241e+00   1.0178773e+00   1.0117087e+00   1.0112352e+00   1.0182663e+00   1.0331084e+00   1.0421880e+00   1.0429702e+00   1.0336440e+00   1.0193934e+00   1.0133205e+00   1.0125161e+00   1.0193258e+00   1.0340083e+00   1.0429039e+00   1.0434863e+00   1.0339427e+00   1.0195798e+00   1.0132591e+00   1.0122468e+00   1.0190387e+00   1.0331830e+00   1.0413846e+00   1.0414183e+00   1.0308642e+00   1.0153912e+00   1.0078100e+00   1.0044346e+00
   1.0054317e+00   1.0070552e+00   1.0158324e+00   1.0311022e+00   1.0408186e+00   1.0420877e+00   1.0328550e+00   1.0191693e+00   1.0131252e+00   1.0126874e+00   1.0199197e+00   1.0340122e+00   1.0429039e+00   1.0433320e+00   1.0335404e+00   1.0194697e+00   1.0131404e+00   1.0124500e+00   1.0196497e+00   1.0335491e+00   1.0420376e+00   1.0423902e+00   1.0323266e+00   1.0180920e+00   1.0116429e+00   1.0107186e+00   1.0178918e+00   1.0321156e+00   1.0404881e+00   1.0406158e+00   1.0307244e+00   1.0159573e+00   1.0091774e+00   1.0087278e+00   1.0153449e+00   1.0291395e+00   1.0376681e+00   1.0371438e+00   1.0268364e+00   1.0117200e+00   1.0047121e+00   1.0039240e+00   1.0107565e+00   1.0254197e+00   1.0340456e+00   1.0342885e+00   1.0250285e+00   1.0103168e+00   1.0040074e+00   1.0041222e+00   1.0114641e+00   1.0265868e+00   1.0362625e+00   1.0369409e+00   1.0277488e+00   1.0135952e+00   1.0071014e+00   1.0069802e+00   1.0136768e+00   1.0278397e+00   1.0367893e+00   1.0363440e+00   1.0263931e+00   1.0112545e+00   1.0041502e+00   1.0036772e+00   1.0102537e+00   1.0249221e+00   1.0338347e+00   1.0338347e+00   1.0249221e+00   1.0102537e+00   1.0036772e+00   1.0041502e+00   1.0112545e+00   1.0263931e+00   1.0363440e+00   1.0367893e+00   1.0278397e+00   1.0136768e+00   1.0069802e+00   1.0071014e+00   1.0135952e+00   1.0277488e+00   1.0369409e+00   1.0362625e+00   1.0265868e+00   1.0114641e+00   1.0041222e+00   1.0040074e+00   1.0103168e+00   1.0250285e+00   1.0342885e+00   1.0340456e+00   1.0254197e+00   1.0107565e+00   1.0039240e+00   1.0047121e+00   1.0117200e+00   1.0268364e+00   1.0371438e+00   1.0376681e+00   1.0291395e+00   1.0153449e+00   1.0087278e+00   1.0091774e+00   1.0159573e+00   1.0307244e+00   1.0406158e+00   1.0404881e+00   1.0321156e+00   1.0178918e+00   1.0107186e+00   1.0116429e+00   1.0180920e+00   1.0323266e+00   1.0423902e+00   1.0420376e+00   1.0335491e+00   1.0196497e+00   1.0124500e+00   1.0131404e+00   1.0194697e+00   1.0335404e+00   1.0433320e+00   1.0429039e+00   1.0340122e+00   1.0199197e+00   1.0126874e+00   1.0131252e+00   1.0191693e+00   1.0328550e+00   1.0420877e+00   1.0408186e+00   1.0311022e+00   1.0158324e+00   1.0070552e+00   1.0054317e+00
   1.0035861e+00   1.0058472e+00   1.0114296e+00   1.0237366e+00   1.0321941e+00   1.0324040e+00   1.0259855e+00   1.0152223e+00   1.0105835e+00   1.0110217e+00   1.0153440e+00   1.0265917e+00   1.0340083e+00   1.0335404e+00   1.0266580e+00   1.0154132e+00   1.0104385e+00   1.0106582e+00   1.0149677e+00   1.0259896e+00   1.0331048e+00   1.0324344e+00   1.0250422e+00   1.0136238e+00   1.0086497e+00   1.0085205e+00   1.0127794e+00   1.0241605e+00   1.0310430e+00   1.0303704e+00   1.0231054e+00   1.0111743e+00   1.0059903e+00   1.0060627e+00   1.0100383e+00   1.0208397e+00   1.0275897e+00   1.0264866e+00   1.0186507e+00   1.0062630e+00   1.0007431e+00   1.0002001e+00   1.0040606e+00   1.0154853e+00   1.0221592e+00   1.0218273e+00   1.0153582e+00   1.0039083e+00   9.9970087e-01   1.0006074e+00   1.0056706e+00   1.0180671e+00   1.0261161e+00   1.0265428e+00   1.0198141e+00   1.0086781e+00   1.0041014e+00   1.0041749e+00   1.0086857e+00   1.0198566e+00   1.0267052e+00   1.0260795e+00   1.0181600e+00   1.0057582e+00   1.0004966e+00   9.9976255e-01   1.0038014e+00   1.0153041e+00   1.0218531e+00   1.0218531e+00   1.0153041e+00   1.0038014e+00   9.9976255e-01   1.0004966e+00   1.0057582e+00   1.0181600e+00   1.0260795e+00   1.0267052e+00   1.0198566e+00   1.0086857e+00   1.0041749e+00   1.0041014e+00   1.0086781e+00   1.0198141e+00   1.0265428e+00   1.0261161e+00   1.0180671e+00   1.0056706e+00   1.0006074e+00   9.9970087e-01   1.0039083e+00   1.0153582e+00   1.0218273e+00   1.0221592e+00   1.0154853e+00   1.0040606e+00   1.0002001e+00   1.0007431e+00   1.0062630e+00   1.0186507e+00   1.0264866e+00   1.0275897e+00   1.0208397e+00   1.0100383e+00   1.0060627e+00   1.0059903e+00   1.0111743e+00   1.0231054e+00   1.0303704e+00   1.0310430e+00   1.0241605e+00   1.0127794e+00   1.0085205e+00   1.0086497e+00   1.0136238e+00   1.0250422e+00   1.0324344e+00   1.0331048e+00   1.0259896e+00   1.0149677e+00   1.0106582e+00   1.0104385e+00   1.0154132e+00   1.0266580e+00   1.0335404e+00   1.0340083e+00   1.0265917e+00   1.0153440e+00   1.0110217e+00   1.0105835e+00   1.0152223e+00   1.0259855e+00   1.0324040e+00   1.0321941e+00   1.0237366e+00   1.0114296e+00   1.0058472e+00   1.0035861e+00
   1.0050019e+00   1.0064618e+00   1.0093108e+00   1.0125734e+00   1.0175708e+00   1.0183140e+00   1.0148545e+00   1.0129849e+00   1.0110532e+00   1.0111296e+00   1.0131669e+00   1.0152856e+00   1.0193258e+00   1.0194697e+00   1.0154132e+00   1.0130747e+00   1.0109337e+00   1.0107886e+00   1.0127350e+00   1.0146337e+00   1.0184395e+00   1.0182210e+00   1.0136076e+00   1.0112381e+00   1.0088791e+00   1.0084149e+00   1.0104820e+00   1.0124667e+00   1.0161742e+00   1.0158277e+00   1.0113683e+00   1.0086530e+00   1.0059123e+00   1.0056018e+00   1.0072192e+00   1.0086045e+00   1.0120220e+00   1.0111390e+00   1.0060585e+00   1.0026823e+00   9.9957237e-01   9.9856699e-01   9.9946874e-01   1.0011600e+00   1.0043741e+00   1.0043685e+00   1.0011905e+00   9.9946429e-01   9.9836880e-01   9.9941754e-01   1.0024327e+00   1.0056276e+00   1.0108134e+00   1.0115610e+00   1.0079710e+00   1.0061989e+00   1.0041205e+00   1.0041536e+00   1.0061607e+00   1.0079439e+00   1.0116216e+00   1.0108701e+00   1.0057786e+00   1.0025366e+00   9.9948161e-01   9.9844969e-01   9.9948608e-01   1.0011865e+00   1.0044273e+00   1.0044273e+00   1.0011865e+00   9.9948608e-01   9.9844969e-01   9.9948161e-01   1.0025366e+00   1.0057786e+00   1.0108701e+00   1.0116216e+00   1.0079439e+00   1.0061607e+00   1.0041536e+00   1.0041205e+00   1.0061989e+00   1.0079710e+00   1.0115610e+00   1.0108134e+00   1.0056276e+00   1.0024327e+00   9.9941754e-01   9.9836880e-01   9.9946429e-01   1.0011905e+00   1.0043685e+00   1.0043741e+00   1.0011600e+00   9.9946874e-01   9.9856699e-01   9.9957237e-01   1.0026823e+00   1.0060585e+00   1.0111390e+00   1.0120220e+00   1.0086045e+00   1.0072192e+00   1.0056018e+00   1.0059123e+00   1.0086530e+00   1.0113683e+00   1.0158277e+00   1.0161742e+00   1.0124667e+00   1.0104820e+00   1.0084149e+00   1.0088791e+00   1.0112381e+00   1.0136076e+00   1.0182210e+00   1.0184395e+00   1.0146337e+00   1.0127350e+00   1.0107886e+00   1.0109337e+00   1.0130747e+00   1.0154132e+00   1.0194697e+00   1.0193258e+00   1.0152856e+00   1.0131669e+00   1.0111296e+00   1.0110532e+00   1.0129849e+00   1.0148545e+00   1.0183140e+00   1.0175708e+00   1.0125734e+00   1.0093108e+00   1.0064618e+00   1.0050019e+00
   1.0052545e+00   1.0057909e+00   1.0077092e+00   1.0080890e+00   1.0107234e+00   1.0121896e+00   1.0101338e+00   1.0109180e+00   1.0108974e+00   1.0103016e+00   1.0113130e+00   1.0107287e+00   1.0125161e+00   1.0131404e+00   1.0104385e+00   1.0109337e+00   1.0104533e+00   1.0097641e+00   1.0107916e+00   1.0097437e+00   1.0112721e+00   1.0116552e+00   1.0083348e+00   1.0086436e+00   1.0080955e+00   1.0069458e+00   1.0080431e+00   1.0074890e+00   1.0088385e+00   1.0090787e+00   1.0063086e+00   1.0061587e+00   1.0052006e+00   1.0044643e+00   1.0048270e+00   1.0034674e+00   1.0048191e+00   1.0040338e+00   1.0002988e+00   9.9954877e-01   9.9753504e-01   9.9577416e-01   9.9503476e-01   9.9301678e-01   9.9369486e-01   9.9405868e-01   9.9287690e-01   9.9474327e-01   9.9583460e-01   9.9699382e-01   9.9931399e-01   1.0001484e+00   1.0035594e+00   1.0048081e+00   1.0030950e+00   1.0041123e+00   1.0036302e+00   1.0035216e+00   1.0041356e+00   1.0031469e+00   1.0047541e+00   1.0037755e+00   1.0002339e+00   9.9937792e-01   9.9725376e-01   9.9584997e-01   9.9490183e-01   9.9297049e-01   9.9396151e-01   9.9396151e-01   9.9297049e-01   9.9490183e-01   9.9584997e-01   9.9725376e-01   9.9937792e-01   1.0002339e+00   1.0037755e+00   1.0047541e+00   1.0031469e+00   1.0041356e+00   1.0035216e+00   1.0036302e+00   1.0041123e+00   1.0030950e+00   1.0048081e+00   1.0035594e+00   1.0001484e+00   9.9931399e-01   9.9699382e-01   9.9583460e-01   9.9474327e-01   9.9287690e-01   9.9405868e-01   9.9369486e-01   9.9301678e-01   9.9503476e-01   9.9577416e-01   9.9753504e-01   9.9954877e-01   1.0002988e+00   1.0040338e+00   1.0048191e+00   1.0034674e+00   1.0048270e+00   1.0044643e+00   1.0052006e+00   1.0061587e+00   1.0063086e+00   1.0090787e+00   1.0088385e+00   1.0074890e+00   1.0080431e+00   1.0069458e+00   1.0080955e+00   1.0086436e+00   1.0083348e+00   1.0116552e+00   1.0112721e+00   1.0097437e+00   1.0107916e+00   1.0097641e+00   1.0104533e+00   1.0109337e+00   1.0104385e+00   1.0131404e+00   1.0125161e+00   1.0107287e+00   1.0113130e+00   1.0103016e+00   1.0108974e+00   1.0109180e+00   1.0101338e+00   1.0121896e+00   1.0107234e+00   1.0080890e+00   1.0077092e+00   1.0057909e+00   1.0052545e+00
   1.0045788e+00   1.0066317e+00   1.0072995e+00   1.0079391e+00   1.0115713e+00   1.0116239e+00   1.0104302e+00   1.0109755e+00   1.0103575e+00   1.0111042e+00   1.0108139e+00   1.0106107e+00   1.0133205e+00   1.0124500e+00   1.0106582e+00   1.0107886e+00   1.0097641e+00   1.0104222e+00   1.0101895e+00   1.0095978e+00   1.0119557e+00   1.0109223e+00   1.0083614e+00   1.0081445e+00   1.0069718e+00   1.0070351e+00   1.0070376e+00   1.0067928e+00   1.0089258e+00   1.0079557e+00   1.0058728e+00   1.0054298e+00   1.0040305e+00   1.0042348e+00   1.0036606e+00   1.0027579e+00   1.0047014e+00   1.0029842e+00   9.9956727e-01   9.9813490e-01   9.9552236e-01   9.9365419e-01   9.9120932e-01   9.8876913e-01   9.8893636e-01   9.8858989e-01   9.8893068e-01   9.9131655e-01   9.9305530e-01   9.9559234e-01   9.9763015e-01   9.9902836e-01   1.0030642e+00   1.0039751e+00   1.0026577e+00   1.0034784e+00   1.0030912e+00   1.0032392e+00   1.0033941e+00   1.0026111e+00   1.0042840e+00   1.0030429e+00   9.9930429e-01   9.9795935e-01   9.9562693e-01   9.9346820e-01   9.9143414e-01   9.8906297e-01   9.8898233e-01   9.8898233e-01   9.8906297e-01   9.9143414e-01   9.9346820e-01   9.9562693e-01   9.9795935e-01   9.9930429e-01   1.0030429e+00   1.0042840e+00   1.0026111e+00   1.0033941e+00   1.0032392e+00   1.0030912e+00   1.0034784e+00   1.0026577e+00   1.0039751e+00   1.0030642e+00   9.9902836e-01   9.9763015e-01   9.9559234e-01   9.9305530e-01   9.9131655e-01   9.8893068e-01   9.8858989e-01   9.8893636e-01   9.8876913e-01   9.9120932e-01   9.9365419e-01   9.9552236e-01   9.9813490e-01   9.9956727e-01   1.0029842e+00   1.0047014e+00   1.0027579e+00   1.0036606e+00   1.0042348e+00   1.0040305e+00   1.0054298e+00   1.0058728e+00   1.0079557e+00   1.0089258e+00   1.0067928e+00   1.0070376e+00   1.0070351e+00   1.0069718e+00   1.0081445e+00   1.0083614e+00   1.0109223e+00   1.0119557e+00   1.0095978e+00   1.0101895e+00   1.0104222e+00   1.0097641e+00   1.0107886e+00   1.0106582e+00   1.0124500e+00   1.0133205e+00   1.0106107e+00   1.0108139e+00   1.0111042e+00   1.0103575e+00   1.0109755e+00   1.0104302e+00   1.0116239e+00   1.0115713e+00   1.0079391e+00   1.0072995e+00   1.0066317e+00   1.0045788e+00
