   3.0821209e-01   3.0771426e-01   3.0628855e-01   3.0494194e-01   3.0348819e-01   3.0291757e-01   3.0338348e-01   3.0365121e-01   3.0423268e-01   3.0405239e-01   3.0295274e-01   3.0209590e-01   3.0108630e-01   3.0090571e-01   3.0171633e-01   3.0228927e-01   3.0312143e-01   3.0322388e-01   3.0235668e-01   3.0180569e-01   3.0104301e-01   3.0110833e-01   3.0210206e-01   3.0284680e-01   3.0383838e-01   3.0404272e-01   3.0336028e-01   3.0295180e-01   3.0232596e-01   3.0247737e-01   3.0356040e-01   3.0432959e-01   3.0533508e-01   3.0557583e-01   3.0488984e-01   3.0452333e-01   3.0391160e-01   3.0406806e-01   3.0509974e-01   3.0582903e-01   3.0682207e-01   3.0704999e-01   3.0640523e-01   3.0602990e-01   3.0536943e-01   3.0544762e-01   3.0630709e-01   3.0684157e-01   3.0758798e-01   3.0751167e-01   3.0661601e-01   3.0600585e-01   3.0516352e-01   3.0515094e-01   3.0601645e-01   3.0659005e-01   3.0743030e-01   3.0743439e-01   3.0653479e-01   3.0591934e-01   3.0504878e-01   3.0501895e-01   3.0586034e-01   3.0644957e-01   3.0731499e-01   3.0739851e-01   3.0662420e-01   3.0608597e-01   3.0525107e-01   3.0520091e-01   3.0593161e-01   3.0637416e-01   3.0706408e-01   3.0689336e-01   3.0594269e-01   3.0525970e-01   3.0431818e-01   3.0425495e-01   3.0503241e-01   3.0556600e-01   3.0639254e-01   3.0631482e-01   3.0540280e-01   3.0475034e-01   3.0380442e-01   3.0374165e-01   3.0451119e-01   3.0506063e-01   3.0590518e-01   3.0593071e-01   3.0513696e-01   3.0454723e-01   3.0363119e-01   3.0350150e-01   3.0411171e-01   3.0444798e-01   3.0506002e-01   3.0480147e-01   3.0378183e-01   3.0302170e-01   3.0195780e-01   3.0176974e-01   3.0235130e-01   3.0269541e-01   3.0335891e-01   3.0310834e-01   3.0209189e-01   3.0130589e-01   3.0021406e-01   3.0004362e-01   3.0065369e-01   3.0104941e-01   3.0172044e-01   3.0151249e-01   3.0051940e-01   2.9977376e-01   2.9877686e-01   2.9870521e-01   2.9945730e-01   2.9999963e-01   3.0085993e-01   3.0075648e-01   2.9992694e-01   2.9935664e-01   2.9854874e-01   2.9872459e-01   2.9972607e-01   3.0057497e-01   3.0166565e-01   3.0184550e-01   3.0126701e-01   3.0100128e-01   3.0053712e-01   3.0110425e-01   3.0254596e-01   3.0388159e-01   3.0530193e-01   3.0578770e-01
   3.0771426e-01   3.0686346e-01   3.0512576e-01   3.0356563e-01   3.0170617e-01   3.0123953e-01   3.0192621e-01   3.0245636e-01   3.0339225e-01   3.0306526e-01   3.0177564e-01   3.0070619e-01   2.9931595e-01   2.9922642e-01   3.0026730e-01   3.0110317e-01   3.0228273e-01   3.0225535e-01   3.0119996e-01   3.0040724e-01   2.9928965e-01   2.9940030e-01   3.0066955e-01   3.0165257e-01   3.0295972e-01   3.0311522e-01   3.0218528e-01   3.0156670e-01   3.0057508e-01   3.0079178e-01   3.0211712e-01   3.0313976e-01   3.0446427e-01   3.0462948e-01   3.0373974e-01   3.0313969e-01   3.0218218e-01   3.0238175e-01   3.0366569e-01   3.0464854e-01   3.0595146e-01   3.0611550e-01   3.0525548e-01   3.0463971e-01   3.0365548e-01   3.0375414e-01   3.0490212e-01   3.0566943e-01   3.0668615e-01   3.0660659e-01   3.0543716e-01   3.0460261e-01   3.0344162e-01   3.0346197e-01   3.0460145e-01   3.0541463e-01   3.0653988e-01   3.0649750e-01   3.0536321e-01   3.0452152e-01   3.0332982e-01   3.0332084e-01   3.0444263e-01   3.0526896e-01   3.0643876e-01   3.0647544e-01   3.0545870e-01   3.0468632e-01   3.0354266e-01   3.0349350e-01   3.0453513e-01   3.0521288e-01   3.0614244e-01   3.0601638e-01   3.0476089e-01   3.0384013e-01   3.0262102e-01   3.0253970e-01   3.0363924e-01   3.0439793e-01   3.0545917e-01   3.0542599e-01   3.0422761e-01   3.0333712e-01   3.0211794e-01   3.0202519e-01   3.0311360e-01   3.0388674e-01   3.0500463e-01   3.0503295e-01   3.0396650e-01   3.0314652e-01   3.0194388e-01   3.0179364e-01   3.0272871e-01   3.0330412e-01   3.0413000e-01   3.0393618e-01   3.0260699e-01   3.0159397e-01   3.0027906e-01   3.0004911e-01   3.0097540e-01   3.0154944e-01   3.0242361e-01   3.0223996e-01   3.0090704e-01   2.9987499e-01   2.9853375e-01   2.9830562e-01   2.9927574e-01   2.9988237e-01   3.0080027e-01   3.0063829e-01   2.9933507e-01   2.9834885e-01   2.9708099e-01   2.9696303e-01   2.9806748e-01   2.9885234e-01   2.9989748e-01   2.9992292e-01   2.9875067e-01   2.9791716e-01   2.9688055e-01   2.9696754e-01   2.9834512e-01   2.9940618e-01   3.0068694e-01   3.0100998e-01   3.0008160e-01   2.9955366e-01   2.9887218e-01   2.9933366e-01   3.0117963e-01   3.0273072e-01   3.0444906e-01   3.0530175e-01
   3.0628855e-01   3.0512576e-01   3.0157302e-01   2.9735549e-01   2.9426166e-01   2.9370626e-01   2.9582464e-01   2.9889327e-01   3.0131362e-01   3.0106922e-01   2.9810264e-01   2.9449289e-01   2.9182558e-01   2.9166947e-01   2.9411777e-01   2.9748235e-01   3.0019603e-01   3.0024868e-01   2.9755367e-01   2.9423994e-01   2.9179836e-01   2.9187767e-01   2.9448644e-01   2.9801229e-01   3.0087555e-01   3.0107199e-01   2.9858737e-01   2.9539533e-01   2.9310782e-01   2.9325931e-01   2.9594262e-01   2.9949743e-01   3.0237920e-01   3.0260851e-01   3.0010541e-01   2.9696659e-01   2.9469660e-01   2.9485343e-01   2.9750454e-01   3.0101647e-01   3.0388580e-01   3.0409837e-01   3.0161645e-01   2.9848901e-01   2.9615523e-01   2.9622969e-01   2.9872684e-01   3.0201982e-01   3.0461863e-01   3.0456007e-01   3.0182800e-01   2.9843218e-01   2.9595695e-01   2.9593618e-01   2.9841825e-01   3.0177912e-01   3.0446129e-01   3.0445128e-01   3.0171177e-01   2.9832590e-01   2.9582934e-01   2.9581113e-01   2.9828834e-01   3.0165988e-01   3.0438043e-01   3.0443211e-01   3.0180670e-01   2.9851873e-01   2.9603146e-01   2.9598580e-01   2.9837698e-01   3.0156995e-01   3.0410315e-01   3.0395861e-01   3.0114849e-01   2.9768785e-01   2.9512218e-01   2.9505473e-01   2.9746348e-01   3.0076339e-01   3.0341998e-01   3.0335085e-01   3.0059742e-01   2.9716603e-01   2.9461649e-01   2.9456901e-01   2.9697080e-01   3.0029825e-01   3.0296804e-01   3.0297144e-01   3.0033044e-01   2.9699426e-01   2.9445359e-01   2.9433266e-01   2.9661228e-01   2.9968823e-01   3.0212528e-01   3.0187975e-01   2.9899273e-01   2.9546411e-01   2.9279418e-01   2.9260973e-01   2.9483972e-01   2.9794434e-01   3.0041200e-01   3.0016756e-01   2.9728784e-01   2.9373639e-01   2.9105324e-01   2.9088582e-01   2.9314875e-01   2.9630781e-01   2.9877112e-01   2.9856946e-01   2.9571733e-01   2.9220976e-01   2.8960948e-01   2.8952531e-01   2.9194438e-01   2.9523139e-01   2.9790579e-01   2.9785157e-01   2.9515485e-01   2.9181239e-01   2.8937857e-01   2.8953126e-01   2.9217737e-01   2.9576063e-01   2.9870441e-01   2.9894759e-01   2.9654346e-01   2.9349785e-01   2.9139378e-01   2.9194395e-01   2.9501706e-01   2.9919848e-01   3.0273036e-01   3.0388154e-01
   3.0494194e-01   3.0356563e-01   2.9735549e-01   2.8744292e-01   2.8238877e-01   2.8189436e-01   2.8593479e-01   2.9469881e-01   2.9934293e-01   2.9909281e-01   2.9385211e-01   2.8456165e-01   2.8000784e-01   2.7988715e-01   2.8423561e-01   2.9329077e-01   2.9825409e-01   2.9828950e-01   2.9339256e-01   2.8433718e-01   2.8001669e-01   2.8008550e-01   2.8458379e-01   2.9380337e-01   2.9893389e-01   2.9914474e-01   2.9440360e-01   2.8554059e-01   2.8129820e-01   2.8146668e-01   2.8603477e-01   2.9530024e-01   3.0046234e-01   3.0070325e-01   2.9597927e-01   2.8709698e-01   2.8288310e-01   2.8304459e-01   2.8759659e-01   2.9685260e-01   3.0201271e-01   3.0222970e-01   2.9751547e-01   2.8860837e-01   2.8433896e-01   2.8439781e-01   2.8881769e-01   2.9786054e-01   3.0273258e-01   3.0268587e-01   2.9766068e-01   2.8855394e-01   2.8413270e-01   2.8411807e-01   2.8851956e-01   2.9760700e-01   3.0255159e-01   3.0253567e-01   2.9754768e-01   2.8842285e-01   2.8400779e-01   2.8399895e-01   2.8840340e-01   2.9750052e-01   3.0249696e-01   3.0254352e-01   2.9766466e-01   2.8861319e-01   2.8421841e-01   2.8417513e-01   2.8848649e-01   2.9744208e-01   3.0221701e-01   3.0207167e-01   2.9698139e-01   2.8780677e-01   2.8332971e-01   2.8326050e-01   2.8759159e-01   2.9661646e-01   3.0150702e-01   3.0143971e-01   2.9642449e-01   2.8729110e-01   2.8283905e-01   2.8279094e-01   2.8713849e-01   2.9615162e-01   3.0109796e-01   3.0108697e-01   2.9617832e-01   2.8712542e-01   2.8268010e-01   2.8257856e-01   2.8678737e-01   2.9561075e-01   3.0026324e-01   3.0001115e-01   2.9484431e-01   2.8561045e-01   2.8105544e-01   2.8086794e-01   2.8503630e-01   2.9384008e-01   2.9851659e-01   2.9825972e-01   2.9311231e-01   2.8389086e-01   2.7933861e-01   2.7915811e-01   2.8335957e-01   2.9215554e-01   2.9685357e-01   2.9663755e-01   2.9153657e-01   2.8237394e-01   2.7790206e-01   2.7782766e-01   2.8211309e-01   2.9109974e-01   2.9595895e-01   2.9592144e-01   2.9099247e-01   2.8200127e-01   2.7768287e-01   2.7780021e-01   2.8231984e-01   2.9153988e-01   2.9674182e-01   2.9698915e-01   2.9238014e-01   2.8368055e-01   2.7966907e-01   2.8016163e-01   2.8517419e-01   2.9501620e-01   3.0117828e-01   3.0254380e-01
   3.0348819e-01   3.0170617e-01   2.9426166e-01   2.8238877e-01   2.7618725e-01   2.7572371e-01   2.8087630e-01   2.9150057e-01   2.9730077e-01   2.9698543e-01   2.9064237e-01   2.7951751e-01   2.7380706e-01   2.7375972e-01   2.7920646e-01   2.9012089e-01   2.9624076e-01   2.9624019e-01   2.9022964e-01   2.7934930e-01   2.7384238e-01   2.7396401e-01   2.7956975e-01   2.9064816e-01   2.9695006e-01   2.9712232e-01   2.9130332e-01   2.8056139e-01   2.7518514e-01   2.7538382e-01   2.8107357e-01   2.9220419e-01   2.9853840e-01   2.9874932e-01   2.9292077e-01   2.8216924e-01   2.7678450e-01   2.7699295e-01   2.8268737e-01   2.9383426e-01   3.0016384e-01   3.0037462e-01   2.9452314e-01   2.8375936e-01   2.7829506e-01   2.7836877e-01   2.8392366e-01   2.9483772e-01   3.0087044e-01   3.0080161e-01   2.9464960e-01   2.8364460e-01   2.7807520e-01   2.7804985e-01   2.8357567e-01   2.9453764e-01   3.0062532e-01   3.0059290e-01   2.9448067e-01   2.8348655e-01   2.7792288e-01   2.7794489e-01   2.8348513e-01   2.9446634e-01   3.0061674e-01   3.0066051e-01   2.9463378e-01   2.8372871e-01   2.7817271e-01   2.7813158e-01   2.8360751e-01   2.9441689e-01   3.0033356e-01   3.0018795e-01   2.9394036e-01   2.8288581e-01   2.7728092e-01   2.7718252e-01   2.8266520e-01   2.9355487e-01   2.9956182e-01   2.9950662e-01   2.9334988e-01   2.8234890e-01   2.7678318e-01   2.7674939e-01   2.8224257e-01   2.9314690e-01   2.9921084e-01   2.9921898e-01   2.9315429e-01   2.8224067e-01   2.7667163e-01   2.7655764e-01   2.8195830e-01   2.9262791e-01   2.9840745e-01   2.9815949e-01   2.9183081e-01   2.8071725e-01   2.7503124e-01   2.7480287e-01   2.8013052e-01   2.9079616e-01   2.9656659e-01   2.9633641e-01   2.9002654e-01   2.7895435e-01   2.7328908e-01   2.7308178e-01   2.7841154e-01   2.8906789e-01   2.9484090e-01   2.9466028e-01   2.8839575e-01   2.7739071e-01   2.7181894e-01   2.7169428e-01   2.7715770e-01   2.8795589e-01   2.9391999e-01   2.9391839e-01   2.8784125e-01   2.7700578e-01   2.7159662e-01   2.7164359e-01   2.7730960e-01   2.8835138e-01   2.9464644e-01   2.9495979e-01   2.8920187e-01   2.7865677e-01   2.7354416e-01   2.7400048e-01   2.8015907e-01   2.9194023e-01   2.9932928e-01   3.0109868e-01
   3.0291757e-01   3.0123953e-01   2.9370626e-01   2.8189436e-01   2.7572371e-01   2.7519184e-01   2.8039654e-01   2.9099473e-01   2.9673355e-01   2.9650610e-01   2.9009320e-01   2.7901605e-01   2.7335910e-01   2.7323308e-01   2.7876861e-01   2.8963007e-01   2.9572913e-01   2.9578536e-01   2.8973675e-01   2.7890407e-01   2.7344899e-01   2.7351383e-01   2.7919066e-01   2.9021988e-01   2.9649870e-01   2.9674743e-01   2.9086990e-01   2.8019758e-01   2.7485017e-01   2.7503801e-01   2.8078987e-01   2.9189501e-01   2.9821832e-01   2.9848718e-01   2.9260510e-01   2.8190597e-01   2.7653455e-01   2.7671333e-01   2.8249744e-01   2.9361488e-01   2.9998451e-01   3.0024958e-01   2.9436238e-01   2.8362403e-01   2.7816039e-01   2.7819496e-01   2.8379480e-01   2.9466510e-01   3.0069409e-01   3.0063699e-01   2.9440980e-01   2.8342757e-01   2.7782525e-01   2.7778200e-01   2.8334630e-01   2.9427122e-01   3.0036080e-01   3.0035515e-01   2.9420387e-01   2.8324593e-01   2.7766896e-01   2.7765893e-01   2.8325634e-01   2.9421320e-01   3.0040429e-01   3.0047677e-01   2.9443333e-01   2.8356722e-01   2.7799399e-01   2.7795169e-01   2.8344347e-01   2.9421148e-01   3.0014359e-01   2.9996691e-01   2.9367890e-01   2.8264819e-01   2.7698505e-01   2.7691868e-01   2.8241067e-01   2.9326197e-01   2.9930597e-01   2.9922400e-01   2.9306536e-01   2.8210297e-01   2.7649898e-01   2.7648218e-01   2.8200651e-01   2.9288617e-01   2.9902370e-01   2.9902006e-01   2.9296120e-01   2.8209284e-01   2.7647986e-01   2.7640670e-01   2.8180335e-01   2.9244686e-01   2.9826160e-01   2.9796009e-01   2.9159265e-01   2.8051053e-01   2.7473846e-01   2.7453595e-01   2.7985389e-01   2.9046427e-01   2.9628812e-01   2.9600198e-01   2.8970335e-01   2.7865800e-01   2.7293380e-01   2.7273660e-01   2.7803764e-01   2.8862820e-01   2.9445374e-01   2.9420081e-01   2.8795984e-01   2.7700366e-01   2.7136361e-01   2.7129583e-01   2.7670778e-01   2.8745857e-01   2.9346052e-01   2.9340203e-01   2.8734705e-01   2.7656362e-01   2.7106922e-01   2.7119224e-01   2.7680714e-01   2.8780042e-01   2.9416540e-01   2.9439018e-01   2.8869445e-01   2.7817729e-01   2.7300840e-01   2.7353968e-01   2.7966144e-01   2.9138534e-01   2.9886116e-01   3.0052653e-01
   3.0338348e-01   3.0192621e-01   2.9582464e-01   2.8593479e-01   2.8087630e-01   2.8039654e-01   2.8436971e-01   2.9309015e-01   2.9772905e-01   2.9741307e-01   2.9227515e-01   2.8304636e-01   2.7851565e-01   2.7845826e-01   2.8276980e-01   2.9183760e-01   2.9677476e-01   2.9679303e-01   2.9196138e-01   2.8299430e-01   2.7868074e-01   2.7881624e-01   2.8331306e-01   2.9253972e-01   2.9767433e-01   2.9786207e-01   2.9320214e-01   2.8437869e-01   2.8020507e-01   2.8046092e-01   2.8508800e-01   2.9438816e-01   2.9958193e-01   2.9978451e-01   2.9509581e-01   2.8623359e-01   2.8203301e-01   2.8228023e-01   2.8691962e-01   2.9629573e-01   3.0150855e-01   3.0178123e-01   2.9709397e-01   2.8815522e-01   2.8386375e-01   2.8393564e-01   2.8832516e-01   2.9740385e-01   3.0225241e-01   3.0210351e-01   2.9704786e-01   2.8783758e-01   2.8334267e-01   2.8331226e-01   2.8772285e-01   2.9682195e-01   3.0177511e-01   3.0174228e-01   2.9676152e-01   2.8762198e-01   2.8317152e-01   2.8317871e-01   2.8762217e-01   2.9681049e-01   3.0184786e-01   3.0196710e-01   2.9712903e-01   2.8805900e-01   2.8367258e-01   2.8362619e-01   2.8792121e-01   2.9688954e-01   3.0161983e-01   3.0139990e-01   2.9626735e-01   2.8700024e-01   2.8248012e-01   2.8238879e-01   2.8674936e-01   2.9578118e-01   3.0066014e-01   3.0060744e-01   2.9558559e-01   2.8644315e-01   2.8198334e-01   2.8194865e-01   2.8636467e-01   2.9547391e-01   3.0044702e-01   3.0053880e-01   2.9565750e-01   2.8657543e-01   2.8216500e-01   2.8204990e-01   2.8627985e-01   2.9512844e-01   2.9975018e-01   2.9944362e-01   2.9422812e-01   2.8488313e-01   2.8024583e-01   2.7997710e-01   2.8412799e-01   2.9291120e-01   2.9754853e-01   2.9733010e-01   2.9215649e-01   2.8290759e-01   2.7830212e-01   2.7803751e-01   2.8217186e-01   2.9092350e-01   2.9554264e-01   2.9534806e-01   2.9024684e-01   2.8108284e-01   2.7661608e-01   2.7647811e-01   2.8075664e-01   2.8965435e-01   2.9444736e-01   2.9442787e-01   2.8952616e-01   2.8052703e-01   2.7624630e-01   2.7630407e-01   2.8079887e-01   2.8995802e-01   2.9505597e-01   2.9536941e-01   2.9076792e-01   2.8211085e-01   2.7817122e-01   2.7864567e-01   2.8366615e-01   2.9348000e-01   2.9953559e-01   3.0098052e-01
   3.0365121e-01   3.0245636e-01   2.9889327e-01   2.9469881e-01   2.9150057e-01   2.9099473e-01   2.9309015e-01   2.9612517e-01   2.9852845e-01   2.9828666e-01   2.9537549e-01   2.9181665e-01   2.8914873e-01   2.8905020e-01   2.9156686e-01   2.9489096e-01   2.9766235e-01   2.9771311e-01   2.9508046e-01   2.9185065e-01   2.8942211e-01   2.8955463e-01   2.9225728e-01   2.9576579e-01   2.9867987e-01   2.9891975e-01   2.9646513e-01   2.9338927e-01   2.9112815e-01   2.9140610e-01   2.9422495e-01   2.9785838e-01   3.0078318e-01   3.0104116e-01   2.9855494e-01   2.9546263e-01   2.9318095e-01   2.9343082e-01   2.9627826e-01   2.9990358e-01   3.0292595e-01   3.0324598e-01   3.0082747e-01   2.9768994e-01   2.9531398e-01   2.9538612e-01   2.9789698e-01   3.0116768e-01   3.0371471e-01   3.0351241e-01   3.0064761e-01   2.9713446e-01   2.9447823e-01   2.9445249e-01   2.9700342e-01   3.0039355e-01   3.0310103e-01   3.0308180e-01   3.0031816e-01   2.9688961e-01   2.9429155e-01   2.9427860e-01   2.9689960e-01   3.0035954e-01   3.0321318e-01   3.0339010e-01   3.0082441e-01   2.9755574e-01   2.9504675e-01   2.9499718e-01   2.9739977e-01   3.0056456e-01   3.0302959e-01   3.0275179e-01   2.9980433e-01   2.9625045e-01   2.9353571e-01   2.9345710e-01   2.9595786e-01   2.9929027e-01   3.0196451e-01   3.0190053e-01   2.9912020e-01   2.9566130e-01   2.9304186e-01   2.9299700e-01   2.9557401e-01   2.9901220e-01   3.0181052e-01   3.0195809e-01   2.9937161e-01   2.9606490e-01   2.9351437e-01   2.9339705e-01   2.9571516e-01   2.9879861e-01   3.0116963e-01   3.0081750e-01   2.9778742e-01   2.9415072e-01   2.9129152e-01   2.9101616e-01   2.9326026e-01   2.9631199e-01   2.9876690e-01   2.9849577e-01   2.9557779e-01   2.9195738e-01   2.8914442e-01   2.8885756e-01   2.9109318e-01   2.9413788e-01   2.9657096e-01   2.9632883e-01   2.9342881e-01   2.8994602e-01   2.8725730e-01   2.8712342e-01   2.8953133e-01   2.9273385e-01   2.9534663e-01   2.9529529e-01   2.9254493e-01   2.8924510e-01   2.8674854e-01   2.8684430e-01   2.8949357e-01   2.9302290e-01   2.9591293e-01   2.9615595e-01   2.9376534e-01   2.9075985e-01   2.8867862e-01   2.8918109e-01   2.9235529e-01   2.9651715e-01   3.0005220e-01   3.0123925e-01
   3.0423268e-01   3.0339225e-01   3.0131362e-01   2.9934293e-01   2.9730077e-01   2.9673355e-01   2.9772905e-01   2.9852845e-01   2.9958956e-01   2.9937682e-01   2.9787803e-01   2.9651946e-01   2.9501244e-01   2.9489461e-01   2.9626653e-01   2.9745384e-01   2.9876535e-01   2.9891855e-01   2.9767866e-01   2.9665157e-01   2.9542710e-01   2.9554284e-01   2.9713681e-01   2.9845928e-01   2.9994282e-01   3.0024853e-01   2.9920607e-01   2.9837298e-01   2.9733817e-01   2.9760638e-01   2.9932049e-01   3.0071442e-01   3.0225924e-01   3.0254631e-01   3.0150383e-01   3.0068487e-01   2.9964182e-01   2.9990111e-01   3.0158901e-01   3.0302363e-01   3.0457569e-01   3.0497182e-01   3.0404696e-01   3.0321095e-01   3.0209442e-01   3.0215605e-01   3.0345979e-01   3.0441431e-01   3.0541929e-01   3.0518626e-01   3.0370599e-01   3.0241743e-01   3.0094028e-01   3.0090106e-01   3.0227067e-01   3.0338299e-01   3.0468609e-01   3.0466672e-01   3.0330262e-01   3.0212978e-01   3.0072557e-01   3.0070901e-01   3.0215046e-01   3.0340646e-01   3.0482647e-01   3.0506032e-01   3.0401309e-01   3.0303402e-01   3.0174650e-01   3.0169161e-01   3.0286542e-01   3.0373695e-01   3.0468726e-01   3.0435150e-01   3.0283591e-01   3.0147588e-01   2.9992588e-01   2.9984585e-01   3.0115033e-01   3.0223255e-01   3.0351620e-01   3.0345219e-01   3.0206877e-01   3.0087333e-01   2.9942114e-01   2.9938495e-01   3.0078706e-01   3.0201184e-01   3.0343953e-01   3.0361943e-01   3.0256641e-01   3.0155884e-01   3.0020272e-01   3.0009150e-01   3.0116158e-01   3.0195744e-01   3.0284760e-01   3.0242840e-01   3.0084960e-01   2.9939266e-01   2.9768017e-01   2.9739525e-01   2.9840925e-01   2.9920668e-01   3.0023135e-01   2.9993393e-01   2.9838720e-01   2.9698888e-01   2.9527205e-01   2.9499369e-01   2.9601289e-01   2.9683652e-01   2.9786652e-01   2.9756128e-01   2.9608773e-01   2.9476719e-01   2.9318370e-01   2.9306360e-01   2.9427761e-01   2.9529714e-01   2.9652767e-01   2.9637674e-01   2.9507481e-01   2.9389723e-01   2.9253422e-01   2.9265236e-01   2.9414639e-01   2.9549679e-01   2.9698660e-01   2.9719275e-01   2.9614736e-01   2.9535097e-01   2.9436413e-01   2.9492760e-01   2.9695389e-01   2.9891026e-01   3.0097284e-01   3.0180750e-01
   3.0405239e-01   3.0306526e-01   3.0106922e-01   2.9909281e-01   2.9698543e-01   2.9650610e-01   2.9741307e-01   2.9828666e-01   2.9937682e-01   2.9910307e-01   2.9766480e-01   2.9631534e-01   2.9477628e-01   2.9471174e-01   2.9604211e-01   2.9724915e-01   2.9865731e-01   2.9870917e-01   2.9758226e-01   2.9658410e-01   2.9532064e-01   2.9551005e-01   2.9703738e-01   2.9840636e-01   2.9996032e-01   3.0019576e-01   2.9927720e-01   2.9848050e-01   2.9742112e-01   2.9776270e-01   2.9940812e-01   3.0086020e-01   3.0241736e-01   3.0273183e-01   3.0178251e-01   3.0099137e-01   2.9999091e-01   3.0029415e-01   3.0193107e-01   3.0339207e-01   3.0498743e-01   3.0536518e-01   3.0461869e-01   3.0385883e-01   3.0276722e-01   3.0287086e-01   3.0408333e-01   3.0498427e-01   3.0588751e-01   3.0553345e-01   3.0407529e-01   3.0274347e-01   3.0126251e-01   3.0124071e-01   3.0254251e-01   3.0368970e-01   3.0496766e-01   3.0492507e-01   3.0359634e-01   3.0239706e-01   3.0102530e-01   3.0102386e-01   3.0244854e-01   3.0373990e-01   3.0518122e-01   3.0544645e-01   3.0452916e-01   3.0360524e-01   3.0236250e-01   3.0230848e-01   3.0343536e-01   3.0424882e-01   3.0506308e-01   3.0469139e-01   3.0314588e-01   3.0174620e-01   3.0021328e-01   3.0011607e-01   3.0138918e-01   3.0249974e-01   3.0374451e-01   3.0370065e-01   3.0233804e-01   3.0110085e-01   2.9971389e-01   2.9966001e-01   3.0106810e-01   3.0234041e-01   3.0374679e-01   3.0404814e-01   3.0309230e-01   3.0213542e-01   3.0086723e-01   3.0071567e-01   3.0176071e-01   3.0248434e-01   3.0320633e-01   3.0279803e-01   3.0118277e-01   2.9969398e-01   2.9803042e-01   2.9770017e-01   2.9867512e-01   2.9944943e-01   3.0038418e-01   3.0006324e-01   2.9850396e-01   2.9704694e-01   2.9539684e-01   2.9504573e-01   2.9609244e-01   2.9687943e-01   2.9779384e-01   2.9755877e-01   2.9601287e-01   2.9465218e-01   2.9312805e-01   2.9293925e-01   2.9419123e-01   2.9518419e-01   2.9630528e-01   2.9625513e-01   2.9485920e-01   2.9366050e-01   2.9234003e-01   2.9240302e-01   2.9393202e-01   2.9527444e-01   2.9669901e-01   2.9697778e-01   2.9589370e-01   2.9502807e-01   2.9412792e-01   2.9460380e-01   2.9669607e-01   2.9865763e-01   3.0064056e-01   3.0161878e-01
   3.0295274e-01   3.0177564e-01   2.9810264e-01   2.9385211e-01   2.9064237e-01   2.9009320e-01   2.9227515e-01   2.9537549e-01   2.9787803e-01   2.9766480e-01   2.9473685e-01   2.9115853e-01   2.8847876e-01   2.8837715e-01   2.9092770e-01   2.9436511e-01   2.9720466e-01   2.9735942e-01   2.9475070e-01   2.9154921e-01   2.8916787e-01   2.8930708e-01   2.9205649e-01   2.9563565e-01   2.9863934e-01   2.9898358e-01   2.9659913e-01   2.9364053e-01   2.9144072e-01   2.9172727e-01   2.9457357e-01   2.9821449e-01   3.0124737e-01   3.0165768e-01   2.9935213e-01   2.9640036e-01   2.9425496e-01   2.9454923e-01   2.9734552e-01   3.0099614e-01   3.0408945e-01   3.0454384e-01   3.0240465e-01   2.9957742e-01   2.9735624e-01   2.9741013e-01   2.9981223e-01   3.0277617e-01   3.0499943e-01   3.0467279e-01   3.0166097e-01   2.9812802e-01   2.9551153e-01   2.9543127e-01   2.9790150e-01   3.0123611e-01   3.0388093e-01   3.0385277e-01   3.0112228e-01   2.9772947e-01   2.9521533e-01   2.9524215e-01   2.9782444e-01   3.0131223e-01   3.0426974e-01   3.0455608e-01   3.0225799e-01   2.9926467e-01   2.9686415e-01   2.9680982e-01   2.9909982e-01   3.0198106e-01   3.0416617e-01   3.0376442e-01   3.0069692e-01   2.9709900e-01   2.9441295e-01   2.9429230e-01   2.9671272e-01   3.0001170e-01   3.0265022e-01   3.0258589e-01   2.9985068e-01   2.9642896e-01   2.9388128e-01   2.9388980e-01   2.9643357e-01   2.9990385e-01   3.0285690e-01   3.0312501e-01   3.0085381e-01   2.9783827e-01   2.9538865e-01   2.9528994e-01   2.9746302e-01   3.0025428e-01   3.0235245e-01   3.0187217e-01   2.9876320e-01   2.9509577e-01   2.9227955e-01   2.9196319e-01   2.9407859e-01   2.9700268e-01   2.9928946e-01   2.9887261e-01   2.9584814e-01   2.9221525e-01   2.8937290e-01   2.8907877e-01   2.9125858e-01   2.9419891e-01   2.9656899e-01   2.9622823e-01   2.9324341e-01   2.8968614e-01   2.8695201e-01   2.8680986e-01   2.8917668e-01   2.9235595e-01   2.9495121e-01   2.9480100e-01   2.9198284e-01   2.8857135e-01   2.8603873e-01   2.8613900e-01   2.8880280e-01   2.9235229e-01   2.9526619e-01   2.9547846e-01   2.9299488e-01   2.8991883e-01   2.8775296e-01   2.8829812e-01   2.9148474e-01   2.9570522e-01   2.9935062e-01   3.0051984e-01
   3.0209590e-01   3.0070619e-01   2.9449289e-01   2.8456165e-01   2.7951751e-01   2.7901605e-01   2.8304636e-01   2.9181665e-01   2.9651946e-01   2.9631534e-01   2.9115853e-01   2.8194303e-01   2.7745542e-01   2.7740184e-01   2.8177682e-01   2.9090214e-01   2.9597680e-01   2.9614455e-01   2.9137644e-01   2.8247198e-01   2.7826863e-01   2.7843714e-01   2.8300121e-01   2.9231359e-01   2.9758415e-01   2.9796699e-01   2.9342637e-01   2.8473433e-01   2.8067217e-01   2.8097041e-01   2.8563555e-01   2.9503297e-01   3.0036355e-01   3.0080120e-01   2.9632918e-01   2.8767521e-01   2.8368208e-01   2.8403618e-01   2.8871395e-01   2.9820900e-01   3.0364462e-01   3.0415163e-01   2.9983949e-01   2.9120983e-01   2.8707795e-01   2.8713355e-01   2.9141358e-01   3.0016046e-01   3.0457450e-01   3.0420285e-01   2.9886195e-01   2.8947476e-01   2.8494510e-01   2.8480054e-01   2.8909118e-01   2.9813044e-01   3.0300913e-01   3.0297010e-01   2.9801157e-01   2.8890203e-01   2.8457223e-01   2.8466590e-01   2.8915632e-01   2.9849276e-01   3.0376499e-01   3.0408443e-01   2.9960936e-01   2.9081139e-01   2.8653528e-01   2.8648286e-01   2.9065737e-01   2.9933713e-01   3.0368198e-01   3.0323900e-01   2.9784610e-01   2.8841274e-01   2.8383632e-01   2.8365208e-01   2.8788912e-01   2.9688901e-01   3.0173427e-01   3.0167339e-01   2.9670603e-01   2.8760479e-01   2.8325538e-01   2.8333188e-01   2.8778552e-01   2.9708033e-01   3.0234067e-01   3.0265220e-01   2.9819783e-01   2.8943657e-01   2.8513071e-01   2.8503273e-01   2.8911159e-01   2.9766023e-01   3.0191912e-01   3.0138382e-01   2.9594788e-01   2.8647791e-01   2.8180097e-01   2.8142718e-01   2.8537844e-01   2.9396745e-01   2.9840173e-01   2.9795822e-01   2.9265419e-01   2.8331035e-01   2.7866583e-01   2.7836314e-01   2.8239359e-01   2.9102351e-01   2.9553438e-01   2.9515519e-01   2.8992453e-01   2.8067693e-01   2.7614477e-01   2.7597678e-01   2.8014876e-01   2.8899216e-01   2.9372782e-01   2.9356524e-01   2.8853202e-01   2.7947646e-01   2.7513355e-01   2.7519019e-01   2.7964179e-01   2.8879386e-01   2.9391319e-01   2.9411728e-01   2.8945391e-01   2.8075006e-01   2.7675107e-01   2.7724904e-01   2.8225600e-01   2.9211225e-01   2.9827894e-01   2.9965909e-01
   3.0108630e-01   2.9931595e-01   2.9182558e-01   2.8000784e-01   2.7380706e-01   2.7335910e-01   2.7851565e-01   2.8914873e-01   2.9501244e-01   2.9477628e-01   2.8847876e-01   2.7745542e-01   2.7183512e-01   2.7183473e-01   2.7736085e-01   2.8834181e-01   2.9461878e-01   2.9475248e-01   2.8887116e-01   2.7813381e-01   2.7275106e-01   2.7300030e-01   2.7873077e-01   2.8994463e-01   2.9645452e-01   2.9682526e-01   2.9116950e-01   2.8061383e-01   2.7535298e-01   2.7568969e-01   2.8152585e-01   2.9283564e-01   2.9941575e-01   2.9987525e-01   2.9425640e-01   2.8372784e-01   2.7860948e-01   2.7905482e-01   2.8500060e-01   2.9654846e-01   3.0332192e-01   3.0387683e-01   2.9845136e-01   2.8792706e-01   2.8253786e-01   2.8260227e-01   2.8804645e-01   2.9868232e-01   3.0424888e-01   3.0378855e-01   2.9716076e-01   2.8572082e-01   2.7988696e-01   2.7964888e-01   2.8501499e-01   2.9593067e-01   3.0200097e-01   3.0195284e-01   2.9580300e-01   2.8482258e-01   2.7939679e-01   2.7959633e-01   2.8536870e-01   2.9674500e-01   3.0331687e-01   3.0369694e-01   2.9808278e-01   2.8740709e-01   2.8191658e-01   2.8186237e-01   2.8724963e-01   2.9780235e-01   3.0327602e-01   3.0276516e-01   2.9606978e-01   2.8460058e-01   2.7874861e-01   2.7845935e-01   2.8379078e-01   2.9464812e-01   3.0067220e-01   3.0061445e-01   2.9445749e-01   2.8349163e-01   2.7807932e-01   2.7825085e-01   2.8400051e-01   2.9533186e-01   3.0186768e-01   3.0226327e-01   2.9666574e-01   2.8603454e-01   2.8057671e-01   2.8047792e-01   2.8580019e-01   2.9623236e-01   3.0158973e-01   3.0100389e-01   2.9424256e-01   2.8273987e-01   2.7681034e-01   2.7635004e-01   2.8141999e-01   2.9186525e-01   2.9743609e-01   2.9697154e-01   2.9043048e-01   2.7919332e-01   2.7339342e-01   2.7305547e-01   2.7827558e-01   2.8875403e-01   2.9437006e-01   2.9400412e-01   2.8754394e-01   2.7641639e-01   2.7072777e-01   2.7048251e-01   2.7582677e-01   2.8648446e-01   2.9232705e-01   2.9219785e-01   2.8597303e-01   2.7507787e-01   2.6959802e-01   2.6959671e-01   2.7517974e-01   2.8611856e-01   2.9237104e-01   2.9260966e-01   2.8679176e-01   2.7624381e-01   2.7112697e-01   2.7157320e-01   2.7772649e-01   2.8945370e-01   2.9688745e-01   2.9864373e-01
   3.0090571e-01   2.9922642e-01   2.9166947e-01   2.7988715e-01   2.7375972e-01   2.7323308e-01   2.7845826e-01   2.8905020e-01   2.9489461e-01   2.9471174e-01   2.8837715e-01   2.7740184e-01   2.7183473e-01   2.7183683e-01   2.7742498e-01   2.8841704e-01   2.9467229e-01   2.9488786e-01   2.8895387e-01   2.7826476e-01   2.7295208e-01   2.7317227e-01   2.7901909e-01   2.9024782e-01   2.9678293e-01   2.9725039e-01   2.9153994e-01   2.8101595e-01   2.7582322e-01   2.7613152e-01   2.8206152e-01   2.9336439e-01   2.9996758e-01   3.0044871e-01   2.9478182e-01   2.8431034e-01   2.7926377e-01   2.7990889e-01   2.8610062e-01   2.9784365e-01   3.0481242e-01   3.0551089e-01   3.0005188e-01   2.8952870e-01   2.8413385e-01   2.8412384e-01   2.8959528e-01   3.0020042e-01   3.0572209e-01   3.0519479e-01   2.9832066e-01   2.8670058e-01   2.8068410e-01   2.8018773e-01   2.8549223e-01   2.9630413e-01   3.0236470e-01   3.0232477e-01   2.9617066e-01   2.8527782e-01   2.7992903e-01   2.8034311e-01   2.8630566e-01   2.9785821e-01   3.0464060e-01   3.0512325e-01   2.9952651e-01   2.8887467e-01   2.8337737e-01   2.8331820e-01   2.8870154e-01   2.9922249e-01   3.0467283e-01   3.0405598e-01   2.9715006e-01   2.8550390e-01   2.7945973e-01   2.7895012e-01   2.8419502e-01   2.9495812e-01   3.0098114e-01   3.0091334e-01   2.9476734e-01   2.8390826e-01   2.7855637e-01   2.7898214e-01   2.8490714e-01   2.9641288e-01   3.0318787e-01   3.0365257e-01   2.9810552e-01   2.8750884e-01   2.8203460e-01   2.8200518e-01   2.8733268e-01   2.9775549e-01   3.0314203e-01   3.0241525e-01   2.9546333e-01   2.8377327e-01   2.7760626e-01   2.7694991e-01   2.8194661e-01   2.9233395e-01   2.9795044e-01   2.9746525e-01   2.9090486e-01   2.7968186e-01   2.7379353e-01   2.7348804e-01   2.7864111e-01   2.8908675e-01   2.9475627e-01   2.9429403e-01   2.8781346e-01   2.7667256e-01   2.7087446e-01   2.7065934e-01   2.7593499e-01   2.8654538e-01   2.9243759e-01   2.9222899e-01   2.8602545e-01   2.7512516e-01   2.6958017e-01   2.6958516e-01   2.7510951e-01   2.8600321e-01   2.9229221e-01   2.9247560e-01   2.8668089e-01   2.7617262e-01   2.7099054e-01   2.7151396e-01   2.7759497e-01   2.8928596e-01   2.9678444e-01   2.9845081e-01
   3.0171633e-01   3.0026730e-01   2.9411777e-01   2.8423561e-01   2.7920646e-01   2.7876861e-01   2.8276980e-01   2.9156686e-01   2.9626653e-01   2.9604211e-01   2.9092770e-01   2.8177682e-01   2.7736085e-01   2.7742498e-01   2.8191108e-01   2.9112392e-01   2.9629295e-01   2.9644614e-01   2.9171907e-01   2.8287033e-01   2.7870750e-01   2.7903969e-01   2.8378364e-01   2.9330948e-01   2.9874483e-01   2.9918386e-01   2.9468278e-01   2.8595255e-01   2.8193896e-01   2.8236956e-01   2.8716978e-01   2.9677495e-01   3.0221683e-01   3.0259949e-01   2.9804676e-01   2.8937192e-01   2.8553770e-01   2.8640987e-01   2.9183735e-01   3.0214796e-01   3.0826184e-01   3.0915285e-01   3.0496617e-01   2.9623316e-01   2.9204541e-01   2.9205250e-01   2.9620140e-01   3.0498010e-01   3.0925444e-01   3.0842188e-01   3.0246715e-01   2.9228057e-01   2.8701130e-01   2.8635775e-01   2.9041235e-01   2.9939773e-01   3.0431706e-01   3.0426914e-01   2.9925788e-01   2.9019624e-01   2.8605594e-01   2.8663611e-01   2.9181436e-01   3.0191069e-01   3.0779967e-01   3.0854779e-01   3.0422277e-01   2.9539960e-01   2.9117511e-01   2.9110660e-01   2.9519531e-01   3.0387540e-01   3.0805555e-01   3.0717476e-01   3.0116474e-01   2.9096990e-01   2.8569525e-01   2.8500894e-01   2.8903433e-01   2.9795757e-01   3.0283938e-01   3.0278024e-01   2.9777662e-01   2.8873996e-01   2.8462677e-01   2.8520055e-01   2.9037227e-01   3.0043679e-01   3.0629941e-01   3.0707247e-01   3.0277225e-01   2.9400824e-01   2.8984502e-01   2.8979918e-01   2.9391877e-01   3.0255276e-01   3.0667184e-01   3.0575471e-01   2.9965889e-01   2.8940281e-01   2.8399955e-01   2.8311847e-01   2.8691093e-01   2.9550733e-01   3.0001621e-01   2.9963091e-01   2.9423105e-01   2.8470233e-01   2.7994273e-01   2.7951818e-01   2.8350061e-01   2.9216258e-01   2.9662973e-01   2.9619866e-01   2.9081132e-01   2.8136893e-01   2.7666952e-01   2.7634670e-01   2.8047965e-01   2.8926329e-01   2.9395658e-01   2.9380778e-01   2.8868983e-01   2.7955206e-01   2.7511099e-01   2.7505004e-01   2.7943519e-01   2.8851638e-01   2.9359258e-01   2.9381901e-01   2.8915961e-01   2.8043670e-01   2.7646979e-01   2.7690638e-01   2.8189642e-01   2.9170073e-01   2.9780070e-01   2.9923898e-01
   3.0228927e-01   3.0110317e-01   2.9748235e-01   2.9329077e-01   2.9012089e-01   2.8963007e-01   2.9183760e-01   2.9489096e-01   2.9745384e-01   2.9724915e-01   2.9436511e-01   2.9090214e-01   2.8834181e-01   2.8841704e-01   2.9112392e-01   2.9470656e-01   2.9764669e-01   2.9790279e-01   2.9536500e-01   2.9227506e-01   2.9003228e-01   2.9038078e-01   2.9339756e-01   2.9722553e-01   3.0046057e-01   3.0099111e-01   2.9871858e-01   2.9581212e-01   2.9377453e-01   2.9424472e-01   2.9729606e-01   3.0111479e-01   3.0428221e-01   3.0463124e-01   3.0222790e-01   2.9939232e-01   2.9758408e-01   2.9867375e-01   3.0262006e-01   3.0750343e-01   3.1159251e-01   3.1286817e-01   3.1121618e-01   3.0852229e-01   3.0650183e-01   3.0648235e-01   3.0845569e-01   3.1111505e-01   3.1279337e-01   3.1157798e-01   3.0756322e-01   3.0281406e-01   2.9904765e-01   2.9820374e-01   3.0030087e-01   3.0341746e-01   3.0615085e-01   3.0609708e-01   3.0327614e-01   3.0005417e-01   2.9785859e-01   2.9860738e-01   3.0227064e-01   3.0692850e-01   3.1086028e-01   3.1200314e-01   3.1025001e-01   3.0751586e-01   3.0544610e-01   3.0536694e-01   3.0727290e-01   3.0985531e-01   3.1146984e-01   3.1019042e-01   3.0613916e-01   3.0136283e-01   2.9757717e-01   2.9671092e-01   2.9878135e-01   3.0187608e-01   3.0458273e-01   3.0453014e-01   3.0170221e-01   2.9850034e-01   2.9631525e-01   2.9707160e-01   3.0073924e-01   3.0539798e-01   3.0933944e-01   3.1049657e-01   3.0878778e-01   3.0609946e-01   3.0409575e-01   3.0407178e-01   3.0603330e-01   3.0866635e-01   3.1027010e-01   3.0897640e-01   3.0489306e-01   3.0002700e-01   2.9609302e-01   2.9499574e-01   2.9677824e-01   2.9958195e-01   3.0196194e-01   3.0161630e-01   2.9847587e-01   2.9469306e-01   2.9167261e-01   2.9120899e-01   2.9323360e-01   2.9611958e-01   2.9837846e-01   2.9785737e-01   2.9465710e-01   2.9087050e-01   2.8788803e-01   2.8754898e-01   2.8978180e-01   2.9284890e-01   2.9537216e-01   2.9512852e-01   2.9221098e-01   2.8867310e-01   2.8599198e-01   2.8592468e-01   2.8846914e-01   2.9190616e-01   2.9477139e-01   2.9497751e-01   2.9243986e-01   2.8941582e-01   2.8723028e-01   2.8771963e-01   2.9086505e-01   2.9502228e-01   2.9861512e-01   2.9979006e-01
   3.0312143e-01   3.0228273e-01   3.0019603e-01   2.9825409e-01   2.9624076e-01   2.9572913e-01   2.9677476e-01   2.9766235e-01   2.9876535e-01   2.9865731e-01   2.9720466e-01   2.9597680e-01   2.9461878e-01   2.9467229e-01   2.9629295e-01   2.9764669e-01   2.9923373e-01   2.9954834e-01   2.9848949e-01   2.9771113e-01   2.9672311e-01   2.9707760e-01   2.9897920e-01   3.0058648e-01   3.0235606e-01   3.0299685e-01   3.0226101e-01   3.0173318e-01   3.0099716e-01   3.0150577e-01   3.0337415e-01   3.0490082e-01   3.0646705e-01   3.0683891e-01   3.0592573e-01   3.0545969e-01   3.0500623e-01   3.0627910e-01   3.0930604e-01   3.1210300e-01   3.1510662e-01   3.1682007e-01   3.1726380e-01   3.1765307e-01   3.1730397e-01   3.1724823e-01   3.1755913e-01   3.1710151e-01   3.1659928e-01   3.1492125e-01   3.1195083e-01   3.0922552e-01   3.0639269e-01   3.0536334e-01   3.0617061e-01   3.0694713e-01   3.0813357e-01   3.0809216e-01   3.0677689e-01   3.0588407e-01   3.0497394e-01   3.0588405e-01   3.0861558e-01   3.1124354e-01   3.1411938e-01   3.1572667e-01   3.1612618e-01   3.1647157e-01   3.1605051e-01   3.1596158e-01   3.1619788e-01   3.1569086e-01   3.1515375e-01   3.1340749e-01   3.1040291e-01   3.0763721e-01   3.0476652e-01   3.0373204e-01   3.0451414e-01   3.0529036e-01   3.0649953e-01   3.0642930e-01   3.0513290e-01   3.0424249e-01   3.0332808e-01   3.0426028e-01   3.0700169e-01   3.0965504e-01   3.1256844e-01   3.1419507e-01   3.1464424e-01   3.1505136e-01   3.1469033e-01   3.1469703e-01   3.1500086e-01   3.1457763e-01   3.1410929e-01   3.1238179e-01   3.0937427e-01   3.0657516e-01   3.0354764e-01   3.0226796e-01   3.0271400e-01   3.0317553e-01   3.0408633e-01   3.0372270e-01   3.0217214e-01   3.0066377e-01   2.9881295e-01   2.9831367e-01   2.9905192e-01   2.9958396e-01   3.0032329e-01   2.9969864e-01   2.9795241e-01   2.9636924e-01   2.9449136e-01   2.9415004e-01   2.9513756e-01   2.9591871e-01   2.9697919e-01   2.9666978e-01   2.9511100e-01   2.9377134e-01   2.9217403e-01   2.9212664e-01   2.9347987e-01   2.9470367e-01   2.9614849e-01   2.9626089e-01   2.9517144e-01   2.9429545e-01   2.9326222e-01   2.9377273e-01   2.9577143e-01   2.9769891e-01   2.9976882e-01   3.0060175e-01
   3.0322388e-01   3.0225535e-01   3.0024868e-01   2.9828950e-01   2.9624019e-01   2.9578536e-01   2.9679303e-01   2.9771311e-01   2.9891855e-01   2.9870917e-01   2.9735942e-01   2.9614455e-01   2.9475248e-01   2.9488786e-01   2.9644614e-01   2.9790279e-01   2.9954834e-01   2.9989524e-01   2.9895852e-01   2.9823532e-01   2.9726408e-01   2.9771030e-01   2.9954397e-01   3.0123125e-01   3.0308741e-01   3.0370569e-01   3.0320582e-01   3.0278091e-01   3.0209411e-01   3.0268215e-01   3.0449912e-01   3.0600821e-01   3.0754463e-01   3.0784018e-01   3.0700594e-01   3.0656918e-01   3.0619437e-01   3.0760405e-01   3.1078240e-01   3.1398324e-01   3.1740269e-01   3.1983315e-01   3.2120507e-01   3.2229238e-01   3.2262870e-01   3.2259920e-01   3.2213761e-01   3.2097001e-01   3.1955710e-01   3.1700159e-01   3.1360199e-01   3.1047677e-01   3.0739775e-01   3.0631443e-01   3.0705227e-01   3.0783870e-01   3.0904025e-01   3.0896192e-01   3.0764592e-01   3.0673227e-01   3.0585802e-01   3.0684730e-01   3.0980093e-01   3.1282743e-01   3.1615183e-01   3.1857628e-01   3.1989445e-01   3.2094295e-01   3.2124247e-01   3.2114334e-01   3.2064780e-01   3.1942804e-01   3.1796444e-01   3.1539260e-01   3.1192740e-01   3.0875684e-01   3.0565720e-01   3.0453975e-01   3.0529057e-01   3.0608744e-01   3.0729273e-01   3.0725321e-01   3.0592620e-01   3.0501251e-01   3.0415539e-01   3.0514232e-01   3.0813439e-01   3.1119265e-01   3.1454540e-01   3.1703533e-01   3.1839212e-01   3.1950164e-01   3.1990328e-01   3.1988561e-01   3.1950865e-01   3.1839440e-01   3.1700644e-01   3.1457109e-01   3.1115030e-01   3.0794766e-01   3.0476601e-01   3.0335501e-01   3.0372708e-01   3.0416792e-01   3.0501107e-01   3.0472794e-01   3.0321104e-01   3.0171645e-01   2.9991735e-01   2.9933950e-01   3.0003277e-01   3.0046912e-01   3.0098188e-01   3.0038309e-01   2.9855431e-01   2.9688943e-01   2.9508115e-01   2.9464647e-01   2.9562082e-01   2.9635322e-01   2.9728869e-01   2.9696101e-01   2.9533498e-01   2.9390014e-01   2.9236074e-01   2.9223456e-01   2.9362172e-01   2.9483502e-01   2.9618008e-01   2.9639367e-01   2.9520352e-01   2.9429472e-01   2.9329945e-01   2.9375284e-01   2.9578867e-01   2.9773408e-01   2.9972526e-01   3.0068739e-01
