   1.7703219e+02   1.7703215e+02   1.7703217e+02   1.7703217e+02   1.7703217e+02   1.7703221e+02   1.7703227e+02   1.7703233e+02   1.7703240e+02   1.7703247e+02   1.7703252e+02   1.7703259e+02   1.7703268e+02   1.7703277e+02   1.7703290e+02   1.7703302e+02   1.7703312e+02   1.7703324e+02   1.7703335e+02   1.7703346e+02   1.7703360e+02   1.7703374e+02   1.7703389e+02   1.7703404e+02   1.7703416e+02   1.7703430e+02   1.7703443e+02   1.7703457e+02   1.7703471e+02   1.7703485e+02   1.7703498e+02   1.7703510e+02   1.7703521e+02   1.7703533e+02   1.7703544e+02   1.7703555e+02   1.7703566e+02   1.7703574e+02   1.7703579e+02   1.7703584e+02   1.7703587e+02   1.7703592e+02   1.7703598e+02   1.7703601e+02   1.7703602e+02   1.7703599e+02   1.7703592e+02   1.7703585e+02   1.7703577e+02   1.7703571e+02   1.7703566e+02   1.7703557e+02   1.7703544e+02   1.7703526e+02   1.7703503e+02   1.7703480e+02   1.7703457e+02   1.7703435e+02   1.7703416e+02   1.7703391e+02   1.7703361e+02   1.7703328e+02   1.7703289e+02   1.7703252e+02   1.7703218e+02   1.7703184e+02   1.7703151e+02   1.7703113e+02   1.7703071e+02   1.7703026e+02   1.7702978e+02   1.7702934e+02   1.7702893e+02   1.7702853e+02   1.7702813e+02   1.7702768e+02   1.7702717e+02   1.7702667e+02   1.7702615e+02   1.7702568e+02   1.7702526e+02   1.7702484e+02   1.7702442e+02   1.7702394e+02   1.7702342e+02   1.7702292e+02   1.7702241e+02   1.7702196e+02   1.7702156e+02   1.7702115e+02   1.7702076e+02   1.7702030e+02   1.7701981e+02   1.7701935e+02   1.7701889e+02   1.7701849e+02   1.7701814e+02   1.7701778e+02   1.7701743e+02   1.7701703e+02   1.7701659e+02   1.7701619e+02   1.7701580e+02   1.7701546e+02   1.7701517e+02   1.7701489e+02   1.7701459e+02   1.7701425e+02   1.7701390e+02   1.7701357e+02   1.7701327e+02   1.7701301e+02   1.7701279e+02   1.7701256e+02   1.7701233e+02   1.7701208e+02   1.7701180e+02   1.7701157e+02   1.7701135e+02   1.7701117e+02   1.7701103e+02   1.7701087e+02   1.7701072e+02   1.7701055e+02   1.7701037e+02   1.7701022e+02   1.7701011e+02   1.7701001e+02   1.7700994e+02   1.7700986e+02   1.7700978e+02   1.7700970e+02   1.7700961e+02   1.7700958e+02   1.7700956e+02   1.7700956e+02   1.7700957e+02   1.7700957e+02
   1.7703215e+02   1.7703218e+02   1.7703215e+02   1.7703215e+02   1.7703216e+02   1.7703220e+02   1.7703226e+02   1.7703233e+02   1.7703240e+02   1.7703245e+02   1.7703252e+02   1.7703258e+02   1.7703266e+02   1.7703276e+02   1.7703288e+02   1.7703300e+02   1.7703312e+02   1.7703324e+02   1.7703334e+02   1.7703347e+02   1.7703359e+02   1.7703373e+02   1.7703388e+02   1.7703402e+02   1.7703416e+02   1.7703429e+02   1.7703443e+02   1.7703457e+02   1.7703472e+02   1.7703485e+02   1.7703497e+02   1.7703510e+02   1.7703520e+02   1.7703533e+02   1.7703545e+02   1.7703556e+02   1.7703567e+02   1.7703575e+02   1.7703579e+02   1.7703584e+02   1.7703587e+02   1.7703592e+02   1.7703598e+02   1.7703602e+02   1.7703604e+02   1.7703601e+02   1.7703594e+02   1.7703586e+02   1.7703578e+02   1.7703571e+02   1.7703567e+02   1.7703558e+02   1.7703545e+02   1.7703528e+02   1.7703505e+02   1.7703481e+02   1.7703457e+02   1.7703436e+02   1.7703416e+02   1.7703391e+02   1.7703362e+02   1.7703330e+02   1.7703292e+02   1.7703254e+02   1.7703218e+02   1.7703183e+02   1.7703151e+02   1.7703113e+02   1.7703071e+02   1.7703028e+02   1.7702980e+02   1.7702935e+02   1.7702894e+02   1.7702852e+02   1.7702812e+02   1.7702767e+02   1.7702716e+02   1.7702668e+02   1.7702616e+02   1.7702569e+02   1.7702527e+02   1.7702483e+02   1.7702440e+02   1.7702393e+02   1.7702341e+02   1.7702291e+02   1.7702242e+02   1.7702196e+02   1.7702156e+02   1.7702115e+02   1.7702073e+02   1.7702029e+02   1.7701979e+02   1.7701933e+02   1.7701889e+02   1.7701849e+02   1.7701813e+02   1.7701778e+02   1.7701741e+02   1.7701700e+02   1.7701657e+02   1.7701617e+02   1.7701579e+02   1.7701546e+02   1.7701518e+02   1.7701487e+02   1.7701457e+02   1.7701424e+02   1.7701386e+02   1.7701356e+02   1.7701326e+02   1.7701300e+02   1.7701279e+02   1.7701255e+02   1.7701232e+02   1.7701205e+02   1.7701178e+02   1.7701155e+02   1.7701134e+02   1.7701117e+02   1.7701102e+02   1.7701087e+02   1.7701070e+02   1.7701053e+02   1.7701034e+02   1.7701020e+02   1.7701009e+02   1.7701000e+02   1.7700993e+02   1.7700985e+02   1.7700977e+02   1.7700967e+02   1.7700960e+02   1.7700955e+02   1.7700954e+02   1.7700954e+02   1.7700956e+02   1.7700957e+02
   1.7703217e+02   1.7703215e+02   1.7703214e+02   1.7703209e+02   1.7703209e+02   1.7703212e+02   1.7703219e+02   1.7703229e+02   1.7703237e+02   1.7703245e+02   1.7703249e+02   1.7703253e+02   1.7703259e+02   1.7703268e+02   1.7703282e+02   1.7703297e+02   1.7703310e+02   1.7703323e+02   1.7703333e+02   1.7703342e+02   1.7703353e+02   1.7703367e+02   1.7703382e+02   1.7703399e+02   1.7703414e+02   1.7703429e+02   1.7703442e+02   1.7703454e+02   1.7703467e+02   1.7703480e+02   1.7703493e+02   1.7703507e+02   1.7703521e+02   1.7703532e+02   1.7703544e+02   1.7703555e+02   1.7703564e+02   1.7703571e+02   1.7703577e+02   1.7703583e+02   1.7703587e+02   1.7703592e+02   1.7703597e+02   1.7703601e+02   1.7703602e+02   1.7703599e+02   1.7703593e+02   1.7703586e+02   1.7703578e+02   1.7703571e+02   1.7703565e+02   1.7703557e+02   1.7703544e+02   1.7703527e+02   1.7703506e+02   1.7703483e+02   1.7703458e+02   1.7703435e+02   1.7703413e+02   1.7703388e+02   1.7703360e+02   1.7703329e+02   1.7703293e+02   1.7703256e+02   1.7703220e+02   1.7703182e+02   1.7703146e+02   1.7703108e+02   1.7703067e+02   1.7703025e+02   1.7702981e+02   1.7702937e+02   1.7702894e+02   1.7702851e+02   1.7702806e+02   1.7702759e+02   1.7702711e+02   1.7702663e+02   1.7702616e+02   1.7702571e+02   1.7702527e+02   1.7702481e+02   1.7702434e+02   1.7702384e+02   1.7702333e+02   1.7702286e+02   1.7702240e+02   1.7702197e+02   1.7702156e+02   1.7702112e+02   1.7702067e+02   1.7702019e+02   1.7701970e+02   1.7701927e+02   1.7701886e+02   1.7701849e+02   1.7701814e+02   1.7701774e+02   1.7701734e+02   1.7701690e+02   1.7701647e+02   1.7701609e+02   1.7701575e+02   1.7701546e+02   1.7701516e+02   1.7701485e+02   1.7701450e+02   1.7701413e+02   1.7701377e+02   1.7701346e+02   1.7701321e+02   1.7701298e+02   1.7701277e+02   1.7701253e+02   1.7701225e+02   1.7701196e+02   1.7701167e+02   1.7701145e+02   1.7701128e+02   1.7701114e+02   1.7701101e+02   1.7701084e+02   1.7701065e+02   1.7701043e+02   1.7701023e+02   1.7701010e+02   1.7701002e+02   1.7700996e+02   1.7700992e+02   1.7700983e+02   1.7700972e+02   1.7700959e+02   1.7700949e+02   1.7700945e+02   1.7700946e+02   1.7700951e+02   1.7700954e+02   1.7700955e+02
   1.7703217e+02   1.7703215e+02   1.7703209e+02   1.7703199e+02   1.7703193e+02   1.7703197e+02   1.7703207e+02   1.7703224e+02   1.7703237e+02   1.7703244e+02   1.7703247e+02   1.7703243e+02   1.7703245e+02   1.7703254e+02   1.7703270e+02   1.7703292e+02   1.7703310e+02   1.7703323e+02   1.7703332e+02   1.7703334e+02   1.7703341e+02   1.7703354e+02   1.7703372e+02   1.7703395e+02   1.7703415e+02   1.7703431e+02   1.7703442e+02   1.7703448e+02   1.7703457e+02   1.7703469e+02   1.7703485e+02   1.7703505e+02   1.7703522e+02   1.7703535e+02   1.7703546e+02   1.7703550e+02   1.7703556e+02   1.7703563e+02   1.7703571e+02   1.7703583e+02   1.7703591e+02   1.7703596e+02   1.7703599e+02   1.7703597e+02   1.7703595e+02   1.7703593e+02   1.7703591e+02   1.7703589e+02   1.7703584e+02   1.7703576e+02   1.7703566e+02   1.7703553e+02   1.7703538e+02   1.7703523e+02   1.7703506e+02   1.7703488e+02   1.7703465e+02   1.7703440e+02   1.7703412e+02   1.7703381e+02   1.7703353e+02   1.7703323e+02   1.7703294e+02   1.7703262e+02   1.7703225e+02   1.7703186e+02   1.7703143e+02   1.7703098e+02   1.7703058e+02   1.7703018e+02   1.7702980e+02   1.7702943e+02   1.7702899e+02   1.7702851e+02   1.7702800e+02   1.7702746e+02   1.7702699e+02   1.7702654e+02   1.7702614e+02   1.7702575e+02   1.7702529e+02   1.7702480e+02   1.7702425e+02   1.7702369e+02   1.7702319e+02   1.7702274e+02   1.7702235e+02   1.7702200e+02   1.7702157e+02   1.7702111e+02   1.7702058e+02   1.7702002e+02   1.7701955e+02   1.7701913e+02   1.7701879e+02   1.7701850e+02   1.7701814e+02   1.7701773e+02   1.7701724e+02   1.7701673e+02   1.7701630e+02   1.7701594e+02   1.7701567e+02   1.7701545e+02   1.7701516e+02   1.7701482e+02   1.7701441e+02   1.7701395e+02   1.7701359e+02   1.7701330e+02   1.7701309e+02   1.7701297e+02   1.7701276e+02   1.7701250e+02   1.7701217e+02   1.7701178e+02   1.7701149e+02   1.7701128e+02   1.7701116e+02   1.7701111e+02   1.7701099e+02   1.7701081e+02   1.7701057e+02   1.7701026e+02   1.7701005e+02   1.7700992e+02   1.7700988e+02   1.7700992e+02   1.7700990e+02   1.7700981e+02   1.7700965e+02   1.7700943e+02   1.7700931e+02   1.7700927e+02   1.7700932e+02   1.7700945e+02   1.7700953e+02   1.7700954e+02
   1.7703217e+02   1.7703216e+02   1.7703209e+02   1.7703193e+02   1.7703189e+02   1.7703190e+02   1.7703202e+02   1.7703224e+02   1.7703237e+02   1.7703245e+02   1.7703247e+02   1.7703240e+02   1.7703240e+02   1.7703249e+02   1.7703266e+02   1.7703291e+02   1.7703312e+02   1.7703326e+02   1.7703333e+02   1.7703333e+02   1.7703338e+02   1.7703351e+02   1.7703369e+02   1.7703397e+02   1.7703419e+02   1.7703435e+02   1.7703447e+02   1.7703449e+02   1.7703456e+02   1.7703469e+02   1.7703486e+02   1.7703509e+02   1.7703529e+02   1.7703543e+02   1.7703552e+02   1.7703554e+02   1.7703558e+02   1.7703566e+02   1.7703577e+02   1.7703591e+02   1.7703601e+02   1.7703606e+02   1.7703608e+02   1.7703604e+02   1.7703601e+02   1.7703599e+02   1.7703599e+02   1.7703600e+02   1.7703596e+02   1.7703588e+02   1.7703576e+02   1.7703561e+02   1.7703545e+02   1.7703530e+02   1.7703517e+02   1.7703501e+02   1.7703477e+02   1.7703451e+02   1.7703420e+02   1.7703387e+02   1.7703359e+02   1.7703330e+02   1.7703303e+02   1.7703274e+02   1.7703236e+02   1.7703195e+02   1.7703148e+02   1.7703101e+02   1.7703060e+02   1.7703021e+02   1.7702987e+02   1.7702952e+02   1.7702906e+02   1.7702858e+02   1.7702801e+02   1.7702745e+02   1.7702698e+02   1.7702654e+02   1.7702618e+02   1.7702582e+02   1.7702535e+02   1.7702483e+02   1.7702424e+02   1.7702364e+02   1.7702315e+02   1.7702271e+02   1.7702236e+02   1.7702204e+02   1.7702160e+02   1.7702111e+02   1.7702054e+02   1.7701995e+02   1.7701948e+02   1.7701908e+02   1.7701878e+02   1.7701852e+02   1.7701815e+02   1.7701771e+02   1.7701720e+02   1.7701664e+02   1.7701622e+02   1.7701587e+02   1.7701563e+02   1.7701545e+02   1.7701516e+02   1.7701480e+02   1.7701435e+02   1.7701386e+02   1.7701349e+02   1.7701322e+02   1.7701305e+02   1.7701295e+02   1.7701275e+02   1.7701247e+02   1.7701211e+02   1.7701169e+02   1.7701139e+02   1.7701119e+02   1.7701110e+02   1.7701108e+02   1.7701098e+02   1.7701079e+02   1.7701051e+02   1.7701017e+02   1.7700995e+02   1.7700982e+02   1.7700981e+02   1.7700989e+02   1.7700987e+02   1.7700978e+02   1.7700960e+02   1.7700935e+02   1.7700921e+02   1.7700917e+02   1.7700924e+02   1.7700941e+02   1.7700950e+02   1.7700952e+02
   1.7703221e+02   1.7703220e+02   1.7703212e+02   1.7703197e+02   1.7703190e+02   1.7703195e+02   1.7703206e+02   1.7703227e+02   1.7703242e+02   1.7703249e+02   1.7703250e+02   1.7703244e+02   1.7703244e+02   1.7703253e+02   1.7703271e+02   1.7703297e+02   1.7703318e+02   1.7703332e+02   1.7703339e+02   1.7703339e+02   1.7703344e+02   1.7703358e+02   1.7703378e+02   1.7703405e+02   1.7703429e+02   1.7703445e+02   1.7703456e+02   1.7703460e+02   1.7703466e+02   1.7703480e+02   1.7703499e+02   1.7703523e+02   1.7703543e+02   1.7703558e+02   1.7703567e+02   1.7703569e+02   1.7703573e+02   1.7703582e+02   1.7703593e+02   1.7703609e+02   1.7703620e+02   1.7703626e+02   1.7703627e+02   1.7703622e+02   1.7703618e+02   1.7703618e+02   1.7703619e+02   1.7703621e+02   1.7703619e+02   1.7703611e+02   1.7703599e+02   1.7703582e+02   1.7703566e+02   1.7703551e+02   1.7703539e+02   1.7703523e+02   1.7703501e+02   1.7703475e+02   1.7703442e+02   1.7703408e+02   1.7703378e+02   1.7703348e+02   1.7703322e+02   1.7703293e+02   1.7703256e+02   1.7703214e+02   1.7703166e+02   1.7703117e+02   1.7703076e+02   1.7703036e+02   1.7703002e+02   1.7702966e+02   1.7702921e+02   1.7702871e+02   1.7702814e+02   1.7702757e+02   1.7702708e+02   1.7702664e+02   1.7702628e+02   1.7702591e+02   1.7702544e+02   1.7702492e+02   1.7702433e+02   1.7702372e+02   1.7702322e+02   1.7702277e+02   1.7702242e+02   1.7702210e+02   1.7702166e+02   1.7702117e+02   1.7702059e+02   1.7702000e+02   1.7701952e+02   1.7701912e+02   1.7701881e+02   1.7701855e+02   1.7701818e+02   1.7701774e+02   1.7701722e+02   1.7701666e+02   1.7701624e+02   1.7701588e+02   1.7701565e+02   1.7701546e+02   1.7701517e+02   1.7701481e+02   1.7701436e+02   1.7701387e+02   1.7701350e+02   1.7701322e+02   1.7701305e+02   1.7701296e+02   1.7701275e+02   1.7701247e+02   1.7701211e+02   1.7701169e+02   1.7701139e+02   1.7701118e+02   1.7701109e+02   1.7701108e+02   1.7701097e+02   1.7701078e+02   1.7701051e+02   1.7701016e+02   1.7700994e+02   1.7700981e+02   1.7700980e+02   1.7700988e+02   1.7700987e+02   1.7700977e+02   1.7700959e+02   1.7700934e+02   1.7700919e+02   1.7700916e+02   1.7700923e+02   1.7700940e+02   1.7700949e+02   1.7700951e+02
   1.7703227e+02   1.7703226e+02   1.7703219e+02   1.7703207e+02   1.7703202e+02   1.7703206e+02   1.7703218e+02   1.7703235e+02   1.7703249e+02   1.7703257e+02   1.7703258e+02   1.7703254e+02   1.7703257e+02   1.7703268e+02   1.7703284e+02   1.7703310e+02   1.7703329e+02   1.7703342e+02   1.7703350e+02   1.7703352e+02   1.7703360e+02   1.7703375e+02   1.7703395e+02   1.7703423e+02   1.7703445e+02   1.7703462e+02   1.7703473e+02   1.7703477e+02   1.7703486e+02   1.7703502e+02   1.7703521e+02   1.7703547e+02   1.7703567e+02   1.7703581e+02   1.7703590e+02   1.7703593e+02   1.7703598e+02   1.7703608e+02   1.7703621e+02   1.7703638e+02   1.7703650e+02   1.7703656e+02   1.7703656e+02   1.7703651e+02   1.7703649e+02   1.7703648e+02   1.7703650e+02   1.7703655e+02   1.7703653e+02   1.7703647e+02   1.7703635e+02   1.7703616e+02   1.7703600e+02   1.7703584e+02   1.7703571e+02   1.7703558e+02   1.7703536e+02   1.7703511e+02   1.7703479e+02   1.7703443e+02   1.7703410e+02   1.7703379e+02   1.7703350e+02   1.7703321e+02   1.7703286e+02   1.7703245e+02   1.7703199e+02   1.7703148e+02   1.7703103e+02   1.7703060e+02   1.7703023e+02   1.7702987e+02   1.7702943e+02   1.7702896e+02   1.7702841e+02   1.7702782e+02   1.7702731e+02   1.7702683e+02   1.7702642e+02   1.7702605e+02   1.7702559e+02   1.7702509e+02   1.7702452e+02   1.7702392e+02   1.7702339e+02   1.7702292e+02   1.7702253e+02   1.7702218e+02   1.7702175e+02   1.7702128e+02   1.7702074e+02   1.7702015e+02   1.7701966e+02   1.7701923e+02   1.7701889e+02   1.7701859e+02   1.7701823e+02   1.7701781e+02   1.7701732e+02   1.7701679e+02   1.7701635e+02   1.7701598e+02   1.7701570e+02   1.7701549e+02   1.7701520e+02   1.7701485e+02   1.7701444e+02   1.7701397e+02   1.7701360e+02   1.7701331e+02   1.7701310e+02   1.7701297e+02   1.7701277e+02   1.7701250e+02   1.7701217e+02   1.7701177e+02   1.7701148e+02   1.7701126e+02   1.7701114e+02   1.7701109e+02   1.7701097e+02   1.7701080e+02   1.7701055e+02   1.7701024e+02   1.7701002e+02   1.7700989e+02   1.7700985e+02   1.7700990e+02   1.7700986e+02   1.7700978e+02   1.7700962e+02   1.7700940e+02   1.7700928e+02   1.7700923e+02   1.7700929e+02   1.7700942e+02   1.7700950e+02   1.7700951e+02
   1.7703233e+02   1.7703233e+02   1.7703229e+02   1.7703224e+02   1.7703224e+02   1.7703227e+02   1.7703235e+02   1.7703249e+02   1.7703256e+02   1.7703265e+02   1.7703270e+02   1.7703272e+02   1.7703280e+02   1.7703290e+02   1.7703307e+02   1.7703324e+02   1.7703341e+02   1.7703354e+02   1.7703365e+02   1.7703374e+02   1.7703386e+02   1.7703402e+02   1.7703422e+02   1.7703444e+02   1.7703463e+02   1.7703479e+02   1.7703493e+02   1.7703505e+02   1.7703519e+02   1.7703535e+02   1.7703554e+02   1.7703574e+02   1.7703591e+02   1.7703606e+02   1.7703619e+02   1.7703628e+02   1.7703639e+02   1.7703648e+02   1.7703660e+02   1.7703672e+02   1.7703681e+02   1.7703688e+02   1.7703692e+02   1.7703694e+02   1.7703695e+02   1.7703695e+02   1.7703694e+02   1.7703693e+02   1.7703690e+02   1.7703684e+02   1.7703677e+02   1.7703665e+02   1.7703650e+02   1.7703634e+02   1.7703616e+02   1.7703596e+02   1.7703574e+02   1.7703549e+02   1.7703523e+02   1.7703491e+02   1.7703458e+02   1.7703425e+02   1.7703390e+02   1.7703355e+02   1.7703318e+02   1.7703278e+02   1.7703237e+02   1.7703191e+02   1.7703144e+02   1.7703100e+02   1.7703053e+02   1.7703010e+02   1.7702967e+02   1.7702920e+02   1.7702872e+02   1.7702818e+02   1.7702764e+02   1.7702714e+02   1.7702666e+02   1.7702620e+02   1.7702575e+02   1.7702527e+02   1.7702477e+02   1.7702422e+02   1.7702367e+02   1.7702317e+02   1.7702270e+02   1.7702227e+02   1.7702185e+02   1.7702140e+02   1.7702092e+02   1.7702041e+02   1.7701989e+02   1.7701944e+02   1.7701902e+02   1.7701865e+02   1.7701828e+02   1.7701788e+02   1.7701747e+02   1.7701700e+02   1.7701655e+02   1.7701617e+02   1.7701581e+02   1.7701552e+02   1.7701523e+02   1.7701490e+02   1.7701454e+02   1.7701416e+02   1.7701378e+02   1.7701348e+02   1.7701321e+02   1.7701298e+02   1.7701278e+02   1.7701253e+02   1.7701224e+02   1.7701195e+02   1.7701165e+02   1.7701142e+02   1.7701125e+02   1.7701111e+02   1.7701098e+02   1.7701081e+02   1.7701061e+02   1.7701039e+02   1.7701019e+02   1.7701005e+02   1.7700997e+02   1.7700992e+02   1.7700987e+02   1.7700978e+02   1.7700967e+02   1.7700954e+02   1.7700944e+02   1.7700940e+02   1.7700941e+02   1.7700946e+02   1.7700949e+02   1.7700951e+02
   1.7703240e+02   1.7703240e+02   1.7703237e+02   1.7703237e+02   1.7703237e+02   1.7703242e+02   1.7703249e+02   1.7703256e+02   1.7703268e+02   1.7703273e+02   1.7703279e+02   1.7703288e+02   1.7703296e+02   1.7703308e+02   1.7703323e+02   1.7703338e+02   1.7703352e+02   1.7703366e+02   1.7703379e+02   1.7703393e+02   1.7703408e+02   1.7703424e+02   1.7703444e+02   1.7703462e+02   1.7703480e+02   1.7703498e+02   1.7703513e+02   1.7703531e+02   1.7703549e+02   1.7703565e+02   1.7703583e+02   1.7703600e+02   1.7703616e+02   1.7703632e+02   1.7703647e+02   1.7703662e+02   1.7703676e+02   1.7703688e+02   1.7703697e+02   1.7703705e+02   1.7703712e+02   1.7703720e+02   1.7703728e+02   1.7703735e+02   1.7703741e+02   1.7703741e+02   1.7703737e+02   1.7703732e+02   1.7703726e+02   1.7703722e+02   1.7703720e+02   1.7703713e+02   1.7703701e+02   1.7703685e+02   1.7703662e+02   1.7703637e+02   1.7703611e+02   1.7703586e+02   1.7703565e+02   1.7703538e+02   1.7703507e+02   1.7703473e+02   1.7703430e+02   1.7703389e+02   1.7703350e+02   1.7703310e+02   1.7703273e+02   1.7703231e+02   1.7703184e+02   1.7703136e+02   1.7703085e+02   1.7703036e+02   1.7702991e+02   1.7702945e+02   1.7702900e+02   1.7702850e+02   1.7702795e+02   1.7702743e+02   1.7702688e+02   1.7702638e+02   1.7702592e+02   1.7702545e+02   1.7702497e+02   1.7702446e+02   1.7702390e+02   1.7702338e+02   1.7702286e+02   1.7702238e+02   1.7702196e+02   1.7702151e+02   1.7702107e+02   1.7702059e+02   1.7702007e+02   1.7701959e+02   1.7701913e+02   1.7701871e+02   1.7701834e+02   1.7701797e+02   1.7701756e+02   1.7701714e+02   1.7701668e+02   1.7701628e+02   1.7701589e+02   1.7701555e+02   1.7701526e+02   1.7701494e+02   1.7701462e+02   1.7701427e+02   1.7701389e+02   1.7701357e+02   1.7701327e+02   1.7701302e+02   1.7701279e+02   1.7701255e+02   1.7701231e+02   1.7701202e+02   1.7701175e+02   1.7701151e+02   1.7701130e+02   1.7701113e+02   1.7701098e+02   1.7701082e+02   1.7701065e+02   1.7701047e+02   1.7701027e+02   1.7701013e+02   1.7701002e+02   1.7700994e+02   1.7700987e+02   1.7700979e+02   1.7700970e+02   1.7700960e+02   1.7700951e+02   1.7700947e+02   1.7700947e+02   1.7700947e+02   1.7700950e+02   1.7700950e+02
   1.7703247e+02   1.7703245e+02   1.7703245e+02   1.7703244e+02   1.7703245e+02   1.7703249e+02   1.7703257e+02   1.7703265e+02   1.7703273e+02   1.7703282e+02   1.7703288e+02   1.7703297e+02   1.7703307e+02   1.7703318e+02   1.7703333e+02   1.7703348e+02   1.7703363e+02   1.7703378e+02   1.7703392e+02   1.7703408e+02   1.7703424e+02   1.7703441e+02   1.7703460e+02   1.7703479e+02   1.7703496e+02   1.7703515e+02   1.7703535e+02   1.7703553e+02   1.7703573e+02   1.7703591e+02   1.7703607e+02   1.7703624e+02   1.7703639e+02   1.7703658e+02   1.7703676e+02   1.7703695e+02   1.7703712e+02   1.7703722e+02   1.7703730e+02   1.7703736e+02   1.7703743e+02   1.7703753e+02   1.7703765e+02   1.7703775e+02   1.7703783e+02   1.7703783e+02   1.7703777e+02   1.7703770e+02   1.7703763e+02   1.7703760e+02   1.7703761e+02   1.7703759e+02   1.7703750e+02   1.7703733e+02   1.7703708e+02   1.7703678e+02   1.7703649e+02   1.7703624e+02   1.7703604e+02   1.7703580e+02   1.7703551e+02   1.7703517e+02   1.7703472e+02   1.7703427e+02   1.7703384e+02   1.7703342e+02   1.7703305e+02   1.7703263e+02   1.7703218e+02   1.7703171e+02   1.7703117e+02   1.7703065e+02   1.7703016e+02   1.7702968e+02   1.7702922e+02   1.7702872e+02   1.7702820e+02   1.7702767e+02   1.7702711e+02   1.7702658e+02   1.7702610e+02   1.7702560e+02   1.7702513e+02   1.7702461e+02   1.7702406e+02   1.7702354e+02   1.7702300e+02   1.7702251e+02   1.7702207e+02   1.7702162e+02   1.7702116e+02   1.7702068e+02   1.7702016e+02   1.7701968e+02   1.7701921e+02   1.7701878e+02   1.7701841e+02   1.7701801e+02   1.7701762e+02   1.7701718e+02   1.7701673e+02   1.7701632e+02   1.7701593e+02   1.7701559e+02   1.7701528e+02   1.7701497e+02   1.7701464e+02   1.7701428e+02   1.7701392e+02   1.7701359e+02   1.7701329e+02   1.7701303e+02   1.7701280e+02   1.7701256e+02   1.7701230e+02   1.7701204e+02   1.7701174e+02   1.7701151e+02   1.7701131e+02   1.7701113e+02   1.7701099e+02   1.7701082e+02   1.7701065e+02   1.7701046e+02   1.7701027e+02   1.7701012e+02   1.7701002e+02   1.7700993e+02   1.7700986e+02   1.7700979e+02   1.7700969e+02   1.7700959e+02   1.7700951e+02   1.7700946e+02   1.7700946e+02   1.7700947e+02   1.7700949e+02   1.7700950e+02
   1.7703252e+02   1.7703252e+02   1.7703249e+02   1.7703247e+02   1.7703247e+02   1.7703250e+02   1.7703258e+02   1.7703270e+02   1.7703279e+02   1.7703288e+02   1.7703296e+02   1.7703302e+02   1.7703311e+02   1.7703323e+02   1.7703338e+02   1.7703356e+02   1.7703372e+02   1.7703389e+02   1.7703404e+02   1.7703420e+02   1.7703435e+02   1.7703452e+02   1.7703471e+02   1.7703491e+02   1.7703511e+02   1.7703533e+02   1.7703553e+02   1.7703575e+02   1.7703594e+02   1.7703611e+02   1.7703628e+02   1.7703644e+02   1.7703662e+02   1.7703682e+02   1.7703705e+02   1.7703726e+02   1.7703743e+02   1.7703755e+02   1.7703761e+02   1.7703765e+02   1.7703773e+02   1.7703784e+02   1.7703798e+02   1.7703814e+02   1.7703824e+02   1.7703825e+02   1.7703818e+02   1.7703806e+02   1.7703799e+02   1.7703796e+02   1.7703800e+02   1.7703804e+02   1.7703797e+02   1.7703782e+02   1.7703755e+02   1.7703720e+02   1.7703687e+02   1.7703660e+02   1.7703640e+02   1.7703620e+02   1.7703595e+02   1.7703561e+02   1.7703516e+02   1.7703464e+02   1.7703417e+02   1.7703372e+02   1.7703332e+02   1.7703293e+02   1.7703250e+02   1.7703202e+02   1.7703149e+02   1.7703094e+02   1.7703041e+02   1.7702989e+02   1.7702939e+02   1.7702890e+02   1.7702839e+02   1.7702788e+02   1.7702734e+02   1.7702679e+02   1.7702627e+02   1.7702574e+02   1.7702522e+02   1.7702469e+02   1.7702415e+02   1.7702365e+02   1.7702314e+02   1.7702265e+02   1.7702218e+02   1.7702169e+02   1.7702120e+02   1.7702069e+02   1.7702018e+02   1.7701972e+02   1.7701927e+02   1.7701887e+02   1.7701847e+02   1.7701804e+02   1.7701761e+02   1.7701715e+02   1.7701669e+02   1.7701630e+02   1.7701595e+02   1.7701562e+02   1.7701532e+02   1.7701497e+02   1.7701461e+02   1.7701422e+02   1.7701384e+02   1.7701354e+02   1.7701327e+02   1.7701303e+02   1.7701281e+02   1.7701255e+02   1.7701226e+02   1.7701196e+02   1.7701166e+02   1.7701143e+02   1.7701126e+02   1.7701111e+02   1.7701098e+02   1.7701081e+02   1.7701059e+02   1.7701038e+02   1.7701017e+02   1.7701003e+02   1.7700995e+02   1.7700990e+02   1.7700985e+02   1.7700976e+02   1.7700964e+02   1.7700951e+02   1.7700940e+02   1.7700937e+02   1.7700938e+02   1.7700943e+02   1.7700947e+02   1.7700948e+02
   1.7703259e+02   1.7703258e+02   1.7703253e+02   1.7703243e+02   1.7703240e+02   1.7703244e+02   1.7703254e+02   1.7703272e+02   1.7703288e+02   1.7703297e+02   1.7703302e+02   1.7703303e+02   1.7703307e+02   1.7703320e+02   1.7703337e+02   1.7703362e+02   1.7703385e+02   1.7703402e+02   1.7703417e+02   1.7703426e+02   1.7703439e+02   1.7703456e+02   1.7703476e+02   1.7703504e+02   1.7703530e+02   1.7703554e+02   1.7703575e+02   1.7703591e+02   1.7703608e+02   1.7703626e+02   1.7703644e+02   1.7703668e+02   1.7703692e+02   1.7703714e+02   1.7703736e+02   1.7703754e+02   1.7703768e+02   1.7703780e+02   1.7703789e+02   1.7703800e+02   1.7703812e+02   1.7703824e+02   1.7703838e+02   1.7703848e+02   1.7703856e+02   1.7703859e+02   1.7703856e+02   1.7703850e+02   1.7703847e+02   1.7703844e+02   1.7703844e+02   1.7703845e+02   1.7703838e+02   1.7703823e+02   1.7703801e+02   1.7703769e+02   1.7703737e+02   1.7703708e+02   1.7703681e+02   1.7703656e+02   1.7703630e+02   1.7703596e+02   1.7703557e+02   1.7703511e+02   1.7703460e+02   1.7703411e+02   1.7703362e+02   1.7703316e+02   1.7703274e+02   1.7703226e+02   1.7703179e+02   1.7703128e+02   1.7703071e+02   1.7703016e+02   1.7702957e+02   1.7702901e+02   1.7702851e+02   1.7702801e+02   1.7702753e+02   1.7702705e+02   1.7702649e+02   1.7702592e+02   1.7702531e+02   1.7702470e+02   1.7702417e+02   1.7702368e+02   1.7702324e+02   1.7702282e+02   1.7702231e+02   1.7702179e+02   1.7702121e+02   1.7702062e+02   1.7702013e+02   1.7701967e+02   1.7701930e+02   1.7701895e+02   1.7701854e+02   1.7701809e+02   1.7701757e+02   1.7701702e+02   1.7701658e+02   1.7701620e+02   1.7701590e+02   1.7701567e+02   1.7701535e+02   1.7701498e+02   1.7701455e+02   1.7701407e+02   1.7701370e+02   1.7701340e+02   1.7701318e+02   1.7701304e+02   1.7701282e+02   1.7701254e+02   1.7701220e+02   1.7701179e+02   1.7701150e+02   1.7701128e+02   1.7701114e+02   1.7701110e+02   1.7701097e+02   1.7701078e+02   1.7701053e+02   1.7701021e+02   1.7700999e+02   1.7700986e+02   1.7700982e+02   1.7700986e+02   1.7700983e+02   1.7700974e+02   1.7700958e+02   1.7700936e+02   1.7700923e+02   1.7700918e+02   1.7700924e+02   1.7700938e+02   1.7700945e+02   1.7700947e+02
   1.7703268e+02   1.7703266e+02   1.7703259e+02   1.7703245e+02   1.7703240e+02   1.7703244e+02   1.7703257e+02   1.7703280e+02   1.7703296e+02   1.7703307e+02   1.7703311e+02   1.7703307e+02   1.7703312e+02   1.7703323e+02   1.7703343e+02   1.7703373e+02   1.7703398e+02   1.7703418e+02   1.7703432e+02   1.7703438e+02   1.7703448e+02   1.7703467e+02   1.7703490e+02   1.7703524e+02   1.7703554e+02   1.7703578e+02   1.7703600e+02   1.7703613e+02   1.7703627e+02   1.7703648e+02   1.7703670e+02   1.7703700e+02   1.7703728e+02   1.7703752e+02   1.7703774e+02   1.7703787e+02   1.7703800e+02   1.7703815e+02   1.7703828e+02   1.7703844e+02   1.7703860e+02   1.7703873e+02   1.7703884e+02   1.7703892e+02   1.7703897e+02   1.7703902e+02   1.7703905e+02   1.7703906e+02   1.7703906e+02   1.7703904e+02   1.7703902e+02   1.7703898e+02   1.7703888e+02   1.7703874e+02   1.7703856e+02   1.7703831e+02   1.7703799e+02   1.7703768e+02   1.7703736e+02   1.7703705e+02   1.7703676e+02   1.7703642e+02   1.7703606e+02   1.7703563e+02   1.7703512e+02   1.7703462e+02   1.7703406e+02   1.7703353e+02   1.7703307e+02   1.7703258e+02   1.7703214e+02   1.7703166e+02   1.7703109e+02   1.7703049e+02   1.7702985e+02   1.7702923e+02   1.7702871e+02   1.7702821e+02   1.7702778e+02   1.7702732e+02   1.7702675e+02   1.7702614e+02   1.7702547e+02   1.7702481e+02   1.7702428e+02   1.7702378e+02   1.7702338e+02   1.7702298e+02   1.7702248e+02   1.7702191e+02   1.7702129e+02   1.7702066e+02   1.7702014e+02   1.7701971e+02   1.7701935e+02   1.7701905e+02   1.7701862e+02   1.7701814e+02   1.7701758e+02   1.7701699e+02   1.7701654e+02   1.7701617e+02   1.7701591e+02   1.7701570e+02   1.7701538e+02   1.7701500e+02   1.7701453e+02   1.7701401e+02   1.7701363e+02   1.7701333e+02   1.7701316e+02   1.7701305e+02   1.7701282e+02   1.7701253e+02   1.7701215e+02   1.7701172e+02   1.7701140e+02   1.7701119e+02   1.7701110e+02   1.7701107e+02   1.7701096e+02   1.7701076e+02   1.7701048e+02   1.7701013e+02   1.7700990e+02   1.7700977e+02   1.7700975e+02   1.7700983e+02   1.7700981e+02   1.7700972e+02   1.7700953e+02   1.7700927e+02   1.7700912e+02   1.7700908e+02   1.7700916e+02   1.7700933e+02   1.7700943e+02   1.7700945e+02
   1.7703277e+02   1.7703276e+02   1.7703268e+02   1.7703254e+02   1.7703249e+02   1.7703253e+02   1.7703268e+02   1.7703290e+02   1.7703308e+02   1.7703318e+02   1.7703323e+02   1.7703320e+02   1.7703323e+02   1.7703338e+02   1.7703358e+02   1.7703389e+02   1.7703416e+02   1.7703435e+02   1.7703450e+02   1.7703456e+02   1.7703468e+02   1.7703488e+02   1.7703515e+02   1.7703550e+02   1.7703582e+02   1.7703608e+02   1.7703628e+02   1.7703642e+02   1.7703658e+02   1.7703681e+02   1.7703709e+02   1.7703742e+02   1.7703773e+02   1.7703797e+02   1.7703818e+02   1.7703832e+02   1.7703845e+02   1.7703862e+02   1.7703881e+02   1.7703900e+02   1.7703919e+02   1.7703932e+02   1.7703941e+02   1.7703947e+02   1.7703951e+02   1.7703959e+02   1.7703967e+02   1.7703973e+02   1.7703978e+02   1.7703977e+02   1.7703973e+02   1.7703967e+02   1.7703954e+02   1.7703940e+02   1.7703925e+02   1.7703902e+02   1.7703873e+02   1.7703842e+02   1.7703806e+02   1.7703771e+02   1.7703737e+02   1.7703700e+02   1.7703667e+02   1.7703625e+02   1.7703576e+02   1.7703523e+02   1.7703463e+02   1.7703406e+02   1.7703352e+02   1.7703300e+02   1.7703255e+02   1.7703207e+02   1.7703151e+02   1.7703091e+02   1.7703025e+02   1.7702960e+02   1.7702904e+02   1.7702851e+02   1.7702806e+02   1.7702760e+02   1.7702704e+02   1.7702643e+02   1.7702574e+02   1.7702506e+02   1.7702449e+02   1.7702397e+02   1.7702356e+02   1.7702316e+02   1.7702265e+02   1.7702210e+02   1.7702146e+02   1.7702081e+02   1.7702028e+02   1.7701981e+02   1.7701945e+02   1.7701914e+02   1.7701871e+02   1.7701823e+02   1.7701766e+02   1.7701707e+02   1.7701660e+02   1.7701622e+02   1.7701596e+02   1.7701574e+02   1.7701543e+02   1.7701504e+02   1.7701456e+02   1.7701405e+02   1.7701365e+02   1.7701336e+02   1.7701318e+02   1.7701306e+02   1.7701284e+02   1.7701254e+02   1.7701216e+02   1.7701173e+02   1.7701141e+02   1.7701119e+02   1.7701110e+02   1.7701108e+02   1.7701095e+02   1.7701076e+02   1.7701047e+02   1.7701012e+02   1.7700989e+02   1.7700976e+02   1.7700974e+02   1.7700982e+02   1.7700980e+02   1.7700970e+02   1.7700952e+02   1.7700926e+02   1.7700911e+02   1.7700908e+02   1.7700915e+02   1.7700932e+02   1.7700942e+02   1.7700943e+02
   1.7703290e+02   1.7703288e+02   1.7703282e+02   1.7703270e+02   1.7703266e+02   1.7703271e+02   1.7703284e+02   1.7703307e+02   1.7703323e+02   1.7703333e+02   1.7703338e+02   1.7703337e+02   1.7703343e+02   1.7703358e+02   1.7703382e+02   1.7703412e+02   1.7703439e+02   1.7703458e+02   1.7703471e+02   1.7703480e+02   1.7703494e+02   1.7703518e+02   1.7703548e+02   1.7703586e+02   1.7703618e+02   1.7703644e+02   1.7703664e+02   1.7703677e+02   1.7703696e+02   1.7703724e+02   1.7703756e+02   1.7703795e+02   1.7703828e+02   1.7703853e+02   1.7703872e+02   1.7703884e+02   1.7703900e+02   1.7703920e+02   1.7703944e+02   1.7703971e+02   1.7703991e+02   1.7704004e+02   1.7704010e+02   1.7704011e+02   1.7704015e+02   1.7704025e+02   1.7704040e+02   1.7704056e+02   1.7704065e+02   1.7704067e+02   1.7704063e+02   1.7704049e+02   1.7704033e+02   1.7704018e+02   1.7704005e+02   1.7703990e+02   1.7703963e+02   1.7703932e+02   1.7703894e+02   1.7703850e+02   1.7703810e+02   1.7703771e+02   1.7703735e+02   1.7703698e+02   1.7703652e+02   1.7703600e+02   1.7703538e+02   1.7703471e+02   1.7703408e+02   1.7703350e+02   1.7703299e+02   1.7703253e+02   1.7703201e+02   1.7703144e+02   1.7703079e+02   1.7703009e+02   1.7702947e+02   1.7702889e+02   1.7702839e+02   1.7702793e+02   1.7702739e+02   1.7702679e+02   1.7702613e+02   1.7702541e+02   1.7702479e+02   1.7702423e+02   1.7702377e+02   1.7702335e+02   1.7702287e+02   1.7702234e+02   1.7702173e+02   1.7702108e+02   1.7702050e+02   1.7701999e+02   1.7701957e+02   1.7701922e+02   1.7701881e+02   1.7701834e+02   1.7701782e+02   1.7701724e+02   1.7701675e+02   1.7701635e+02   1.7701603e+02   1.7701579e+02   1.7701548e+02   1.7701510e+02   1.7701467e+02   1.7701417e+02   1.7701378e+02   1.7701346e+02   1.7701324e+02   1.7701309e+02   1.7701286e+02   1.7701258e+02   1.7701223e+02   1.7701182e+02   1.7701151e+02   1.7701128e+02   1.7701114e+02   1.7701109e+02   1.7701096e+02   1.7701077e+02   1.7701052e+02   1.7701020e+02   1.7700998e+02   1.7700984e+02   1.7700979e+02   1.7700983e+02   1.7700980e+02   1.7700971e+02   1.7700954e+02   1.7700932e+02   1.7700919e+02   1.7700915e+02   1.7700920e+02   1.7700934e+02   1.7700941e+02   1.7700942e+02
   1.7703302e+02   1.7703300e+02   1.7703297e+02   1.7703292e+02   1.7703291e+02   1.7703297e+02   1.7703310e+02   1.7703324e+02   1.7703338e+02   1.7703348e+02   1.7703356e+02   1.7703362e+02   1.7703373e+02   1.7703389e+02   1.7703412e+02   1.7703439e+02   1.7703460e+02   1.7703480e+02   1.7703497e+02   1.7703511e+02   1.7703532e+02   1.7703558e+02   1.7703590e+02   1.7703624e+02   1.7703654e+02   1.7703679e+02   1.7703701e+02   1.7703723e+02   1.7703749e+02   1.7703778e+02   1.7703815e+02   1.7703850e+02   1.7703881e+02   1.7703909e+02   1.7703931e+02   1.7703951e+02   1.7703972e+02   1.7703995e+02   1.7704020e+02   1.7704044e+02   1.7704061e+02   1.7704076e+02   1.7704083e+02   1.7704088e+02   1.7704097e+02   1.7704110e+02   1.7704125e+02   1.7704141e+02   1.7704151e+02   1.7704155e+02   1.7704157e+02   1.7704149e+02   1.7704137e+02   1.7704122e+02   1.7704102e+02   1.7704081e+02   1.7704052e+02   1.7704022e+02   1.7703989e+02   1.7703947e+02   1.7703906e+02   1.7703864e+02   1.7703818e+02   1.7703775e+02   1.7703729e+02   1.7703674e+02   1.7703616e+02   1.7703550e+02   1.7703479e+02   1.7703415e+02   1.7703354e+02   1.7703301e+02   1.7703251e+02   1.7703195e+02   1.7703137e+02   1.7703071e+02   1.7703003e+02   1.7702942e+02   1.7702882e+02   1.7702827e+02   1.7702774e+02   1.7702716e+02   1.7702655e+02   1.7702587e+02   1.7702520e+02   1.7702460e+02   1.7702405e+02   1.7702356e+02   1.7702310e+02   1.7702258e+02   1.7702205e+02   1.7702144e+02   1.7702082e+02   1.7702027e+02   1.7701976e+02   1.7701932e+02   1.7701891e+02   1.7701846e+02   1.7701800e+02   1.7701749e+02   1.7701699e+02   1.7701655e+02   1.7701618e+02   1.7701584e+02   1.7701553e+02   1.7701518e+02   1.7701479e+02   1.7701439e+02   1.7701398e+02   1.7701364e+02   1.7701336e+02   1.7701311e+02   1.7701289e+02   1.7701262e+02   1.7701232e+02   1.7701200e+02   1.7701169e+02   1.7701145e+02   1.7701126e+02   1.7701110e+02   1.7701097e+02   1.7701079e+02   1.7701057e+02   1.7701035e+02   1.7701014e+02   1.7700999e+02   1.7700991e+02   1.7700985e+02   1.7700980e+02   1.7700971e+02   1.7700958e+02   1.7700946e+02   1.7700935e+02   1.7700930e+02   1.7700932e+02   1.7700936e+02   1.7700940e+02   1.7700941e+02
   1.7703312e+02   1.7703312e+02   1.7703310e+02   1.7703310e+02   1.7703312e+02   1.7703318e+02   1.7703329e+02   1.7703341e+02   1.7703352e+02   1.7703363e+02   1.7703372e+02   1.7703385e+02   1.7703398e+02   1.7703416e+02   1.7703439e+02   1.7703460e+02   1.7703483e+02   1.7703502e+02   1.7703521e+02   1.7703543e+02   1.7703568e+02   1.7703596e+02   1.7703627e+02   1.7703658e+02   1.7703686e+02   1.7703715e+02   1.7703741e+02   1.7703770e+02   1.7703803e+02   1.7703834e+02   1.7703868e+02   1.7703902e+02   1.7703931e+02   1.7703962e+02   1.7703991e+02   1.7704020e+02   1.7704050e+02   1.7704073e+02   1.7704095e+02   1.7704114e+02   1.7704128e+02   1.7704142e+02   1.7704156e+02   1.7704170e+02   1.7704184e+02   1.7704198e+02   1.7704212e+02   1.7704224e+02   1.7704231e+02   1.7704240e+02   1.7704250e+02   1.7704253e+02   1.7704247e+02   1.7704231e+02   1.7704204e+02   1.7704172e+02   1.7704136e+02   1.7704104e+02   1.7704078e+02   1.7704044e+02   1.7704006e+02   1.7703963e+02   1.7703909e+02   1.7703855e+02   1.7703801e+02   1.7703745e+02   1.7703690e+02   1.7703626e+02   1.7703553e+02   1.7703484e+02   1.7703413e+02   1.7703351e+02   1.7703298e+02   1.7703243e+02   1.7703189e+02   1.7703127e+02   1.7703059e+02   1.7702995e+02   1.7702927e+02   1.7702865e+02   1.7702808e+02   1.7702749e+02   1.7702691e+02   1.7702626e+02   1.7702558e+02   1.7702495e+02   1.7702434e+02   1.7702380e+02   1.7702332e+02   1.7702282e+02   1.7702231e+02   1.7702173e+02   1.7702109e+02   1.7702050e+02   1.7701993e+02   1.7701942e+02   1.7701900e+02   1.7701857e+02   1.7701813e+02   1.7701766e+02   1.7701716e+02   1.7701670e+02   1.7701628e+02   1.7701590e+02   1.7701559e+02   1.7701524e+02   1.7701489e+02   1.7701451e+02   1.7701411e+02   1.7701376e+02   1.7701343e+02   1.7701315e+02   1.7701291e+02   1.7701265e+02   1.7701238e+02   1.7701209e+02   1.7701179e+02   1.7701153e+02   1.7701131e+02   1.7701113e+02   1.7701097e+02   1.7701080e+02   1.7701062e+02   1.7701042e+02   1.7701023e+02   1.7701007e+02   1.7700996e+02   1.7700987e+02   1.7700979e+02   1.7700971e+02   1.7700961e+02   1.7700951e+02   1.7700942e+02   1.7700937e+02   1.7700937e+02   1.7700938e+02   1.7700940e+02   1.7700940e+02
   1.7703324e+02   1.7703324e+02   1.7703323e+02   1.7703323e+02   1.7703326e+02   1.7703332e+02   1.7703342e+02   1.7703354e+02   1.7703366e+02   1.7703378e+02   1.7703389e+02   1.7703402e+02   1.7703418e+02   1.7703435e+02   1.7703458e+02   1.7703480e+02   1.7703502e+02   1.7703527e+02   1.7703546e+02   1.7703572e+02   1.7703599e+02   1.7703626e+02   1.7703658e+02   1.7703688e+02   1.7703718e+02   1.7703750e+02   1.7703783e+02   1.7703817e+02   1.7703852e+02   1.7703884e+02   1.7703918e+02   1.7703950e+02   1.7703981e+02   1.7704017e+02   1.7704054e+02   1.7704090e+02   1.7704124e+02   1.7704150e+02   1.7704168e+02   1.7704184e+02   1.7704198e+02   1.7704215e+02   1.7704231e+02   1.7704247e+02   1.7704266e+02   1.7704282e+02   1.7704296e+02   1.7704308e+02   1.7704316e+02   1.7704327e+02   1.7704345e+02   1.7704358e+02   1.7704359e+02   1.7704343e+02   1.7704309e+02   1.7704267e+02   1.7704223e+02   1.7704191e+02   1.7704166e+02   1.7704139e+02   1.7704107e+02   1.7704063e+02   1.7704001e+02   1.7703940e+02   1.7703879e+02   1.7703819e+02   1.7703762e+02   1.7703695e+02   1.7703621e+02   1.7703545e+02   1.7703470e+02   1.7703405e+02   1.7703348e+02   1.7703291e+02   1.7703237e+02   1.7703176e+02   1.7703111e+02   1.7703045e+02   1.7702974e+02   1.7702907e+02   1.7702844e+02   1.7702781e+02   1.7702721e+02   1.7702657e+02   1.7702588e+02   1.7702526e+02   1.7702463e+02   1.7702406e+02   1.7702357e+02   1.7702304e+02   1.7702253e+02   1.7702195e+02   1.7702129e+02   1.7702067e+02   1.7702006e+02   1.7701954e+02   1.7701910e+02   1.7701866e+02   1.7701822e+02   1.7701774e+02   1.7701724e+02   1.7701679e+02   1.7701636e+02   1.7701597e+02   1.7701564e+02   1.7701529e+02   1.7701494e+02   1.7701455e+02   1.7701415e+02   1.7701379e+02   1.7701347e+02   1.7701318e+02   1.7701293e+02   1.7701267e+02   1.7701240e+02   1.7701210e+02   1.7701180e+02   1.7701154e+02   1.7701132e+02   1.7701113e+02   1.7701098e+02   1.7701079e+02   1.7701061e+02   1.7701042e+02   1.7701021e+02   1.7701006e+02   1.7700994e+02   1.7700986e+02   1.7700978e+02   1.7700970e+02   1.7700960e+02   1.7700950e+02   1.7700940e+02   1.7700935e+02   1.7700935e+02   1.7700936e+02   1.7700938e+02   1.7700939e+02
