   1.2820180e+02   1.2820170e+02   1.2820175e+02   1.2820174e+02   1.2820169e+02   1.2820185e+02   1.2820192e+02   1.2820193e+02   1.2820198e+02   1.2820197e+02   1.2820203e+02   1.2820213e+02   1.2820223e+02   1.2820241e+02   1.2820257e+02   1.2820267e+02   1.2820275e+02   1.2820281e+02   1.2820289e+02   1.2820302e+02   1.2820313e+02   1.2820334e+02   1.2820358e+02   1.2820371e+02   1.2820382e+02   1.2820388e+02   1.2820391e+02   1.2820400e+02   1.2820408e+02   1.2820427e+02   1.2820452e+02   1.2820465e+02   1.2820473e+02   1.2820472e+02   1.2820468e+02   1.2820467e+02   1.2820462e+02   1.2820470e+02   1.2820485e+02   1.2820489e+02   1.2820494e+02   1.2820486e+02   1.2820465e+02   1.2820442e+02   1.2820403e+02   1.2820383e+02   1.2820393e+02   1.2820397e+02   1.2820393e+02   1.2820368e+02   1.2820320e+02   1.2820261e+02   1.2820190e+02   1.2820145e+02   1.2820133e+02   1.2820124e+02   1.2820110e+02   1.2820076e+02   1.2820019e+02   1.2819940e+02   1.2819846e+02   1.2819778e+02   1.2819732e+02   1.2819683e+02   1.2819645e+02   1.2819598e+02   1.2819534e+02   1.2819457e+02   1.2819357e+02   1.2819264e+02   1.2819186e+02   1.2819116e+02   1.2819061e+02   1.2819005e+02   1.2818937e+02   1.2818854e+02   1.2818747e+02   1.2818639e+02   1.2818546e+02   1.2818466e+02   1.2818401e+02   1.2818336e+02   1.2818264e+02   1.2818180e+02   1.2818070e+02   1.2817960e+02   1.2817863e+02   1.2817778e+02   1.2817711e+02   1.2817647e+02   1.2817578e+02   1.2817497e+02   1.2817396e+02   1.2817293e+02   1.2817199e+02   1.2817118e+02   1.2817055e+02   1.2816998e+02   1.2816935e+02   1.2816866e+02   1.2816777e+02   1.2816680e+02   1.2816601e+02   1.2816531e+02   1.2816473e+02   1.2816425e+02   1.2816371e+02   1.2816311e+02   1.2816239e+02   1.2816161e+02   1.2816097e+02   1.2816042e+02   1.2815995e+02   1.2815956e+02   1.2815914e+02   1.2815869e+02   1.2815812e+02   1.2815756e+02   1.2815712e+02   1.2815668e+02   1.2815637e+02   1.2815610e+02   1.2815581e+02   1.2815554e+02   1.2815517e+02   1.2815483e+02   1.2815456e+02   1.2815430e+02   1.2815412e+02   1.2815398e+02   1.2815386e+02   1.2815376e+02   1.2815361e+02   1.2815350e+02   1.2815345e+02   1.2815338e+02   1.2815334e+02   1.2815336e+02
   1.2820170e+02   1.2820175e+02   1.2820165e+02   1.2820169e+02   1.2820173e+02   1.2820174e+02   1.2820188e+02   1.2820190e+02   1.2820191e+02   1.2820198e+02   1.2820198e+02   1.2820210e+02   1.2820221e+02   1.2820233e+02   1.2820255e+02   1.2820263e+02   1.2820272e+02   1.2820281e+02   1.2820285e+02   1.2820299e+02   1.2820311e+02   1.2820329e+02   1.2820354e+02   1.2820369e+02   1.2820381e+02   1.2820387e+02   1.2820390e+02   1.2820398e+02   1.2820406e+02   1.2820423e+02   1.2820449e+02   1.2820465e+02   1.2820473e+02   1.2820472e+02   1.2820470e+02   1.2820466e+02   1.2820460e+02   1.2820469e+02   1.2820482e+02   1.2820491e+02   1.2820496e+02   1.2820486e+02   1.2820468e+02   1.2820442e+02   1.2820402e+02   1.2820383e+02   1.2820392e+02   1.2820399e+02   1.2820395e+02   1.2820369e+02   1.2820324e+02   1.2820262e+02   1.2820189e+02   1.2820145e+02   1.2820132e+02   1.2820125e+02   1.2820113e+02   1.2820077e+02   1.2820022e+02   1.2819941e+02   1.2819844e+02   1.2819779e+02   1.2819730e+02   1.2819684e+02   1.2819647e+02   1.2819599e+02   1.2819538e+02   1.2819456e+02   1.2819355e+02   1.2819263e+02   1.2819183e+02   1.2819115e+02   1.2819062e+02   1.2819005e+02   1.2818938e+02   1.2818853e+02   1.2818742e+02   1.2818637e+02   1.2818544e+02   1.2818463e+02   1.2818400e+02   1.2818335e+02   1.2818265e+02   1.2818177e+02   1.2818063e+02   1.2817958e+02   1.2817859e+02   1.2817772e+02   1.2817710e+02   1.2817644e+02   1.2817576e+02   1.2817494e+02   1.2817388e+02   1.2817289e+02   1.2817194e+02   1.2817112e+02   1.2817054e+02   1.2816992e+02   1.2816933e+02   1.2816862e+02   1.2816765e+02   1.2816680e+02   1.2816594e+02   1.2816522e+02   1.2816474e+02   1.2816417e+02   1.2816367e+02   1.2816309e+02   1.2816226e+02   1.2816158e+02   1.2816091e+02   1.2816032e+02   1.2815994e+02   1.2815949e+02   1.2815909e+02   1.2815864e+02   1.2815802e+02   1.2815752e+02   1.2815704e+02   1.2815661e+02   1.2815633e+02   1.2815602e+02   1.2815577e+02   1.2815549e+02   1.2815507e+02   1.2815477e+02   1.2815448e+02   1.2815423e+02   1.2815408e+02   1.2815391e+02   1.2815380e+02   1.2815371e+02   1.2815352e+02   1.2815343e+02   1.2815338e+02   1.2815331e+02   1.2815331e+02   1.2815330e+02
   1.2820175e+02   1.2820165e+02   1.2820163e+02   1.2820158e+02   1.2820152e+02   1.2820158e+02   1.2820169e+02   1.2820184e+02   1.2820193e+02   1.2820193e+02   1.2820196e+02   1.2820198e+02   1.2820202e+02   1.2820217e+02   1.2820240e+02   1.2820260e+02   1.2820273e+02   1.2820279e+02   1.2820283e+02   1.2820288e+02   1.2820296e+02   1.2820316e+02   1.2820344e+02   1.2820367e+02   1.2820383e+02   1.2820389e+02   1.2820389e+02   1.2820391e+02   1.2820394e+02   1.2820412e+02   1.2820441e+02   1.2820464e+02   1.2820478e+02   1.2820478e+02   1.2820471e+02   1.2820462e+02   1.2820453e+02   1.2820459e+02   1.2820478e+02   1.2820492e+02   1.2820501e+02   1.2820495e+02   1.2820472e+02   1.2820441e+02   1.2820398e+02   1.2820377e+02   1.2820389e+02   1.2820402e+02   1.2820402e+02   1.2820379e+02   1.2820329e+02   1.2820261e+02   1.2820186e+02   1.2820140e+02   1.2820130e+02   1.2820128e+02   1.2820119e+02   1.2820087e+02   1.2820029e+02   1.2819940e+02   1.2819840e+02   1.2819772e+02   1.2819726e+02   1.2819685e+02   1.2819652e+02   1.2819607e+02   1.2819543e+02   1.2819455e+02   1.2819347e+02   1.2819253e+02   1.2819176e+02   1.2819114e+02   1.2819066e+02   1.2819012e+02   1.2818942e+02   1.2818848e+02   1.2818731e+02   1.2818624e+02   1.2818532e+02   1.2818458e+02   1.2818401e+02   1.2818338e+02   1.2818265e+02   1.2818169e+02   1.2818049e+02   1.2817940e+02   1.2817845e+02   1.2817766e+02   1.2817706e+02   1.2817645e+02   1.2817575e+02   1.2817483e+02   1.2817371e+02   1.2817268e+02   1.2817177e+02   1.2817104e+02   1.2817049e+02   1.2816993e+02   1.2816929e+02   1.2816846e+02   1.2816748e+02   1.2816656e+02   1.2816577e+02   1.2816512e+02   1.2816463e+02   1.2816417e+02   1.2816361e+02   1.2816291e+02   1.2816208e+02   1.2816133e+02   1.2816073e+02   1.2816020e+02   1.2815981e+02   1.2815946e+02   1.2815900e+02   1.2815847e+02   1.2815783e+02   1.2815726e+02   1.2815684e+02   1.2815649e+02   1.2815622e+02   1.2815598e+02   1.2815567e+02   1.2815529e+02   1.2815486e+02   1.2815450e+02   1.2815430e+02   1.2815411e+02   1.2815398e+02   1.2815387e+02   1.2815369e+02   1.2815350e+02   1.2815329e+02   1.2815317e+02   1.2815320e+02   1.2815320e+02   1.2815323e+02   1.2815327e+02
   1.2820174e+02   1.2820169e+02   1.2820158e+02   1.2820136e+02   1.2820120e+02   1.2820123e+02   1.2820143e+02   1.2820174e+02   1.2820194e+02   1.2820199e+02   1.2820193e+02   1.2820178e+02   1.2820172e+02   1.2820187e+02   1.2820217e+02   1.2820254e+02   1.2820277e+02   1.2820285e+02   1.2820281e+02   1.2820271e+02   1.2820272e+02   1.2820289e+02   1.2820325e+02   1.2820366e+02   1.2820388e+02   1.2820397e+02   1.2820392e+02   1.2820378e+02   1.2820377e+02   1.2820392e+02   1.2820426e+02   1.2820466e+02   1.2820486e+02   1.2820489e+02   1.2820478e+02   1.2820455e+02   1.2820441e+02   1.2820446e+02   1.2820468e+02   1.2820499e+02   1.2820513e+02   1.2820508e+02   1.2820484e+02   1.2820439e+02   1.2820393e+02   1.2820371e+02   1.2820383e+02   1.2820410e+02   1.2820416e+02   1.2820393e+02   1.2820343e+02   1.2820262e+02   1.2820183e+02   1.2820136e+02   1.2820125e+02   1.2820136e+02   1.2820133e+02   1.2820101e+02   1.2820042e+02   1.2819940e+02   1.2819835e+02   1.2819766e+02   1.2819719e+02   1.2819691e+02   1.2819665e+02   1.2819620e+02   1.2819555e+02   1.2819450e+02   1.2819336e+02   1.2819242e+02   1.2819163e+02   1.2819116e+02   1.2819077e+02   1.2819022e+02   1.2818951e+02   1.2818839e+02   1.2818712e+02   1.2818604e+02   1.2818513e+02   1.2818454e+02   1.2818407e+02   1.2818345e+02   1.2818270e+02   1.2818153e+02   1.2818022e+02   1.2817912e+02   1.2817818e+02   1.2817758e+02   1.2817711e+02   1.2817649e+02   1.2817575e+02   1.2817463e+02   1.2817338e+02   1.2817232e+02   1.2817146e+02   1.2817093e+02   1.2817050e+02   1.2816994e+02   1.2816925e+02   1.2816822e+02   1.2816709e+02   1.2816617e+02   1.2816543e+02   1.2816498e+02   1.2816461e+02   1.2816414e+02   1.2816355e+02   1.2816263e+02   1.2816169e+02   1.2816092e+02   1.2816034e+02   1.2816005e+02   1.2815976e+02   1.2815940e+02   1.2815894e+02   1.2815817e+02   1.2815741e+02   1.2815683e+02   1.2815645e+02   1.2815633e+02   1.2815617e+02   1.2815592e+02   1.2815556e+02   1.2815496e+02   1.2815441e+02   1.2815405e+02   1.2815391e+02   1.2815396e+02   1.2815392e+02   1.2815380e+02   1.2815356e+02   1.2815314e+02   1.2815282e+02   1.2815271e+02   1.2815282e+02   1.2815307e+02   1.2815320e+02   1.2815324e+02
   1.2820169e+02   1.2820173e+02   1.2820152e+02   1.2820120e+02   1.2820104e+02   1.2820101e+02   1.2820131e+02   1.2820169e+02   1.2820187e+02   1.2820201e+02   1.2820190e+02   1.2820166e+02   1.2820158e+02   1.2820168e+02   1.2820207e+02   1.2820252e+02   1.2820275e+02   1.2820288e+02   1.2820280e+02   1.2820262e+02   1.2820262e+02   1.2820278e+02   1.2820319e+02   1.2820367e+02   1.2820392e+02   1.2820403e+02   1.2820396e+02   1.2820376e+02   1.2820374e+02   1.2820387e+02   1.2820424e+02   1.2820472e+02   1.2820495e+02   1.2820501e+02   1.2820488e+02   1.2820458e+02   1.2820444e+02   1.2820447e+02   1.2820472e+02   1.2820510e+02   1.2820528e+02   1.2820524e+02   1.2820499e+02   1.2820448e+02   1.2820401e+02   1.2820378e+02   1.2820390e+02   1.2820424e+02   1.2820433e+02   1.2820411e+02   1.2820361e+02   1.2820274e+02   1.2820192e+02   1.2820145e+02   1.2820133e+02   1.2820150e+02   1.2820150e+02   1.2820119e+02   1.2820060e+02   1.2819952e+02   1.2819843e+02   1.2819773e+02   1.2819723e+02   1.2819702e+02   1.2819680e+02   1.2819634e+02   1.2819570e+02   1.2819458e+02   1.2819337e+02   1.2819243e+02   1.2819163e+02   1.2819121e+02   1.2819088e+02   1.2819033e+02   1.2818961e+02   1.2818840e+02   1.2818707e+02   1.2818599e+02   1.2818506e+02   1.2818453e+02   1.2818411e+02   1.2818349e+02   1.2818274e+02   1.2818148e+02   1.2818010e+02   1.2817900e+02   1.2817804e+02   1.2817750e+02   1.2817710e+02   1.2817648e+02   1.2817575e+02   1.2817453e+02   1.2817318e+02   1.2817213e+02   1.2817127e+02   1.2817083e+02   1.2817046e+02   1.2816986e+02   1.2816921e+02   1.2816808e+02   1.2816684e+02   1.2816594e+02   1.2816520e+02   1.2816483e+02   1.2816455e+02   1.2816403e+02   1.2816345e+02   1.2816248e+02   1.2816140e+02   1.2816065e+02   1.2816008e+02   1.2815986e+02   1.2815969e+02   1.2815928e+02   1.2815880e+02   1.2815798e+02   1.2815710e+02   1.2815655e+02   1.2815619e+02   1.2815613e+02   1.2815606e+02   1.2815577e+02   1.2815540e+02   1.2815474e+02   1.2815410e+02   1.2815376e+02   1.2815365e+02   1.2815376e+02   1.2815381e+02   1.2815366e+02   1.2815338e+02   1.2815291e+02   1.2815251e+02   1.2815241e+02   1.2815256e+02   1.2815288e+02   1.2815309e+02   1.2815312e+02
   1.2820185e+02   1.2820174e+02   1.2820158e+02   1.2820123e+02   1.2820101e+02   1.2820110e+02   1.2820135e+02   1.2820175e+02   1.2820200e+02   1.2820202e+02   1.2820195e+02   1.2820172e+02   1.2820162e+02   1.2820177e+02   1.2820213e+02   1.2820260e+02   1.2820286e+02   1.2820294e+02   1.2820289e+02   1.2820271e+02   1.2820270e+02   1.2820289e+02   1.2820329e+02   1.2820378e+02   1.2820404e+02   1.2820414e+02   1.2820407e+02   1.2820389e+02   1.2820387e+02   1.2820402e+02   1.2820439e+02   1.2820485e+02   1.2820510e+02   1.2820517e+02   1.2820504e+02   1.2820476e+02   1.2820463e+02   1.2820466e+02   1.2820493e+02   1.2820530e+02   1.2820547e+02   1.2820545e+02   1.2820519e+02   1.2820471e+02   1.2820426e+02   1.2820402e+02   1.2820415e+02   1.2820446e+02   1.2820454e+02   1.2820435e+02   1.2820384e+02   1.2820299e+02   1.2820217e+02   1.2820169e+02   1.2820158e+02   1.2820172e+02   1.2820172e+02   1.2820142e+02   1.2820081e+02   1.2819975e+02   1.2819868e+02   1.2819796e+02   1.2819746e+02   1.2819722e+02   1.2819699e+02   1.2819655e+02   1.2819589e+02   1.2819478e+02   1.2819358e+02   1.2819262e+02   1.2819183e+02   1.2819138e+02   1.2819104e+02   1.2819049e+02   1.2818976e+02   1.2818856e+02   1.2818723e+02   1.2818613e+02   1.2818519e+02   1.2818464e+02   1.2818421e+02   1.2818361e+02   1.2818284e+02   1.2818159e+02   1.2818021e+02   1.2817906e+02   1.2817812e+02   1.2817758e+02   1.2817715e+02   1.2817657e+02   1.2817581e+02   1.2817458e+02   1.2817325e+02   1.2817217e+02   1.2817132e+02   1.2817085e+02   1.2817047e+02   1.2816994e+02   1.2816923e+02   1.2816810e+02   1.2816690e+02   1.2816592e+02   1.2816521e+02   1.2816487e+02   1.2816454e+02   1.2816410e+02   1.2816347e+02   1.2816245e+02   1.2816143e+02   1.2816061e+02   1.2816009e+02   1.2815988e+02   1.2815964e+02   1.2815932e+02   1.2815879e+02   1.2815792e+02   1.2815712e+02   1.2815651e+02   1.2815618e+02   1.2815612e+02   1.2815600e+02   1.2815578e+02   1.2815538e+02   1.2815469e+02   1.2815410e+02   1.2815372e+02   1.2815363e+02   1.2815375e+02   1.2815375e+02   1.2815365e+02   1.2815336e+02   1.2815287e+02   1.2815250e+02   1.2815237e+02   1.2815253e+02   1.2815286e+02   1.2815304e+02   1.2815312e+02
   1.2820192e+02   1.2820188e+02   1.2820169e+02   1.2820143e+02   1.2820131e+02   1.2820135e+02   1.2820161e+02   1.2820193e+02   1.2820210e+02   1.2820215e+02   1.2820206e+02   1.2820192e+02   1.2820193e+02   1.2820206e+02   1.2820238e+02   1.2820277e+02   1.2820298e+02   1.2820309e+02   1.2820304e+02   1.2820295e+02   1.2820301e+02   1.2820320e+02   1.2820357e+02   1.2820398e+02   1.2820419e+02   1.2820429e+02   1.2820427e+02   1.2820417e+02   1.2820420e+02   1.2820436e+02   1.2820470e+02   1.2820509e+02   1.2820530e+02   1.2820535e+02   1.2820527e+02   1.2820507e+02   1.2820497e+02   1.2820505e+02   1.2820528e+02   1.2820559e+02   1.2820572e+02   1.2820568e+02   1.2820547e+02   1.2820505e+02   1.2820464e+02   1.2820444e+02   1.2820453e+02   1.2820478e+02   1.2820482e+02   1.2820459e+02   1.2820413e+02   1.2820335e+02   1.2820256e+02   1.2820211e+02   1.2820197e+02   1.2820204e+02   1.2820199e+02   1.2820166e+02   1.2820110e+02   1.2820010e+02   1.2819906e+02   1.2819836e+02   1.2819783e+02   1.2819752e+02   1.2819724e+02   1.2819677e+02   1.2819615e+02   1.2819511e+02   1.2819395e+02   1.2819301e+02   1.2819218e+02   1.2819167e+02   1.2819126e+02   1.2819068e+02   1.2818997e+02   1.2818885e+02   1.2818758e+02   1.2818649e+02   1.2818551e+02   1.2818487e+02   1.2818438e+02   1.2818375e+02   1.2818300e+02   1.2818183e+02   1.2818051e+02   1.2817940e+02   1.2817841e+02   1.2817778e+02   1.2817730e+02   1.2817667e+02   1.2817594e+02   1.2817480e+02   1.2817353e+02   1.2817249e+02   1.2817158e+02   1.2817102e+02   1.2817062e+02   1.2817004e+02   1.2816935e+02   1.2816831e+02   1.2816715e+02   1.2816623e+02   1.2816546e+02   1.2816502e+02   1.2816468e+02   1.2816418e+02   1.2816359e+02   1.2816264e+02   1.2816164e+02   1.2816091e+02   1.2816032e+02   1.2816003e+02   1.2815978e+02   1.2815938e+02   1.2815890e+02   1.2815811e+02   1.2815731e+02   1.2815677e+02   1.2815639e+02   1.2815626e+02   1.2815612e+02   1.2815585e+02   1.2815548e+02   1.2815488e+02   1.2815431e+02   1.2815398e+02   1.2815383e+02   1.2815387e+02   1.2815385e+02   1.2815371e+02   1.2815348e+02   1.2815306e+02   1.2815273e+02   1.2815262e+02   1.2815272e+02   1.2815298e+02   1.2815311e+02   1.2815315e+02
   1.2820193e+02   1.2820190e+02   1.2820184e+02   1.2820174e+02   1.2820169e+02   1.2820175e+02   1.2820193e+02   1.2820208e+02   1.2820214e+02   1.2820220e+02   1.2820220e+02   1.2820219e+02   1.2820229e+02   1.2820246e+02   1.2820272e+02   1.2820295e+02   1.2820305e+02   1.2820315e+02   1.2820320e+02   1.2820324e+02   1.2820338e+02   1.2820362e+02   1.2820392e+02   1.2820416e+02   1.2820430e+02   1.2820439e+02   1.2820442e+02   1.2820448e+02   1.2820457e+02   1.2820477e+02   1.2820507e+02   1.2820530e+02   1.2820545e+02   1.2820551e+02   1.2820546e+02   1.2820541e+02   1.2820536e+02   1.2820545e+02   1.2820568e+02   1.2820584e+02   1.2820594e+02   1.2820589e+02   1.2820568e+02   1.2820542e+02   1.2820506e+02   1.2820486e+02   1.2820495e+02   1.2820506e+02   1.2820506e+02   1.2820483e+02   1.2820436e+02   1.2820371e+02   1.2820298e+02   1.2820252e+02   1.2820238e+02   1.2820233e+02   1.2820223e+02   1.2820190e+02   1.2820132e+02   1.2820046e+02   1.2819948e+02   1.2819877e+02   1.2819824e+02   1.2819779e+02   1.2819745e+02   1.2819698e+02   1.2819634e+02   1.2819546e+02   1.2819437e+02   1.2819341e+02   1.2819259e+02   1.2819194e+02   1.2819144e+02   1.2819084e+02   1.2819013e+02   1.2818919e+02   1.2818800e+02   1.2818689e+02   1.2818589e+02   1.2818508e+02   1.2818448e+02   1.2818384e+02   1.2818311e+02   1.2818214e+02   1.2818093e+02   1.2817978e+02   1.2817877e+02   1.2817798e+02   1.2817736e+02   1.2817673e+02   1.2817603e+02   1.2817510e+02   1.2817395e+02   1.2817289e+02   1.2817194e+02   1.2817121e+02   1.2817066e+02   1.2817006e+02   1.2816943e+02   1.2816860e+02   1.2816756e+02   1.2816664e+02   1.2816582e+02   1.2816517e+02   1.2816471e+02   1.2816420e+02   1.2816363e+02   1.2816294e+02   1.2816205e+02   1.2816129e+02   1.2816068e+02   1.2816015e+02   1.2815980e+02   1.2815940e+02   1.2815892e+02   1.2815840e+02   1.2815770e+02   1.2815714e+02   1.2815673e+02   1.2815636e+02   1.2815614e+02   1.2815586e+02   1.2815553e+02   1.2815518e+02   1.2815470e+02   1.2815437e+02   1.2815416e+02   1.2815396e+02   1.2815386e+02   1.2815372e+02   1.2815354e+02   1.2815336e+02   1.2815312e+02   1.2815302e+02   1.2815304e+02   1.2815306e+02   1.2815309e+02   1.2815312e+02
   1.2820198e+02   1.2820191e+02   1.2820193e+02   1.2820194e+02   1.2820187e+02   1.2820200e+02   1.2820210e+02   1.2820214e+02   1.2820225e+02   1.2820223e+02   1.2820229e+02   1.2820240e+02   1.2820246e+02   1.2820270e+02   1.2820291e+02   1.2820304e+02   1.2820318e+02   1.2820323e+02   1.2820331e+02   1.2820345e+02   1.2820358e+02   1.2820384e+02   1.2820414e+02   1.2820430e+02   1.2820445e+02   1.2820451e+02   1.2820456e+02   1.2820468e+02   1.2820479e+02   1.2820502e+02   1.2820532e+02   1.2820550e+02   1.2820563e+02   1.2820567e+02   1.2820564e+02   1.2820564e+02   1.2820561e+02   1.2820572e+02   1.2820596e+02   1.2820609e+02   1.2820617e+02   1.2820612e+02   1.2820590e+02   1.2820568e+02   1.2820536e+02   1.2820516e+02   1.2820526e+02   1.2820533e+02   1.2820531e+02   1.2820508e+02   1.2820459e+02   1.2820399e+02   1.2820327e+02   1.2820282e+02   1.2820269e+02   1.2820260e+02   1.2820249e+02   1.2820215e+02   1.2820155e+02   1.2820074e+02   1.2819977e+02   1.2819905e+02   1.2819853e+02   1.2819805e+02   1.2819768e+02   1.2819721e+02   1.2819655e+02   1.2819572e+02   1.2819465e+02   1.2819368e+02   1.2819287e+02   1.2819216e+02   1.2819163e+02   1.2819102e+02   1.2819031e+02   1.2818942e+02   1.2818826e+02   1.2818712e+02   1.2818612e+02   1.2818526e+02   1.2818462e+02   1.2818397e+02   1.2818323e+02   1.2818233e+02   1.2818116e+02   1.2817999e+02   1.2817900e+02   1.2817813e+02   1.2817745e+02   1.2817683e+02   1.2817610e+02   1.2817526e+02   1.2817419e+02   1.2817309e+02   1.2817215e+02   1.2817132e+02   1.2817070e+02   1.2817014e+02   1.2816948e+02   1.2816875e+02   1.2816780e+02   1.2816682e+02   1.2816601e+02   1.2816529e+02   1.2816473e+02   1.2816423e+02   1.2816368e+02   1.2816306e+02   1.2816228e+02   1.2816147e+02   1.2816082e+02   1.2816026e+02   1.2815979e+02   1.2815941e+02   1.2815900e+02   1.2815850e+02   1.2815791e+02   1.2815732e+02   1.2815686e+02   1.2815647e+02   1.2815613e+02   1.2815587e+02   1.2815560e+02   1.2815528e+02   1.2815489e+02   1.2815454e+02   1.2815427e+02   1.2815404e+02   1.2815386e+02   1.2815372e+02   1.2815360e+02   1.2815347e+02   1.2815331e+02   1.2815319e+02   1.2815316e+02   1.2815311e+02   1.2815309e+02   1.2815312e+02
   1.2820197e+02   1.2820198e+02   1.2820193e+02   1.2820199e+02   1.2820201e+02   1.2820202e+02   1.2820215e+02   1.2820220e+02   1.2820223e+02   1.2820231e+02   1.2820233e+02   1.2820246e+02   1.2820259e+02   1.2820274e+02   1.2820301e+02   1.2820313e+02   1.2820324e+02   1.2820333e+02   1.2820338e+02   1.2820355e+02   1.2820371e+02   1.2820394e+02   1.2820426e+02   1.2820445e+02   1.2820458e+02   1.2820466e+02   1.2820470e+02   1.2820483e+02   1.2820495e+02   1.2820517e+02   1.2820550e+02   1.2820570e+02   1.2820583e+02   1.2820587e+02   1.2820585e+02   1.2820584e+02   1.2820582e+02   1.2820594e+02   1.2820619e+02   1.2820636e+02   1.2820645e+02   1.2820638e+02   1.2820619e+02   1.2820594e+02   1.2820562e+02   1.2820545e+02   1.2820553e+02   1.2820565e+02   1.2820563e+02   1.2820537e+02   1.2820492e+02   1.2820427e+02   1.2820354e+02   1.2820311e+02   1.2820297e+02   1.2820292e+02   1.2820280e+02   1.2820245e+02   1.2820187e+02   1.2820102e+02   1.2820004e+02   1.2819933e+02   1.2819878e+02   1.2819832e+02   1.2819796e+02   1.2819747e+02   1.2819684e+02   1.2819596e+02   1.2819487e+02   1.2819391e+02   1.2819308e+02   1.2819239e+02   1.2819186e+02   1.2819124e+02   1.2819054e+02   1.2818962e+02   1.2818841e+02   1.2818729e+02   1.2818627e+02   1.2818541e+02   1.2818476e+02   1.2818410e+02   1.2818338e+02   1.2818245e+02   1.2818125e+02   1.2818013e+02   1.2817908e+02   1.2817820e+02   1.2817755e+02   1.2817689e+02   1.2817621e+02   1.2817534e+02   1.2817422e+02   1.2817319e+02   1.2817221e+02   1.2817137e+02   1.2817078e+02   1.2817015e+02   1.2816955e+02   1.2816881e+02   1.2816780e+02   1.2816690e+02   1.2816604e+02   1.2816529e+02   1.2816477e+02   1.2816422e+02   1.2816370e+02   1.2816308e+02   1.2816227e+02   1.2816153e+02   1.2816082e+02   1.2816022e+02   1.2815982e+02   1.2815936e+02   1.2815897e+02   1.2815852e+02   1.2815787e+02   1.2815735e+02   1.2815684e+02   1.2815641e+02   1.2815615e+02   1.2815583e+02   1.2815558e+02   1.2815528e+02   1.2815486e+02   1.2815454e+02   1.2815425e+02   1.2815400e+02   1.2815385e+02   1.2815368e+02   1.2815357e+02   1.2815347e+02   1.2815327e+02   1.2815319e+02   1.2815314e+02   1.2815307e+02   1.2815309e+02   1.2815306e+02
   1.2820203e+02   1.2820198e+02   1.2820196e+02   1.2820193e+02   1.2820190e+02   1.2820195e+02   1.2820206e+02   1.2820220e+02   1.2820229e+02   1.2820233e+02   1.2820239e+02   1.2820242e+02   1.2820251e+02   1.2820270e+02   1.2820295e+02   1.2820320e+02   1.2820334e+02   1.2820341e+02   1.2820349e+02   1.2820355e+02   1.2820369e+02   1.2820394e+02   1.2820428e+02   1.2820457e+02   1.2820473e+02   1.2820483e+02   1.2820485e+02   1.2820491e+02   1.2820502e+02   1.2820525e+02   1.2820562e+02   1.2820590e+02   1.2820606e+02   1.2820613e+02   1.2820607e+02   1.2820601e+02   1.2820598e+02   1.2820609e+02   1.2820640e+02   1.2820664e+02   1.2820676e+02   1.2820674e+02   1.2820650e+02   1.2820620e+02   1.2820588e+02   1.2820569e+02   1.2820581e+02   1.2820599e+02   1.2820600e+02   1.2820577e+02   1.2820529e+02   1.2820458e+02   1.2820384e+02   1.2820339e+02   1.2820326e+02   1.2820326e+02   1.2820318e+02   1.2820284e+02   1.2820224e+02   1.2820132e+02   1.2820030e+02   1.2819957e+02   1.2819902e+02   1.2819860e+02   1.2819830e+02   1.2819782e+02   1.2819716e+02   1.2819621e+02   1.2819505e+02   1.2819407e+02   1.2819325e+02   1.2819262e+02   1.2819212e+02   1.2819151e+02   1.2819080e+02   1.2818978e+02   1.2818850e+02   1.2818735e+02   1.2818632e+02   1.2818551e+02   1.2818493e+02   1.2818428e+02   1.2818353e+02   1.2818251e+02   1.2818125e+02   1.2818008e+02   1.2817906e+02   1.2817825e+02   1.2817763e+02   1.2817701e+02   1.2817629e+02   1.2817533e+02   1.2817417e+02   1.2817307e+02   1.2817212e+02   1.2817137e+02   1.2817078e+02   1.2817022e+02   1.2816959e+02   1.2816874e+02   1.2816771e+02   1.2816676e+02   1.2816592e+02   1.2816523e+02   1.2816473e+02   1.2816424e+02   1.2816367e+02   1.2816299e+02   1.2816212e+02   1.2816133e+02   1.2816068e+02   1.2816011e+02   1.2815973e+02   1.2815937e+02   1.2815890e+02   1.2815838e+02   1.2815772e+02   1.2815713e+02   1.2815670e+02   1.2815630e+02   1.2815604e+02   1.2815581e+02   1.2815548e+02   1.2815513e+02   1.2815468e+02   1.2815431e+02   1.2815410e+02   1.2815388e+02   1.2815376e+02   1.2815365e+02   1.2815346e+02   1.2815329e+02   1.2815308e+02   1.2815296e+02   1.2815298e+02   1.2815298e+02   1.2815300e+02   1.2815305e+02
   1.2820213e+02   1.2820210e+02   1.2820198e+02   1.2820178e+02   1.2820166e+02   1.2820172e+02   1.2820192e+02   1.2820219e+02   1.2820240e+02   1.2820246e+02   1.2820242e+02   1.2820235e+02   1.2820234e+02   1.2820253e+02   1.2820287e+02   1.2820323e+02   1.2820350e+02   1.2820361e+02   1.2820360e+02   1.2820356e+02   1.2820363e+02   1.2820387e+02   1.2820429e+02   1.2820472e+02   1.2820497e+02   1.2820510e+02   1.2820508e+02   1.2820502e+02   1.2820509e+02   1.2820533e+02   1.2820575e+02   1.2820617e+02   1.2820640e+02   1.2820648e+02   1.2820640e+02   1.2820626e+02   1.2820622e+02   1.2820633e+02   1.2820666e+02   1.2820703e+02   1.2820720e+02   1.2820720e+02   1.2820697e+02   1.2820659e+02   1.2820627e+02   1.2820609e+02   1.2820619e+02   1.2820645e+02   1.2820651e+02   1.2820629e+02   1.2820581e+02   1.2820503e+02   1.2820427e+02   1.2820382e+02   1.2820366e+02   1.2820372e+02   1.2820369e+02   1.2820336e+02   1.2820276e+02   1.2820175e+02   1.2820070e+02   1.2819995e+02   1.2819935e+02   1.2819901e+02   1.2819875e+02   1.2819827e+02   1.2819761e+02   1.2819654e+02   1.2819531e+02   1.2819432e+02   1.2819347e+02   1.2819293e+02   1.2819251e+02   1.2819189e+02   1.2819115e+02   1.2818997e+02   1.2818858e+02   1.2818741e+02   1.2818636e+02   1.2818569e+02   1.2818519e+02   1.2818452e+02   1.2818374e+02   1.2818255e+02   1.2818116e+02   1.2817999e+02   1.2817898e+02   1.2817830e+02   1.2817780e+02   1.2817717e+02   1.2817639e+02   1.2817526e+02   1.2817397e+02   1.2817286e+02   1.2817194e+02   1.2817135e+02   1.2817090e+02   1.2817033e+02   1.2816964e+02   1.2816859e+02   1.2816743e+02   1.2816645e+02   1.2816564e+02   1.2816515e+02   1.2816476e+02   1.2816427e+02   1.2816368e+02   1.2816274e+02   1.2816176e+02   1.2816095e+02   1.2816033e+02   1.2816001e+02   1.2815972e+02   1.2815934e+02   1.2815887e+02   1.2815809e+02   1.2815732e+02   1.2815673e+02   1.2815632e+02   1.2815619e+02   1.2815600e+02   1.2815575e+02   1.2815541e+02   1.2815480e+02   1.2815424e+02   1.2815388e+02   1.2815371e+02   1.2815375e+02   1.2815371e+02   1.2815359e+02   1.2815335e+02   1.2815294e+02   1.2815263e+02   1.2815251e+02   1.2815262e+02   1.2815286e+02   1.2815297e+02   1.2815302e+02
   1.2820223e+02   1.2820221e+02   1.2820202e+02   1.2820172e+02   1.2820158e+02   1.2820162e+02   1.2820193e+02   1.2820229e+02   1.2820246e+02   1.2820259e+02   1.2820251e+02   1.2820234e+02   1.2820236e+02   1.2820251e+02   1.2820293e+02   1.2820338e+02   1.2820361e+02   1.2820379e+02   1.2820377e+02   1.2820367e+02   1.2820376e+02   1.2820399e+02   1.2820444e+02   1.2820496e+02   1.2820522e+02   1.2820539e+02   1.2820537e+02   1.2820528e+02   1.2820537e+02   1.2820558e+02   1.2820604e+02   1.2820653e+02   1.2820677e+02   1.2820690e+02   1.2820683e+02   1.2820666e+02   1.2820665e+02   1.2820676e+02   1.2820711e+02   1.2820754e+02   1.2820773e+02   1.2820777e+02   1.2820756e+02   1.2820717e+02   1.2820688e+02   1.2820670e+02   1.2820677e+02   1.2820706e+02   1.2820713e+02   1.2820692e+02   1.2820647e+02   1.2820567e+02   1.2820492e+02   1.2820446e+02   1.2820427e+02   1.2820434e+02   1.2820431e+02   1.2820398e+02   1.2820340e+02   1.2820236e+02   1.2820130e+02   1.2820053e+02   1.2819987e+02   1.2819955e+02   1.2819930e+02   1.2819881e+02   1.2819817e+02   1.2819704e+02   1.2819578e+02   1.2819478e+02   1.2819388e+02   1.2819336e+02   1.2819296e+02   1.2819232e+02   1.2819157e+02   1.2819031e+02   1.2818886e+02   1.2818767e+02   1.2818659e+02   1.2818594e+02   1.2818546e+02   1.2818477e+02   1.2818400e+02   1.2818271e+02   1.2818126e+02   1.2818008e+02   1.2817903e+02   1.2817842e+02   1.2817796e+02   1.2817729e+02   1.2817656e+02   1.2817532e+02   1.2817392e+02   1.2817282e+02   1.2817188e+02   1.2817137e+02   1.2817100e+02   1.2817039e+02   1.2816971e+02   1.2816857e+02   1.2816729e+02   1.2816630e+02   1.2816550e+02   1.2816509e+02   1.2816476e+02   1.2816425e+02   1.2816364e+02   1.2816262e+02   1.2816151e+02   1.2816072e+02   1.2816012e+02   1.2815987e+02   1.2815968e+02   1.2815925e+02   1.2815875e+02   1.2815793e+02   1.2815703e+02   1.2815646e+02   1.2815609e+02   1.2815600e+02   1.2815593e+02   1.2815563e+02   1.2815524e+02   1.2815460e+02   1.2815394e+02   1.2815359e+02   1.2815346e+02   1.2815356e+02   1.2815360e+02   1.2815345e+02   1.2815319e+02   1.2815272e+02   1.2815231e+02   1.2815221e+02   1.2815235e+02   1.2815267e+02   1.2815288e+02   1.2815290e+02
   1.2820241e+02   1.2820233e+02   1.2820217e+02   1.2820187e+02   1.2820168e+02   1.2820177e+02   1.2820206e+02   1.2820246e+02   1.2820270e+02   1.2820274e+02   1.2820270e+02   1.2820253e+02   1.2820251e+02   1.2820273e+02   1.2820312e+02   1.2820361e+02   1.2820388e+02   1.2820399e+02   1.2820402e+02   1.2820395e+02   1.2820404e+02   1.2820430e+02   1.2820474e+02   1.2820527e+02   1.2820555e+02   1.2820572e+02   1.2820574e+02   1.2820567e+02   1.2820578e+02   1.2820601e+02   1.2820646e+02   1.2820695e+02   1.2820721e+02   1.2820735e+02   1.2820730e+02   1.2820718e+02   1.2820721e+02   1.2820732e+02   1.2820767e+02   1.2820809e+02   1.2820828e+02   1.2820837e+02   1.2820819e+02   1.2820785e+02   1.2820761e+02   1.2820742e+02   1.2820747e+02   1.2820772e+02   1.2820777e+02   1.2820758e+02   1.2820714e+02   1.2820639e+02   1.2820567e+02   1.2820521e+02   1.2820500e+02   1.2820502e+02   1.2820496e+02   1.2820464e+02   1.2820405e+02   1.2820305e+02   1.2820202e+02   1.2820122e+02   1.2820053e+02   1.2820016e+02   1.2819987e+02   1.2819938e+02   1.2819874e+02   1.2819764e+02   1.2819640e+02   1.2819539e+02   1.2819447e+02   1.2819390e+02   1.2819345e+02   1.2819280e+02   1.2819202e+02   1.2819075e+02   1.2818930e+02   1.2818808e+02   1.2818697e+02   1.2818629e+02   1.2818578e+02   1.2818510e+02   1.2818429e+02   1.2818300e+02   1.2818156e+02   1.2818034e+02   1.2817930e+02   1.2817866e+02   1.2817817e+02   1.2817754e+02   1.2817676e+02   1.2817549e+02   1.2817413e+02   1.2817299e+02   1.2817208e+02   1.2817158e+02   1.2817115e+02   1.2817059e+02   1.2816987e+02   1.2816868e+02   1.2816742e+02   1.2816639e+02   1.2816560e+02   1.2816518e+02   1.2816482e+02   1.2816434e+02   1.2816368e+02   1.2816263e+02   1.2816156e+02   1.2816072e+02   1.2816016e+02   1.2815992e+02   1.2815968e+02   1.2815932e+02   1.2815877e+02   1.2815789e+02   1.2815706e+02   1.2815643e+02   1.2815610e+02   1.2815602e+02   1.2815588e+02   1.2815566e+02   1.2815523e+02   1.2815453e+02   1.2815394e+02   1.2815355e+02   1.2815345e+02   1.2815355e+02   1.2815355e+02   1.2815345e+02   1.2815315e+02   1.2815266e+02   1.2815230e+02   1.2815216e+02   1.2815232e+02   1.2815265e+02   1.2815281e+02   1.2815290e+02
   1.2820257e+02   1.2820255e+02   1.2820240e+02   1.2820217e+02   1.2820207e+02   1.2820213e+02   1.2820238e+02   1.2820272e+02   1.2820291e+02   1.2820301e+02   1.2820295e+02   1.2820287e+02   1.2820293e+02   1.2820312e+02   1.2820351e+02   1.2820391e+02   1.2820415e+02   1.2820432e+02   1.2820433e+02   1.2820437e+02   1.2820454e+02   1.2820479e+02   1.2820522e+02   1.2820565e+02   1.2820591e+02   1.2820609e+02   1.2820615e+02   1.2820619e+02   1.2820635e+02   1.2820661e+02   1.2820702e+02   1.2820743e+02   1.2820767e+02   1.2820782e+02   1.2820783e+02   1.2820780e+02   1.2820788e+02   1.2820805e+02   1.2820836e+02   1.2820870e+02   1.2820888e+02   1.2820895e+02   1.2820887e+02   1.2820863e+02   1.2820845e+02   1.2820831e+02   1.2820829e+02   1.2820844e+02   1.2820846e+02   1.2820823e+02   1.2820784e+02   1.2820718e+02   1.2820650e+02   1.2820606e+02   1.2820581e+02   1.2820575e+02   1.2820565e+02   1.2820530e+02   1.2820473e+02   1.2820382e+02   1.2820283e+02   1.2820204e+02   1.2820130e+02   1.2820083e+02   1.2820047e+02   1.2819994e+02   1.2819934e+02   1.2819831e+02   1.2819715e+02   1.2819617e+02   1.2819520e+02   1.2819454e+02   1.2819400e+02   1.2819329e+02   1.2819250e+02   1.2819129e+02   1.2818990e+02   1.2818868e+02   1.2818754e+02   1.2818676e+02   1.2818616e+02   1.2818542e+02   1.2818463e+02   1.2818343e+02   1.2818204e+02   1.2818086e+02   1.2817976e+02   1.2817902e+02   1.2817848e+02   1.2817778e+02   1.2817702e+02   1.2817585e+02   1.2817455e+02   1.2817349e+02   1.2817252e+02   1.2817192e+02   1.2817146e+02   1.2817082e+02   1.2817011e+02   1.2816898e+02   1.2816775e+02   1.2816677e+02   1.2816592e+02   1.2816542e+02   1.2816502e+02   1.2816447e+02   1.2816383e+02   1.2816285e+02   1.2816183e+02   1.2816104e+02   1.2816041e+02   1.2816010e+02   1.2815983e+02   1.2815941e+02   1.2815891e+02   1.2815810e+02   1.2815728e+02   1.2815671e+02   1.2815631e+02   1.2815617e+02   1.2815601e+02   1.2815572e+02   1.2815536e+02   1.2815473e+02   1.2815414e+02   1.2815381e+02   1.2815364e+02   1.2815369e+02   1.2815366e+02   1.2815351e+02   1.2815327e+02   1.2815284e+02   1.2815251e+02   1.2815240e+02   1.2815250e+02   1.2815275e+02   1.2815289e+02   1.2815292e+02
   1.2820267e+02   1.2820263e+02   1.2820260e+02   1.2820254e+02   1.2820252e+02   1.2820260e+02   1.2820277e+02   1.2820295e+02   1.2820304e+02   1.2820313e+02   1.2820320e+02   1.2820323e+02   1.2820338e+02   1.2820361e+02   1.2820391e+02   1.2820419e+02   1.2820434e+02   1.2820451e+02   1.2820464e+02   1.2820477e+02   1.2820503e+02   1.2820535e+02   1.2820570e+02   1.2820601e+02   1.2820620e+02   1.2820636e+02   1.2820650e+02   1.2820665e+02   1.2820690e+02   1.2820720e+02   1.2820757e+02   1.2820786e+02   1.2820806e+02   1.2820821e+02   1.2820825e+02   1.2820833e+02   1.2820847e+02   1.2820867e+02   1.2820898e+02   1.2820924e+02   1.2820939e+02   1.2820948e+02   1.2820942e+02   1.2820929e+02   1.2820917e+02   1.2820904e+02   1.2820902e+02   1.2820909e+02   1.2820907e+02   1.2820884e+02   1.2820842e+02   1.2820784e+02   1.2820719e+02   1.2820675e+02   1.2820653e+02   1.2820640e+02   1.2820627e+02   1.2820591e+02   1.2820531e+02   1.2820447e+02   1.2820351e+02   1.2820270e+02   1.2820197e+02   1.2820142e+02   1.2820099e+02   1.2820046e+02   1.2819983e+02   1.2819893e+02   1.2819785e+02   1.2819686e+02   1.2819589e+02   1.2819510e+02   1.2819445e+02   1.2819371e+02   1.2819289e+02   1.2819181e+02   1.2819050e+02   1.2818923e+02   1.2818807e+02   1.2818714e+02   1.2818642e+02   1.2818569e+02   1.2818490e+02   1.2818386e+02   1.2818260e+02   1.2818136e+02   1.2818022e+02   1.2817936e+02   1.2817866e+02   1.2817796e+02   1.2817724e+02   1.2817626e+02   1.2817512e+02   1.2817403e+02   1.2817304e+02   1.2817227e+02   1.2817164e+02   1.2817098e+02   1.2817028e+02   1.2816936e+02   1.2816825e+02   1.2816722e+02   1.2816634e+02   1.2816561e+02   1.2816507e+02   1.2816451e+02   1.2816391e+02   1.2816317e+02   1.2816225e+02   1.2816145e+02   1.2816079e+02   1.2816024e+02   1.2815986e+02   1.2815943e+02   1.2815895e+02   1.2815841e+02   1.2815767e+02   1.2815710e+02   1.2815666e+02   1.2815626e+02   1.2815603e+02   1.2815573e+02   1.2815539e+02   1.2815504e+02   1.2815454e+02   1.2815418e+02   1.2815397e+02   1.2815376e+02   1.2815366e+02   1.2815351e+02   1.2815333e+02   1.2815315e+02   1.2815289e+02   1.2815279e+02   1.2815280e+02   1.2815281e+02   1.2815286e+02   1.2815287e+02
   1.2820275e+02   1.2820272e+02   1.2820273e+02   1.2820277e+02   1.2820275e+02   1.2820286e+02   1.2820298e+02   1.2820305e+02   1.2820318e+02   1.2820324e+02   1.2820334e+02   1.2820350e+02   1.2820361e+02   1.2820388e+02   1.2820415e+02   1.2820434e+02   1.2820457e+02   1.2820468e+02   1.2820483e+02   1.2820507e+02   1.2820529e+02   1.2820566e+02   1.2820602e+02   1.2820626e+02   1.2820648e+02   1.2820662e+02   1.2820677e+02   1.2820699e+02   1.2820722e+02   1.2820757e+02   1.2820796e+02   1.2820822e+02   1.2820843e+02   1.2820856e+02   1.2820861e+02   1.2820873e+02   1.2820889e+02   1.2820911e+02   1.2820944e+02   1.2820969e+02   1.2820984e+02   1.2820994e+02   1.2820989e+02   1.2820979e+02   1.2820972e+02   1.2820960e+02   1.2820959e+02   1.2820964e+02   1.2820961e+02   1.2820939e+02   1.2820893e+02   1.2820835e+02   1.2820772e+02   1.2820728e+02   1.2820709e+02   1.2820696e+02   1.2820684e+02   1.2820647e+02   1.2820584e+02   1.2820498e+02   1.2820403e+02   1.2820321e+02   1.2820248e+02   1.2820190e+02   1.2820146e+02   1.2820092e+02   1.2820026e+02   1.2819939e+02   1.2819836e+02   1.2819737e+02   1.2819641e+02   1.2819556e+02   1.2819486e+02   1.2819410e+02   1.2819323e+02   1.2819217e+02   1.2819087e+02   1.2818957e+02   1.2818842e+02   1.2818745e+02   1.2818669e+02   1.2818596e+02   1.2818513e+02   1.2818415e+02   1.2818291e+02   1.2818164e+02   1.2818055e+02   1.2817959e+02   1.2817884e+02   1.2817816e+02   1.2817740e+02   1.2817652e+02   1.2817546e+02   1.2817438e+02   1.2817341e+02   1.2817255e+02   1.2817183e+02   1.2817116e+02   1.2817041e+02   1.2816955e+02   1.2816850e+02   1.2816744e+02   1.2816653e+02   1.2816573e+02   1.2816512e+02   1.2816456e+02   1.2816397e+02   1.2816331e+02   1.2816247e+02   1.2816166e+02   1.2816096e+02   1.2816035e+02   1.2815988e+02   1.2815945e+02   1.2815902e+02   1.2815852e+02   1.2815789e+02   1.2815728e+02   1.2815678e+02   1.2815637e+02   1.2815603e+02   1.2815574e+02   1.2815546e+02   1.2815512e+02   1.2815473e+02   1.2815436e+02   1.2815408e+02   1.2815384e+02   1.2815364e+02   1.2815351e+02   1.2815337e+02   1.2815324e+02   1.2815307e+02   1.2815294e+02   1.2815291e+02   1.2815286e+02   1.2815284e+02   1.2815287e+02
   1.2820281e+02   1.2820281e+02   1.2820279e+02   1.2820285e+02   1.2820288e+02   1.2820294e+02   1.2820309e+02   1.2820315e+02   1.2820323e+02   1.2820333e+02   1.2820341e+02   1.2820361e+02   1.2820379e+02   1.2820399e+02   1.2820432e+02   1.2820451e+02   1.2820468e+02   1.2820486e+02   1.2820499e+02   1.2820524e+02   1.2820552e+02   1.2820585e+02   1.2820627e+02   1.2820653e+02   1.2820673e+02   1.2820688e+02   1.2820702e+02   1.2820727e+02   1.2820752e+02   1.2820788e+02   1.2820831e+02   1.2820861e+02   1.2820881e+02   1.2820894e+02   1.2820900e+02   1.2820912e+02   1.2820928e+02   1.2820954e+02   1.2820990e+02   1.2821019e+02   1.2821036e+02   1.2821044e+02   1.2821044e+02   1.2821034e+02   1.2821028e+02   1.2821022e+02   1.2821019e+02   1.2821027e+02   1.2821025e+02   1.2821000e+02   1.2820956e+02   1.2820895e+02   1.2820830e+02   1.2820788e+02   1.2820768e+02   1.2820759e+02   1.2820748e+02   1.2820710e+02   1.2820647e+02   1.2820557e+02   1.2820458e+02   1.2820375e+02   1.2820299e+02   1.2820242e+02   1.2820198e+02   1.2820143e+02   1.2820078e+02   1.2819991e+02   1.2819887e+02   1.2819789e+02   1.2819690e+02   1.2819604e+02   1.2819531e+02   1.2819450e+02   1.2819363e+02   1.2819254e+02   1.2819117e+02   1.2818988e+02   1.2818870e+02   1.2818770e+02   1.2818696e+02   1.2818621e+02   1.2818541e+02   1.2818440e+02   1.2818309e+02   1.2818187e+02   1.2818071e+02   1.2817973e+02   1.2817902e+02   1.2817829e+02   1.2817759e+02   1.2817675e+02   1.2817568e+02   1.2817467e+02   1.2817365e+02   1.2817274e+02   1.2817202e+02   1.2817127e+02   1.2817053e+02   1.2816966e+02   1.2816855e+02   1.2816753e+02   1.2816657e+02   1.2816575e+02   1.2816517e+02   1.2816458e+02   1.2816401e+02   1.2816335e+02   1.2816249e+02   1.2816170e+02   1.2816096e+02   1.2816033e+02   1.2815989e+02   1.2815943e+02   1.2815901e+02   1.2815853e+02   1.2815787e+02   1.2815730e+02   1.2815676e+02   1.2815631e+02   1.2815603e+02   1.2815569e+02   1.2815543e+02   1.2815513e+02   1.2815469e+02   1.2815436e+02   1.2815404e+02   1.2815377e+02   1.2815363e+02   1.2815344e+02   1.2815333e+02   1.2815322e+02   1.2815302e+02   1.2815293e+02   1.2815287e+02   1.2815280e+02   1.2815281e+02   1.2815279e+02
