   1.0000000e+00   9.9992227e-01   1.0012239e+00   1.0004025e+00   1.0020790e+00   1.0037046e+00   1.0023049e+00   1.0040248e+00   1.0046009e+00   1.0039898e+00   1.0048172e+00   1.0034990e+00   1.0044307e+00   1.0054487e+00   1.0036252e+00   1.0050653e+00   1.0053190e+00   1.0046573e+00   1.0054166e+00   1.0038971e+00   1.0048069e+00   1.0054802e+00   1.0036808e+00   1.0050507e+00   1.0050138e+00   1.0043112e+00   1.0048942e+00   1.0031616e+00   1.0042850e+00   1.0047899e+00   1.0027240e+00   1.0041552e+00   1.0039727e+00   1.0032743e+00   1.0038069e+00   1.0020101e+00   1.0030718e+00   1.0033093e+00   1.0012941e+00   1.0029364e+00   1.0025650e+00   1.0019560e+00   1.0028392e+00   1.0013708e+00   1.0024379e+00   1.0027761e+00   1.0011971e+00   1.0025444e+00   1.0019514e+00   1.0015622e+00   1.0019837e+00   9.9993338e-01   1.0012902e+00   1.0016718e+00   9.9988947e-01   1.0016029e+00   1.0015826e+00   1.0013192e+00   1.0014927e+00   9.9964506e-01   1.0008544e+00   1.0007380e+00   9.9901006e-01   1.0006192e+00   1.0002045e+00   1.0000776e+00   1.0006673e+00   9.9916455e-01   1.0004510e+00   1.0003085e+00   9.9875735e-01   1.0000307e+00   9.9925768e-01   9.9924161e-01   9.9949528e-01   9.9768490e-01   9.9919220e-01   9.9904047e-01   9.9750408e-01   9.9907570e-01   9.9872274e-01   9.9887018e-01   9.9879775e-01   9.9698090e-01   9.9859228e-01   9.9797726e-01   9.9636073e-01   9.9815563e-01   9.9752612e-01   9.9775162e-01   9.9823324e-01   9.9681406e-01   9.9830377e-01   9.9778771e-01   9.9650348e-01   9.9780731e-01   9.9681886e-01   9.9732619e-01   9.9761386e-01   9.9588599e-01   9.9777474e-01   9.9740623e-01   9.9622889e-01   9.9792297e-01   9.9730622e-01   9.9795256e-01   9.9805196e-01   9.9652736e-01   9.9852996e-01   9.9794315e-01   9.9675200e-01   9.9840627e-01   9.9776306e-01   9.9841427e-01   9.9840267e-01   9.9699307e-01   9.9873017e-01   9.9801227e-01   9.9706058e-01   9.9852273e-01   9.9773863e-01   9.9837013e-01   9.9807574e-01   9.9663256e-01   9.9840847e-01   9.9736694e-01   9.9642697e-01   9.9771581e-01   9.9686732e-01   9.9745565e-01   9.9686737e-01   9.9514733e-01   9.9652634e-01   9.9493159e-01   9.9325905e-01   9.9406988e-01   9.9277491e-01   9.9276016e-01
   9.9992227e-01   1.0019248e+00   1.0019653e+00   1.0021412e+00   1.0055292e+00   1.0053314e+00   1.0046305e+00   1.0055895e+00   1.0051497e+00   1.0062454e+00   1.0056806e+00   1.0051750e+00   1.0077969e+00   1.0070570e+00   1.0058891e+00   1.0065064e+00   1.0058597e+00   1.0067101e+00   1.0063130e+00   1.0056491e+00   1.0081240e+00   1.0074742e+00   1.0058065e+00   1.0063367e+00   1.0056722e+00   1.0060653e+00   1.0058752e+00   1.0052035e+00   1.0074983e+00   1.0067939e+00   1.0049617e+00   1.0055194e+00   1.0047331e+00   1.0051208e+00   1.0047592e+00   1.0039141e+00   1.0061305e+00   1.0053513e+00   1.0035871e+00   1.0042334e+00   1.0034216e+00   1.0036902e+00   1.0038396e+00   1.0032746e+00   1.0054108e+00   1.0050676e+00   1.0032777e+00   1.0037366e+00   1.0029340e+00   1.0029676e+00   1.0030709e+00   1.0021045e+00   1.0041087e+00   1.0039719e+00   1.0020656e+00   1.0028758e+00   1.0026041e+00   1.0028364e+00   1.0025983e+00   1.0015581e+00   1.0036277e+00   1.0031240e+00   1.0012310e+00   1.0019766e+00   1.0013090e+00   1.0013856e+00   1.0017650e+00   1.0011784e+00   1.0030644e+00   1.0029203e+00   1.0007663e+00   1.0011261e+00   1.0005647e+00   1.0003394e+00   1.0008508e+00   9.9990392e-01   1.0015726e+00   1.0018079e+00   9.9940889e-01   1.0001654e+00   1.0002372e+00   9.9988321e-01   1.0000696e+00   9.9914634e-01   1.0008690e+00   1.0007908e+00   9.9851836e-01   9.9922604e-01   9.9892490e-01   9.9872775e-01   9.9940749e-01   9.9888786e-01   1.0005733e+00   1.0007369e+00   9.9839401e-01   9.9879662e-01   9.9853874e-01   9.9816753e-01   9.9889918e-01   9.9816364e-01   9.9979065e-01   1.0004524e+00   9.9811881e-01   9.9885203e-01   9.9916339e-01   9.9867070e-01   9.9938995e-01   9.9877990e-01   1.0004873e+00   1.0011428e+00   9.9877345e-01   9.9936735e-01   9.9950536e-01   9.9905572e-01   9.9967693e-01   9.9910252e-01   1.0007139e+00   1.0013012e+00   9.9879140e-01   9.9941387e-01   9.9977251e-01   9.9889334e-01   9.9951704e-01   9.9886940e-01   1.0000036e+00   1.0007096e+00   9.9808140e-01   9.9856516e-01   9.9910905e-01   9.9799566e-01   9.9842380e-01   9.9745453e-01   9.9814328e-01   9.9833879e-01   9.9498815e-01   9.9480243e-01   9.9470630e-01   9.9276891e-01
   1.0012239e+00   1.0019653e+00   1.0051572e+00   1.0085878e+00   1.0130674e+00   1.0140627e+00   1.0102316e+00   1.0084122e+00   1.0071132e+00   1.0065863e+00   1.0089665e+00   1.0115105e+00   1.0153419e+00   1.0158113e+00   1.0114395e+00   1.0093579e+00   1.0077722e+00   1.0073729e+00   1.0095692e+00   1.0119336e+00   1.0157550e+00   1.0159932e+00   1.0116055e+00   1.0091911e+00   1.0073822e+00   1.0068897e+00   1.0090066e+00   1.0114298e+00   1.0151632e+00   1.0152312e+00   1.0107644e+00   1.0083764e+00   1.0064782e+00   1.0058524e+00   1.0079781e+00   1.0101268e+00   1.0138288e+00   1.0138328e+00   1.0092680e+00   1.0070815e+00   1.0050526e+00   1.0046163e+00   1.0070252e+00   1.0094537e+00   1.0133105e+00   1.0134351e+00   1.0091626e+00   1.0066081e+00   1.0043725e+00   1.0040780e+00   1.0061172e+00   1.0082002e+00   1.0120711e+00   1.0122323e+00   1.0080155e+00   1.0058279e+00   1.0040296e+00   1.0038148e+00   1.0057076e+00   1.0077587e+00   1.0115746e+00   1.0114028e+00   1.0070737e+00   1.0048215e+00   1.0027200e+00   1.0025860e+00   1.0048071e+00   1.0072099e+00   1.0112081e+00   1.0110669e+00   1.0067870e+00   1.0041529e+00   1.0017606e+00   1.0017543e+00   1.0036985e+00   1.0057378e+00   1.0098283e+00   1.0097283e+00   1.0055827e+00   1.0032559e+00   1.0011951e+00   1.0013003e+00   1.0030085e+00   1.0050757e+00   1.0091020e+00   1.0087013e+00   1.0045720e+00   1.0022431e+00   1.0000110e+00   1.0001468e+00   1.0022713e+00   1.0047363e+00   1.0088889e+00   1.0085781e+00   1.0045211e+00   1.0019509e+00   9.9944292e-01   9.9978010e-01   1.0017263e+00   1.0037985e+00   1.0082133e+00   1.0080820e+00   1.0042826e+00   1.0020620e+00   9.9984311e-01   1.0003898e+00   1.0022111e+00   1.0045338e+00   1.0088967e+00   1.0087317e+00   1.0049496e+00   1.0024538e+00   1.0003021e+00   1.0007484e+00   1.0025039e+00   1.0048540e+00   1.0091596e+00   1.0088738e+00   1.0050225e+00   1.0026345e+00   1.0004176e+00   1.0007866e+00   1.0023366e+00   1.0043776e+00   1.0086873e+00   1.0081939e+00   1.0043596e+00   1.0018148e+00   9.9943291e-01   9.9994243e-01   1.0012176e+00   1.0030193e+00   1.0068109e+00   1.0058191e+00   1.0013659e+00   9.9791375e-01   9.9478794e-01   9.9405747e-01
   1.0004025e+00   1.0021412e+00   1.0085878e+00   1.0207181e+00   1.0286596e+00   1.0294558e+00   1.0225122e+00   1.0118914e+00   1.0073418e+00   1.0073064e+00   1.0125263e+00   1.0236636e+00   1.0307618e+00   1.0310210e+00   1.0237082e+00   1.0126043e+00   1.0081606e+00   1.0080216e+00   1.0129510e+00   1.0242221e+00   1.0311000e+00   1.0310690e+00   1.0238671e+00   1.0124616e+00   1.0075165e+00   1.0075680e+00   1.0125148e+00   1.0235493e+00   1.0306209e+00   1.0305134e+00   1.0229429e+00   1.0116984e+00   1.0067101e+00   1.0063854e+00   1.0113137e+00   1.0223380e+00   1.0291434e+00   1.0290771e+00   1.0215499e+00   1.0102447e+00   1.0054024e+00   1.0051073e+00   1.0103244e+00   1.0217817e+00   1.0286945e+00   1.0286584e+00   1.0213945e+00   1.0098162e+00   1.0045689e+00   1.0045845e+00   1.0095242e+00   1.0204291e+00   1.0275683e+00   1.0275720e+00   1.0202279e+00   1.0091713e+00   1.0043300e+00   1.0042309e+00   1.0090707e+00   1.0199840e+00   1.0269400e+00   1.0267864e+00   1.0193305e+00   1.0081165e+00   1.0031682e+00   1.0029179e+00   1.0080552e+00   1.0195309e+00   1.0264867e+00   1.0263357e+00   1.0190898e+00   1.0073854e+00   1.0020919e+00   1.0021968e+00   1.0069904e+00   1.0179792e+00   1.0251720e+00   1.0250509e+00   1.0177537e+00   1.0065834e+00   1.0015977e+00   1.0015893e+00   1.0063397e+00   1.0172388e+00   1.0243610e+00   1.0241174e+00   1.0167210e+00   1.0056044e+00   1.0005031e+00   1.0003313e+00   1.0054502e+00   1.0169001e+00   1.0240042e+00   1.0238452e+00   1.0167494e+00   1.0052036e+00   9.9991685e-01   1.0001142e+00   1.0048571e+00   1.0159919e+00   1.0233279e+00   1.0232796e+00   1.0164111e+00   1.0053277e+00   1.0003490e+00   1.0006053e+00   1.0055059e+00   1.0166111e+00   1.0240618e+00   1.0240709e+00   1.0169421e+00   1.0059207e+00   1.0009508e+00   1.0008633e+00   1.0057443e+00   1.0170239e+00   1.0241167e+00   1.0240872e+00   1.0171991e+00   1.0059694e+00   1.0010438e+00   1.0011586e+00   1.0055525e+00   1.0165457e+00   1.0237735e+00   1.0234835e+00   1.0164084e+00   1.0053247e+00   1.0001294e+00   1.0001579e+00   1.0046679e+00   1.0152042e+00   1.0220923e+00   1.0212775e+00   1.0133449e+00   1.0013453e+00   9.9496447e-01   9.9322703e-01
   1.0020790e+00   1.0055292e+00   1.0130674e+00   1.0286596e+00   1.0392569e+00   1.0391915e+00   1.0310376e+00   1.0167498e+00   1.0100136e+00   1.0111409e+00   1.0173277e+00   1.0316761e+00   1.0412824e+00   1.0407038e+00   1.0321472e+00   1.0175994e+00   1.0107868e+00   1.0116603e+00   1.0178029e+00   1.0323681e+00   1.0416736e+00   1.0409472e+00   1.0321891e+00   1.0173116e+00   1.0103035e+00   1.0110368e+00   1.0172087e+00   1.0317824e+00   1.0411002e+00   1.0404143e+00   1.0313742e+00   1.0164826e+00   1.0094987e+00   1.0098777e+00   1.0160985e+00   1.0304348e+00   1.0394601e+00   1.0388930e+00   1.0298826e+00   1.0150500e+00   1.0081416e+00   1.0084351e+00   1.0150371e+00   1.0299385e+00   1.0390597e+00   1.0386039e+00   1.0296160e+00   1.0145421e+00   1.0074533e+00   1.0077729e+00   1.0141461e+00   1.0286824e+00   1.0378889e+00   1.0376010e+00   1.0285657e+00   1.0139776e+00   1.0072854e+00   1.0074934e+00   1.0139030e+00   1.0281748e+00   1.0371672e+00   1.0368748e+00   1.0275874e+00   1.0128965e+00   1.0060908e+00   1.0059745e+00   1.0128379e+00   1.0277101e+00   1.0366642e+00   1.0365171e+00   1.0272527e+00   1.0121493e+00   1.0051432e+00   1.0051131e+00   1.0117675e+00   1.0262203e+00   1.0352254e+00   1.0352359e+00   1.0259070e+00   1.0113736e+00   1.0048306e+00   1.0045155e+00   1.0111199e+00   1.0255356e+00   1.0343321e+00   1.0343737e+00   1.0249019e+00   1.0101734e+00   1.0036476e+00   1.0031745e+00   1.0101390e+00   1.0250624e+00   1.0338654e+00   1.0341211e+00   1.0248309e+00   1.0098605e+00   1.0031942e+00   1.0028029e+00   1.0096068e+00   1.0242472e+00   1.0330622e+00   1.0335214e+00   1.0244018e+00   1.0100461e+00   1.0037982e+00   1.0033504e+00   1.0102462e+00   1.0249780e+00   1.0338592e+00   1.0344567e+00   1.0250982e+00   1.0105381e+00   1.0043850e+00   1.0036055e+00   1.0105338e+00   1.0252715e+00   1.0338993e+00   1.0345627e+00   1.0252687e+00   1.0107617e+00   1.0046374e+00   1.0037482e+00   1.0104930e+00   1.0249080e+00   1.0333692e+00   1.0339141e+00   1.0243371e+00   1.0100646e+00   1.0039168e+00   1.0028045e+00   1.0094781e+00   1.0236649e+00   1.0317415e+00   1.0317470e+00   1.0212546e+00   1.0057769e+00   9.9828799e-01   9.9487284e-01
   1.0037046e+00   1.0053314e+00   1.0140627e+00   1.0294558e+00   1.0391915e+00   1.0405249e+00   1.0312169e+00   1.0175510e+00   1.0115824e+00   1.0110425e+00   1.0184171e+00   1.0324715e+00   1.0412599e+00   1.0419835e+00   1.0323629e+00   1.0183535e+00   1.0122760e+00   1.0117168e+00   1.0188024e+00   1.0330029e+00   1.0417131e+00   1.0419935e+00   1.0323345e+00   1.0181061e+00   1.0116562e+00   1.0111257e+00   1.0181007e+00   1.0323154e+00   1.0411434e+00   1.0413982e+00   1.0315796e+00   1.0172380e+00   1.0106851e+00   1.0100405e+00   1.0170543e+00   1.0309154e+00   1.0394319e+00   1.0396840e+00   1.0299285e+00   1.0156161e+00   1.0091014e+00   1.0086193e+00   1.0157992e+00   1.0302552e+00   1.0391378e+00   1.0392185e+00   1.0296441e+00   1.0151538e+00   1.0083406e+00   1.0081014e+00   1.0148980e+00   1.0290035e+00   1.0381175e+00   1.0382249e+00   1.0288048e+00   1.0146824e+00   1.0081022e+00   1.0078893e+00   1.0147118e+00   1.0286259e+00   1.0374547e+00   1.0374450e+00   1.0277712e+00   1.0134385e+00   1.0067352e+00   1.0065024e+00   1.0134915e+00   1.0279010e+00   1.0370626e+00   1.0369080e+00   1.0274381e+00   1.0128048e+00   1.0056645e+00   1.0057513e+00   1.0122988e+00   1.0263914e+00   1.0357823e+00   1.0355115e+00   1.0263414e+00   1.0121632e+00   1.0052031e+00   1.0053127e+00   1.0117985e+00   1.0257517e+00   1.0349335e+00   1.0345698e+00   1.0251970e+00   1.0108981e+00   1.0039475e+00   1.0040395e+00   1.0107273e+00   1.0250576e+00   1.0344499e+00   1.0341678e+00   1.0251131e+00   1.0105853e+00   1.0033446e+00   1.0037397e+00   1.0101371e+00   1.0242682e+00   1.0338485e+00   1.0334395e+00   1.0248467e+00   1.0109773e+00   1.0039427e+00   1.0045283e+00   1.0109851e+00   1.0251577e+00   1.0348086e+00   1.0344560e+00   1.0256122e+00   1.0114314e+00   1.0044391e+00   1.0049387e+00   1.0113087e+00   1.0253861e+00   1.0349230e+00   1.0345884e+00   1.0258808e+00   1.0117394e+00   1.0046740e+00   1.0052076e+00   1.0112264e+00   1.0251066e+00   1.0346317e+00   1.0338735e+00   1.0251155e+00   1.0111451e+00   1.0038165e+00   1.0043395e+00   1.0102745e+00   1.0238192e+00   1.0330134e+00   1.0317201e+00   1.0220493e+00   1.0067473e+00   9.9806941e-01   9.9645479e-01
   1.0023049e+00   1.0046305e+00   1.0102316e+00   1.0225122e+00   1.0310376e+00   1.0312169e+00   1.0249523e+00   1.0143093e+00   1.0095972e+00   1.0100370e+00   1.0144429e+00   1.0256712e+00   1.0331135e+00   1.0328063e+00   1.0259883e+00   1.0149232e+00   1.0102327e+00   1.0105519e+00   1.0148261e+00   1.0260548e+00   1.0334021e+00   1.0328622e+00   1.0258079e+00   1.0145700e+00   1.0094726e+00   1.0096879e+00   1.0141402e+00   1.0252714e+00   1.0326365e+00   1.0321442e+00   1.0249564e+00   1.0136707e+00   1.0085894e+00   1.0085316e+00   1.0129215e+00   1.0238916e+00   1.0307302e+00   1.0303665e+00   1.0230773e+00   1.0116752e+00   1.0069754e+00   1.0069075e+00   1.0115108e+00   1.0230592e+00   1.0301648e+00   1.0298142e+00   1.0227969e+00   1.0112297e+00   1.0061184e+00   1.0063599e+00   1.0107469e+00   1.0218447e+00   1.0291539e+00   1.0289371e+00   1.0220026e+00   1.0109146e+00   1.0062166e+00   1.0062567e+00   1.0107340e+00   1.0216913e+00   1.0285008e+00   1.0282336e+00   1.0208244e+00   1.0094525e+00   1.0047822e+00   1.0045809e+00   1.0093494e+00   1.0208907e+00   1.0278361e+00   1.0276858e+00   1.0204369e+00   1.0086656e+00   1.0037467e+00   1.0037913e+00   1.0083048e+00   1.0194428e+00   1.0265711e+00   1.0265637e+00   1.0194150e+00   1.0081851e+00   1.0035590e+00   1.0034095e+00   1.0080189e+00   1.0189432e+00   1.0256519e+00   1.0256269e+00   1.0180501e+00   1.0067437e+00   1.0021963e+00   1.0017972e+00   1.0067825e+00   1.0182115e+00   1.0250653e+00   1.0252218e+00   1.0179335e+00   1.0062926e+00   1.0016247e+00   1.0015965e+00   1.0061929e+00   1.0174438e+00   1.0245423e+00   1.0247760e+00   1.0178521e+00   1.0068573e+00   1.0024350e+00   1.0024273e+00   1.0074205e+00   1.0185469e+00   1.0255943e+00   1.0259962e+00   1.0185955e+00   1.0074897e+00   1.0030255e+00   1.0027494e+00   1.0077737e+00   1.0188855e+00   1.0258328e+00   1.0263171e+00   1.0189750e+00   1.0077864e+00   1.0035118e+00   1.0031735e+00   1.0078073e+00   1.0187689e+00   1.0254972e+00   1.0257761e+00   1.0183650e+00   1.0072063e+00   1.0028152e+00   1.0023701e+00   1.0070322e+00   1.0175580e+00   1.0237989e+00   1.0236211e+00   1.0151412e+00   1.0029415e+00   9.9736925e-01   9.9505400e-01
   1.0040248e+00   1.0055895e+00   1.0084122e+00   1.0118914e+00   1.0167498e+00   1.0175510e+00   1.0143093e+00   1.0122463e+00   1.0105089e+00   1.0105481e+00   1.0124682e+00   1.0148958e+00   1.0190328e+00   1.0191878e+00   1.0152861e+00   1.0130878e+00   1.0110343e+00   1.0110978e+00   1.0131930e+00   1.0152225e+00   1.0193329e+00   1.0193191e+00   1.0149895e+00   1.0126392e+00   1.0103129e+00   1.0100791e+00   1.0122107e+00   1.0145045e+00   1.0184072e+00   1.0183221e+00   1.0141226e+00   1.0115702e+00   1.0092331e+00   1.0089524e+00   1.0108572e+00   1.0127703e+00   1.0165359e+00   1.0163129e+00   1.0119086e+00   1.0096024e+00   1.0073710e+00   1.0071735e+00   1.0094045e+00   1.0117823e+00   1.0157405e+00   1.0156620e+00   1.0116083e+00   1.0090165e+00   1.0066015e+00   1.0066311e+00   1.0085476e+00   1.0107702e+00   1.0148497e+00   1.0148728e+00   1.0110492e+00   1.0087906e+00   1.0068298e+00   1.0067801e+00   1.0085909e+00   1.0106362e+00   1.0143347e+00   1.0140629e+00   1.0097249e+00   1.0073424e+00   1.0051179e+00   1.0049822e+00   1.0072611e+00   1.0096074e+00   1.0135829e+00   1.0134284e+00   1.0091628e+00   1.0065953e+00   1.0041424e+00   1.0041185e+00   1.0061820e+00   1.0083411e+00   1.0124193e+00   1.0124208e+00   1.0083872e+00   1.0060427e+00   1.0040606e+00   1.0039941e+00   1.0058635e+00   1.0080016e+00   1.0116306e+00   1.0113616e+00   1.0070090e+00   1.0045476e+00   1.0024320e+00   1.0022476e+00   1.0045548e+00   1.0070514e+00   1.0109707e+00   1.0108513e+00   1.0066977e+00   1.0041927e+00   1.0018583e+00   1.0019640e+00   1.0041261e+00   1.0062974e+00   1.0105527e+00   1.0106643e+00   1.0067992e+00   1.0047970e+00   1.0028294e+00   1.0030440e+00   1.0053091e+00   1.0077709e+00   1.0118523e+00   1.0118502e+00   1.0078957e+00   1.0055586e+00   1.0034029e+00   1.0035885e+00   1.0058318e+00   1.0081276e+00   1.0123656e+00   1.0123376e+00   1.0082239e+00   1.0061510e+00   1.0040549e+00   1.0039592e+00   1.0059568e+00   1.0081278e+00   1.0119750e+00   1.0117928e+00   1.0076824e+00   1.0052375e+00   1.0033237e+00   1.0032620e+00   1.0049283e+00   1.0070157e+00   1.0102365e+00   1.0094224e+00   1.0045916e+00   1.0011238e+00   9.9831582e-01   9.9676244e-01
   1.0046009e+00   1.0051497e+00   1.0071132e+00   1.0073418e+00   1.0100136e+00   1.0115824e+00   1.0095972e+00   1.0105089e+00   1.0106179e+00   1.0100119e+00   1.0110454e+00   1.0105328e+00   1.0122663e+00   1.0131854e+00   1.0106763e+00   1.0111692e+00   1.0110306e+00   1.0105002e+00   1.0114434e+00   1.0107355e+00   1.0125344e+00   1.0130797e+00   1.0102783e+00   1.0108054e+00   1.0102765e+00   1.0094451e+00   1.0105551e+00   1.0098413e+00   1.0116271e+00   1.0120120e+00   1.0093599e+00   1.0097741e+00   1.0090208e+00   1.0083965e+00   1.0091485e+00   1.0080747e+00   1.0096661e+00   1.0098201e+00   1.0070025e+00   1.0074666e+00   1.0069370e+00   1.0063971e+00   1.0073317e+00   1.0068757e+00   1.0087279e+00   1.0089783e+00   1.0066516e+00   1.0070097e+00   1.0062166e+00   1.0059376e+00   1.0066096e+00   1.0058038e+00   1.0080287e+00   1.0083196e+00   1.0062224e+00   1.0070887e+00   1.0066031e+00   1.0063944e+00   1.0069003e+00   1.0058835e+00   1.0075680e+00   1.0074299e+00   1.0048281e+00   1.0052522e+00   1.0046207e+00   1.0044239e+00   1.0051896e+00   1.0047652e+00   1.0067418e+00   1.0065864e+00   1.0043278e+00   1.0045217e+00   1.0035808e+00   1.0036135e+00   1.0040810e+00   1.0034494e+00   1.0057905e+00   1.0056552e+00   1.0036292e+00   1.0043452e+00   1.0036585e+00   1.0037466e+00   1.0041467e+00   1.0031684e+00   1.0050807e+00   1.0045497e+00   1.0020529e+00   1.0025976e+00   1.0017168e+00   1.0018386e+00   1.0025209e+00   1.0020898e+00   1.0043042e+00   1.0038486e+00   1.0018070e+00   1.0021041e+00   1.0010607e+00   1.0015293e+00   1.0019462e+00   1.0013912e+00   1.0040983e+00   1.0038288e+00   1.0021205e+00   1.0030830e+00   1.0022522e+00   1.0028066e+00   1.0034952e+00   1.0030130e+00   1.0055772e+00   1.0051066e+00   1.0032577e+00   1.0039155e+00   1.0027376e+00   1.0035253e+00   1.0040128e+00   1.0034184e+00   1.0061744e+00   1.0055817e+00   1.0037459e+00   1.0044200e+00   1.0034425e+00   1.0039364e+00   1.0040528e+00   1.0035379e+00   1.0060029e+00   1.0050791e+00   1.0033323e+00   1.0038374e+00   1.0027778e+00   1.0033130e+00   1.0032484e+00   1.0023304e+00   1.0042884e+00   1.0027329e+00   1.0000593e+00   9.9983592e-01   9.9787531e-01   9.9733456e-01
   1.0039898e+00   1.0062454e+00   1.0065863e+00   1.0073064e+00   1.0111409e+00   1.0110425e+00   1.0100370e+00   1.0105481e+00   1.0100119e+00   1.0109595e+00   1.0106858e+00   1.0105967e+00   1.0132952e+00   1.0127532e+00   1.0111329e+00   1.0112572e+00   1.0104506e+00   1.0112564e+00   1.0110172e+00   1.0107068e+00   1.0135312e+00   1.0126089e+00   1.0106473e+00   1.0107833e+00   1.0097141e+00   1.0101693e+00   1.0100263e+00   1.0098257e+00   1.0124278e+00   1.0115551e+00   1.0095607e+00   1.0094762e+00   1.0084218e+00   1.0087936e+00   1.0086155e+00   1.0080971e+00   1.0101889e+00   1.0095299e+00   1.0071099e+00   1.0069769e+00   1.0063097e+00   1.0064082e+00   1.0065032e+00   1.0066725e+00   1.0090303e+00   1.0084796e+00   1.0067580e+00   1.0065562e+00   1.0056158e+00   1.0060461e+00   1.0058156e+00   1.0057027e+00   1.0083961e+00   1.0081517e+00   1.0064284e+00   1.0067071e+00   1.0063898e+00   1.0065213e+00   1.0064477e+00   1.0059729e+00   1.0077492e+00   1.0074380e+00   1.0048880e+00   1.0047350e+00   1.0043799e+00   1.0041999e+00   1.0046162e+00   1.0047117e+00   1.0065961e+00   1.0064445e+00   1.0042681e+00   1.0039430e+00   1.0033519e+00   1.0033652e+00   1.0035613e+00   1.0034976e+00   1.0057754e+00   1.0058171e+00   1.0037034e+00   1.0038737e+00   1.0037593e+00   1.0035022e+00   1.0037353e+00   1.0033449e+00   1.0048867e+00   1.0048958e+00   1.0019197e+00   1.0017650e+00   1.0017880e+00   1.0012034e+00   1.0020346e+00   1.0021714e+00   1.0037655e+00   1.0041176e+00   1.0015663e+00   1.0012541e+00   1.0010657e+00   1.0008415e+00   1.0014283e+00   1.0014681e+00   1.0037768e+00   1.0043284e+00   1.0021177e+00   1.0025237e+00   1.0026177e+00   1.0021813e+00   1.0031651e+00   1.0031854e+00   1.0051077e+00   1.0058908e+00   1.0032199e+00   1.0033508e+00   1.0034399e+00   1.0029313e+00   1.0039598e+00   1.0037891e+00   1.0056726e+00   1.0065595e+00   1.0036986e+00   1.0039739e+00   1.0041865e+00   1.0033409e+00   1.0041256e+00   1.0039734e+00   1.0055659e+00   1.0060839e+00   1.0033917e+00   1.0034539e+00   1.0036651e+00   1.0027514e+00   1.0032774e+00   1.0027589e+00   1.0037420e+00   1.0038246e+00   1.0000132e+00   9.9929807e-01   9.9896679e-01   9.9671266e-01
   1.0048172e+00   1.0056806e+00   1.0089665e+00   1.0125263e+00   1.0173277e+00   1.0184171e+00   1.0144429e+00   1.0124682e+00   1.0110454e+00   1.0106858e+00   1.0130808e+00   1.0155840e+00   1.0195883e+00   1.0199722e+00   1.0154405e+00   1.0133109e+00   1.0114724e+00   1.0109862e+00   1.0134773e+00   1.0157442e+00   1.0196745e+00   1.0198108e+00   1.0149600e+00   1.0127069e+00   1.0106532e+00   1.0099834e+00   1.0124013e+00   1.0147960e+00   1.0186429e+00   1.0186737e+00   1.0139398e+00   1.0112537e+00   1.0090975e+00   1.0086763e+00   1.0107051e+00   1.0127627e+00   1.0164691e+00   1.0162792e+00   1.0113225e+00   1.0087022e+00   1.0066133e+00   1.0060039e+00   1.0084730e+00   1.0111723e+00   1.0150569e+00   1.0151765e+00   1.0108528e+00   1.0081419e+00   1.0059693e+00   1.0057994e+00   1.0078286e+00   1.0104377e+00   1.0147443e+00   1.0150196e+00   1.0109097e+00   1.0085418e+00   1.0068207e+00   1.0066557e+00   1.0084432e+00   1.0106244e+00   1.0143640e+00   1.0140634e+00   1.0093413e+00   1.0066026e+00   1.0044610e+00   1.0041691e+00   1.0064370e+00   1.0090146e+00   1.0129658e+00   1.0128096e+00   1.0085540e+00   1.0057511e+00   1.0033084e+00   1.0034334e+00   1.0054247e+00   1.0079357e+00   1.0123735e+00   1.0123898e+00   1.0083066e+00   1.0058176e+00   1.0038619e+00   1.0039003e+00   1.0055319e+00   1.0077827e+00   1.0116944e+00   1.0111731e+00   1.0065890e+00   1.0037221e+00   1.0014961e+00   1.0015129e+00   1.0035803e+00   1.0062057e+00   1.0103767e+00   1.0100506e+00   1.0060048e+00   1.0031923e+00   1.0005833e+00   1.0010956e+00   1.0030998e+00   1.0056211e+00   1.0104605e+00   1.0105351e+00   1.0067165e+00   1.0045500e+00   1.0024575e+00   1.0028134e+00   1.0048951e+00   1.0075105e+00   1.0121444e+00   1.0120255e+00   1.0081296e+00   1.0056736e+00   1.0032096e+00   1.0038449e+00   1.0058319e+00   1.0080504e+00   1.0128198e+00   1.0126195e+00   1.0086901e+00   1.0063816e+00   1.0038802e+00   1.0043418e+00   1.0061370e+00   1.0082391e+00   1.0127158e+00   1.0123232e+00   1.0083152e+00   1.0057607e+00   1.0034160e+00   1.0037775e+00   1.0051604e+00   1.0071208e+00   1.0110449e+00   1.0099458e+00   1.0051816e+00   1.0016453e+00   9.9838760e-01   9.9753377e-01
   1.0034990e+00   1.0051750e+00   1.0115105e+00   1.0236636e+00   1.0316761e+00   1.0324715e+00   1.0256712e+00   1.0148958e+00   1.0105328e+00   1.0105967e+00   1.0155840e+00   1.0269096e+00   1.0339294e+00   1.0340240e+00   1.0266663e+00   1.0154214e+00   1.0109158e+00   1.0108120e+00   1.0157012e+00   1.0268484e+00   1.0337539e+00   1.0337250e+00   1.0261352e+00   1.0147148e+00   1.0100043e+00   1.0096056e+00   1.0145163e+00   1.0258889e+00   1.0326041e+00   1.0324707e+00   1.0250318e+00   1.0132298e+00   1.0082885e+00   1.0082206e+00   1.0127873e+00   1.0238807e+00   1.0305510e+00   1.0300616e+00   1.0221704e+00   1.0102256e+00   1.0054181e+00   1.0050474e+00   1.0099700e+00   1.0218349e+00   1.0287163e+00   1.0287629e+00   1.0216107e+00   1.0096234e+00   1.0047863e+00   1.0047841e+00   1.0095297e+00   1.0212282e+00   1.0285777e+00   1.0289314e+00   1.0219860e+00   1.0106806e+00   1.0061190e+00   1.0060462e+00   1.0106265e+00   1.0217771e+00   1.0283960e+00   1.0279430e+00   1.0201900e+00   1.0082361e+00   1.0034412e+00   1.0031250e+00   1.0079406e+00   1.0197923e+00   1.0266187e+00   1.0264645e+00   1.0193152e+00   1.0072274e+00   1.0022592e+00   1.0024070e+00   1.0070485e+00   1.0187534e+00   1.0261831e+00   1.0263419e+00   1.0193782e+00   1.0079541e+00   1.0032144e+00   1.0031526e+00   1.0076267e+00   1.0187730e+00   1.0254856e+00   1.0248880e+00   1.0172622e+00   1.0053429e+00   1.0004265e+00   1.0002826e+00   1.0049946e+00   1.0168410e+00   1.0238081e+00   1.0235614e+00   1.0165499e+00   1.0045813e+00   9.9956924e-01   9.9985957e-01   1.0045654e+00   1.0163556e+00   1.0240977e+00   1.0244534e+00   1.0176824e+00   1.0065655e+00   1.0019523e+00   1.0019625e+00   1.0068210e+00   1.0184791e+00   1.0257893e+00   1.0258392e+00   1.0190839e+00   1.0077178e+00   1.0027907e+00   1.0031524e+00   1.0078039e+00   1.0190967e+00   1.0266001e+00   1.0265661e+00   1.0196502e+00   1.0085595e+00   1.0036693e+00   1.0037537e+00   1.0082250e+00   1.0193594e+00   1.0266368e+00   1.0265121e+00   1.0194806e+00   1.0082625e+00   1.0033142e+00   1.0032302e+00   1.0075614e+00   1.0182303e+00   1.0249655e+00   1.0241656e+00   1.0162153e+00   1.0041484e+00   9.9785985e-01   9.9620228e-01
   1.0044307e+00   1.0077969e+00   1.0153419e+00   1.0307618e+00   1.0412824e+00   1.0412599e+00   1.0331135e+00   1.0190328e+00   1.0122663e+00   1.0132952e+00   1.0195883e+00   1.0339294e+00   1.0435031e+00   1.0429132e+00   1.0340848e+00   1.0194849e+00   1.0127094e+00   1.0135528e+00   1.0196187e+00   1.0338486e+00   1.0431858e+00   1.0424398e+00   1.0334291e+00   1.0186752e+00   1.0116852e+00   1.0121916e+00   1.0183525e+00   1.0328825e+00   1.0419135e+00   1.0410339e+00   1.0320612e+00   1.0169446e+00   1.0097280e+00   1.0102662e+00   1.0163236e+00   1.0305682e+00   1.0395088e+00   1.0385617e+00   1.0289359e+00   1.0134800e+00   1.0065208e+00   1.0066096e+00   1.0128274e+00   1.0279455e+00   1.0370636e+00   1.0366805e+00   1.0279783e+00   1.0126960e+00   1.0059066e+00   1.0064750e+00   1.0128473e+00   1.0279777e+00   1.0375966e+00   1.0376523e+00   1.0289119e+00   1.0142598e+00   1.0076876e+00   1.0078219e+00   1.0141482e+00   1.0285735e+00   1.0372798e+00   1.0367703e+00   1.0270159e+00   1.0116579e+00   1.0049338e+00   1.0045461e+00   1.0110401e+00   1.0260423e+00   1.0347570e+00   1.0345977e+00   1.0255464e+00   1.0103083e+00   1.0036666e+00   1.0038778e+00   1.0104494e+00   1.0255426e+00   1.0349489e+00   1.0351560e+00   1.0261027e+00   1.0114091e+00   1.0049226e+00   1.0046581e+00   1.0111358e+00   1.0256079e+00   1.0341030e+00   1.0337937e+00   1.0238977e+00   1.0085624e+00   1.0020382e+00   1.0013116e+00   1.0079796e+00   1.0230971e+00   1.0315884e+00   1.0317868e+00   1.0225121e+00   1.0073264e+00   1.0010543e+00   1.0008878e+00   1.0077424e+00   1.0230120e+00   1.0324620e+00   1.0332692e+00   1.0242545e+00   1.0100039e+00   1.0039231e+00   1.0033374e+00   1.0104520e+00   1.0253973e+00   1.0342201e+00   1.0350026e+00   1.0259567e+00   1.0114670e+00   1.0053145e+00   1.0047749e+00   1.0116849e+00   1.0263005e+00   1.0351795e+00   1.0358763e+00   1.0265561e+00   1.0123836e+00   1.0063562e+00   1.0055055e+00   1.0122104e+00   1.0266895e+00   1.0354174e+00   1.0359413e+00   1.0264484e+00   1.0122097e+00   1.0059429e+00   1.0049190e+00   1.0116183e+00   1.0255837e+00   1.0336584e+00   1.0336785e+00   1.0232269e+00   1.0079215e+00   1.0004344e+00   9.9708415e-01
   1.0054487e+00   1.0070570e+00   1.0158113e+00   1.0310210e+00   1.0407038e+00   1.0419835e+00   1.0328063e+00   1.0191878e+00   1.0131854e+00   1.0127532e+00   1.0199722e+00   1.0340240e+00   1.0429132e+00   1.0434094e+00   1.0336509e+00   1.0196529e+00   1.0133772e+00   1.0127007e+00   1.0199156e+00   1.0337976e+00   1.0422989e+00   1.0426913e+00   1.0327026e+00   1.0185504e+00   1.0121468e+00   1.0112516e+00   1.0184339e+00   1.0326334e+00   1.0410258e+00   1.0411949e+00   1.0313735e+00   1.0166871e+00   1.0099464e+00   1.0095224e+00   1.0161293e+00   1.0299072e+00   1.0384377e+00   1.0379289e+00   1.0276939e+00   1.0126468e+00   1.0056623e+00   1.0048910e+00   1.0116945e+00   1.0263102e+00   1.0349069e+00   1.0351150e+00   1.0258815e+00   1.0112568e+00   1.0049671e+00   1.0050291e+00   1.0122612e+00   1.0272110e+00   1.0367364e+00   1.0373375e+00   1.0281476e+00   1.0140560e+00   1.0075975e+00   1.0074480e+00   1.0140381e+00   1.0279851e+00   1.0367399e+00   1.0361696e+00   1.0261158e+00   1.0109311e+00   1.0037954e+00   1.0032474e+00   1.0097250e+00   1.0242041e+00   1.0328929e+00   1.0327437e+00   1.0237137e+00   1.0089840e+00   1.0023588e+00   1.0027273e+00   1.0096989e+00   1.0246086e+00   1.0343072e+00   1.0345620e+00   1.0254662e+00   1.0112533e+00   1.0044981e+00   1.0045127e+00   1.0108713e+00   1.0247816e+00   1.0337182e+00   1.0328592e+00   1.0230628e+00   1.0079076e+00   1.0005142e+00   1.0003050e+00   1.0064648e+00   1.0209298e+00   1.0299617e+00   1.0295245e+00   1.0207968e+00   1.0061385e+00   9.9928261e-01   9.9998568e-01   1.0068460e+00   1.0217069e+00   1.0317616e+00   1.0321257e+00   1.0235293e+00   1.0097520e+00   1.0031205e+00   1.0034933e+00   1.0101341e+00   1.0246487e+00   1.0343122e+00   1.0340592e+00   1.0256557e+00   1.0114933e+00   1.0043291e+00   1.0051943e+00   1.0115170e+00   1.0255172e+00   1.0353851e+00   1.0349399e+00   1.0264649e+00   1.0126576e+00   1.0054722e+00   1.0061382e+00   1.0123477e+00   1.0262102e+00   1.0358428e+00   1.0353560e+00   1.0265186e+00   1.0125476e+00   1.0053701e+00   1.0057871e+00   1.0117450e+00   1.0252485e+00   1.0343560e+00   1.0330755e+00   1.0234580e+00   1.0083597e+00   9.9966978e-01   9.9807637e-01
   1.0036252e+00   1.0058891e+00   1.0114395e+00   1.0237082e+00   1.0321472e+00   1.0323629e+00   1.0259883e+00   1.0152861e+00   1.0106763e+00   1.0111329e+00   1.0154405e+00   1.0266663e+00   1.0340848e+00   1.0336509e+00   1.0268626e+00   1.0156583e+00   1.0107097e+00   1.0109633e+00   1.0152731e+00   1.0263074e+00   1.0334504e+00   1.0328209e+00   1.0254959e+00   1.0141469e+00   1.0092074e+00   1.0091099e+00   1.0133844e+00   1.0247717e+00   1.0316755e+00   1.0310472e+00   1.0238475e+00   1.0119795e+00   1.0068350e+00   1.0069314e+00   1.0109067e+00   1.0217075e+00   1.0284699e+00   1.0273955e+00   1.0196203e+00   1.0072895e+00   1.0017893e+00   1.0012623e+00   1.0051070e+00   1.0165013e+00   1.0231652e+00   1.0228042e+00   1.0163491e+00   1.0049647e+00   1.0007743e+00   1.0016249e+00   1.0065830e+00   1.0188267e+00   1.0267265e+00   1.0270821e+00   1.0203540e+00   1.0092587e+00   1.0047143e+00   1.0047520e+00   1.0091573e+00   1.0201336e+00   1.0267977e+00   1.0260513e+00   1.0180098e+00   1.0055474e+00   1.0002383e+00   9.9942902e-01   1.0033786e+00   1.0147087e+00   1.0210579e+00   1.0209095e+00   1.0142296e+00   1.0026472e+00   9.9853521e-01   9.9915845e-01   1.0042920e+00   1.0164800e+00   1.0241663e+00   1.0246011e+00   1.0176036e+00   1.0063501e+00   1.0017563e+00   1.0015729e+00   1.0060232e+00   1.0169388e+00   1.0234378e+00   1.0228349e+00   1.0146492e+00   1.0021847e+00   9.9705827e-01   9.9604914e-01   1.0001358e+00   1.0113810e+00   1.0176026e+00   1.0177683e+00   1.0109837e+00   9.9953492e-01   9.9562794e-01   9.9606899e-01   1.0014589e+00   1.0136080e+00   1.0212174e+00   1.0221683e+00   1.0153248e+00   1.0045118e+00   1.0005009e+00   1.0003433e+00   1.0054006e+00   1.0171120e+00   1.0241747e+00   1.0247230e+00   1.0177930e+00   1.0064409e+00   1.0021708e+00   1.0022363e+00   1.0071005e+00   1.0183172e+00   1.0255322e+00   1.0261110e+00   1.0189879e+00   1.0080258e+00   1.0037288e+00   1.0034553e+00   1.0083458e+00   1.0194093e+00   1.0261512e+00   1.0265688e+00   1.0191844e+00   1.0080296e+00   1.0037374e+00   1.0032765e+00   1.0078447e+00   1.0184591e+00   1.0247793e+00   1.0245537e+00   1.0161790e+00   1.0040012e+00   9.9848453e-01   9.9624506e-01
   1.0050653e+00   1.0065064e+00   1.0093579e+00   1.0126043e+00   1.0175994e+00   1.0183535e+00   1.0149232e+00   1.0130878e+00   1.0111692e+00   1.0112572e+00   1.0133109e+00   1.0154214e+00   1.0194849e+00   1.0196529e+00   1.0156583e+00   1.0134007e+00   1.0112466e+00   1.0111174e+00   1.0130862e+00   1.0150116e+00   1.0188651e+00   1.0186992e+00   1.0141437e+00   1.0118222e+00   1.0094931e+00   1.0090425e+00   1.0111372e+00   1.0131455e+00   1.0168977e+00   1.0166013e+00   1.0122023e+00   1.0095278e+00   1.0068200e+00   1.0065365e+00   1.0081555e+00   1.0095634e+00   1.0130022e+00   1.0121432e+00   1.0071316e+00   1.0037915e+00   1.0007014e+00   9.9971432e-01   1.0006045e+00   1.0022876e+00   1.0055015e+00   1.0054721e+00   1.0023032e+00   1.0006236e+00   9.9954376e-01   1.0005383e+00   1.0034445e+00   1.0064995e+00   1.0115440e+00   1.0122206e+00   1.0086330e+00   1.0068918e+00   1.0048354e+00   1.0048314e+00   1.0067232e+00   1.0083347e+00   1.0118398e+00   1.0109662e+00   1.0057532e+00   1.0024194e+00   9.9930957e-01   9.9819682e-01   9.9914848e-01   1.0007095e+00   1.0037663e+00   1.0036289e+00   1.0002523e+00   9.9842559e-01   9.9729567e-01   9.9821289e-01   1.0011362e+00   1.0042117e+00   1.0090908e+00   1.0096480e+00   1.0058038e+00   1.0038833e+00   1.0017753e+00   1.0016431e+00   1.0035988e+00   1.0052117e+00   1.0085986e+00   1.0076672e+00   1.0023226e+00   9.9900679e-01   9.9589751e-01   9.9475990e-01   9.9576941e-01   9.9732074e-01   1.0003036e+00   1.0001517e+00   9.9681284e-01   9.9502207e-01   9.9402812e-01   9.9493350e-01   9.9792419e-01   1.0011432e+00   1.0060325e+00   1.0067535e+00   1.0032239e+00   1.0017380e+00   1.0000431e+00   1.0002759e+00   1.0029074e+00   1.0054930e+00   1.0097898e+00   1.0100139e+00   1.0062307e+00   1.0041794e+00   1.0020690e+00   1.0024693e+00   1.0047380e+00   1.0070100e+00   1.0114786e+00   1.0116071e+00   1.0077678e+00   1.0058152e+00   1.0038579e+00   1.0039599e+00   1.0060211e+00   1.0083013e+00   1.0122453e+00   1.0120546e+00   1.0080097e+00   1.0058804e+00   1.0038411e+00   1.0037457e+00   1.0056312e+00   1.0074616e+00   1.0108549e+00   1.0101032e+00   1.0051444e+00   1.0019121e+00   9.9908936e-01   9.9764324e-01
   1.0053190e+00   1.0058597e+00   1.0077722e+00   1.0081606e+00   1.0107868e+00   1.0122760e+00   1.0102327e+00   1.0110343e+00   1.0110306e+00   1.0104506e+00   1.0114724e+00   1.0109158e+00   1.0127094e+00   1.0133772e+00   1.0107097e+00   1.0112466e+00   1.0108490e+00   1.0101275e+00   1.0111735e+00   1.0101668e+00   1.0117338e+00   1.0121838e+00   1.0089149e+00   1.0092680e+00   1.0087480e+00   1.0076250e+00   1.0087471e+00   1.0082262e+00   1.0096097e+00   1.0099136e+00   1.0072042e+00   1.0070961e+00   1.0061654e+00   1.0054515e+00   1.0058202e+00   1.0044839e+00   1.0058696e+00   1.0051147e+00   1.0014416e+00   1.0007370e+00   9.9873395e-01   9.9699342e-01   9.9624681e-01   9.9422059e-01   9.9491574e-01   9.9525752e-01   9.9408169e-01   9.9599519e-01   9.9709743e-01   9.9820708e-01   1.0004124e+00   1.0011059e+00   1.0043775e+00   1.0055555e+00   1.0038501e+00   1.0048988e+00   1.0044379e+00   1.0042895e+00   1.0047847e+00   1.0036216e+00   1.0050647e+00   1.0039606e+00   1.0002890e+00   9.9933963e-01   9.9715579e-01   9.9567457e-01   9.9463855e-01   9.9257721e-01   9.9340440e-01   9.9326684e-01   9.9212613e-01   9.9391890e-01   9.9476465e-01   9.9604656e-01   9.9804296e-01   9.9873539e-01   1.0020722e+00   1.0028505e+00   1.0010742e+00   1.0019224e+00   1.0011923e+00   1.0011952e+00   1.0015567e+00   1.0003913e+00   1.0019167e+00   1.0004753e+00   9.9690980e-01   9.9593485e-01   9.9352307e-01   9.9229358e-01   9.9107213e-01   9.8907008e-01   9.9009590e-01   9.8958156e-01   9.8876835e-01   9.9065245e-01   9.9128097e-01   9.9293404e-01   9.9482564e-01   9.9543994e-01   9.9900210e-01   9.9962042e-01   9.9814422e-01   9.9937494e-01   9.9892465e-01   9.9957324e-01   1.0004358e+00   1.0004907e+00   1.0031154e+00   1.0027573e+00   1.0013137e+00   1.0017689e+00   1.0006141e+00   1.0016905e+00   1.0021720e+00   1.0017909e+00   1.0049899e+00   1.0045185e+00   1.0029253e+00   1.0039126e+00   1.0028328e+00   1.0034812e+00   1.0039245e+00   1.0033642e+00   1.0060008e+00   1.0053179e+00   1.0035061e+00   1.0040503e+00   1.0030165e+00   1.0035871e+00   1.0035906e+00   1.0027911e+00   1.0048052e+00   1.0033306e+00   1.0007129e+00   1.0003256e+00   9.9842326e-01   9.9789187e-01
   1.0046573e+00   1.0067101e+00   1.0073729e+00   1.0080216e+00   1.0116603e+00   1.0117168e+00   1.0105519e+00   1.0110978e+00   1.0105002e+00   1.0112564e+00   1.0109862e+00   1.0108120e+00   1.0135528e+00   1.0127007e+00   1.0109633e+00   1.0111174e+00   1.0101275e+00   1.0108675e+00   1.0106020e+00   1.0100409e+00   1.0124514e+00   1.0114770e+00   1.0089885e+00   1.0088090e+00   1.0076702e+00   1.0077443e+00   1.0077739e+00   1.0075739e+00   1.0097486e+00   1.0088322e+00   1.0068274e+00   1.0064253e+00   1.0050622e+00   1.0052867e+00   1.0047189e+00   1.0038374e+00   1.0058079e+00   1.0041310e+00   1.0007832e+00   9.9940023e-01   9.9680633e-01   9.9495637e-01   9.9250752e-01   9.9006266e-01   9.9024374e-01   9.8989041e-01   9.9023231e-01   9.9266711e-01   9.9442301e-01   9.9690806e-01   9.9883145e-01   1.0000789e+00   1.0039718e+00   1.0048125e+00   1.0035074e+00   1.0043634e+00   1.0040084e+00   1.0041079e+00   1.0041403e+00   1.0031772e+00   1.0046784e+00   1.0033103e+00   9.9944117e-01   9.9800180e-01   9.9561745e-01   9.9337710e-01   9.9125554e-01   9.8875462e-01   9.8850966e-01   9.8837150e-01   9.8830339e-01   9.9053399e-01   9.9245849e-01   9.9449231e-01   9.9668341e-01   9.9786821e-01   1.0013853e+00   1.0024295e+00   1.0005870e+00   1.0012115e+00   1.0009488e+00   1.0007022e+00   1.0009633e+00   9.9999922e-01   1.0011142e+00   1.0000135e+00   9.9581714e-01   9.9428734e-01   9.9218024e-01   9.8952231e-01   9.8767494e-01   9.8517935e-01   9.8468814e-01   9.8489473e-01   9.8457951e-01   9.8686933e-01   9.8919885e-01   9.9094745e-01   9.9343401e-01   9.9473357e-01   9.9796173e-01   9.9952116e-01   9.9744505e-01   9.9821708e-01   9.9870604e-01   9.9841470e-01   9.9971684e-01   1.0000634e+00   1.0020020e+00   1.0028510e+00   1.0006189e+00   1.0007717e+00   1.0007031e+00   1.0005688e+00   1.0016740e+00   1.0018181e+00   1.0042636e+00   1.0052012e+00   1.0027775e+00   1.0032993e+00   1.0034955e+00   1.0027844e+00   1.0037705e+00   1.0036000e+00   1.0052957e+00   1.0061230e+00   1.0033792e+00   1.0035440e+00   1.0038138e+00   1.0030438e+00   1.0036383e+00   1.0030838e+00   1.0042370e+00   1.0041721e+00   1.0005564e+00   9.9991343e-01   9.9925155e-01   9.9721143e-01
