   1.2817383e+02   1.2817365e+02   1.2817373e+02   1.2817371e+02   1.2817374e+02   1.2817384e+02   1.2817403e+02   1.2817420e+02   1.2817438e+02   1.2817459e+02   1.2817473e+02   1.2817493e+02   1.2817519e+02   1.2817547e+02   1.2817583e+02   1.2817620e+02   1.2817649e+02   1.2817683e+02   1.2817717e+02   1.2817749e+02   1.2817790e+02   1.2817831e+02   1.2817875e+02   1.2817920e+02   1.2817957e+02   1.2818000e+02   1.2818038e+02   1.2818081e+02   1.2818126e+02   1.2818166e+02   1.2818208e+02   1.2818245e+02   1.2818281e+02   1.2818318e+02   1.2818354e+02   1.2818392e+02   1.2818427e+02   1.2818454e+02   1.2818475e+02   1.2818494e+02   1.2818509e+02   1.2818528e+02   1.2818550e+02   1.2818567e+02   1.2818580e+02   1.2818579e+02   1.2818565e+02   1.2818552e+02   1.2818537e+02   1.2818529e+02   1.2818526e+02   1.2818511e+02   1.2818486e+02   1.2818445e+02   1.2818391e+02   1.2818332e+02   1.2818273e+02   1.2818218e+02   1.2818171e+02   1.2818113e+02   1.2818043e+02   1.2817964e+02   1.2817865e+02   1.2817772e+02   1.2817682e+02   1.2817595e+02   1.2817513e+02   1.2817417e+02   1.2817309e+02   1.2817198e+02   1.2817076e+02   1.2816960e+02   1.2816858e+02   1.2816753e+02   1.2816651e+02   1.2816534e+02   1.2816406e+02   1.2816279e+02   1.2816147e+02   1.2816028e+02   1.2815920e+02   1.2815811e+02   1.2815704e+02   1.2815583e+02   1.2815451e+02   1.2815323e+02   1.2815196e+02   1.2815082e+02   1.2814982e+02   1.2814878e+02   1.2814780e+02   1.2814663e+02   1.2814540e+02   1.2814424e+02   1.2814309e+02   1.2814210e+02   1.2814125e+02   1.2814034e+02   1.2813945e+02   1.2813846e+02   1.2813737e+02   1.2813637e+02   1.2813543e+02   1.2813461e+02   1.2813386e+02   1.2813324e+02   1.2813246e+02   1.2813159e+02   1.2813078e+02   1.2812992e+02   1.2812923e+02   1.2812858e+02   1.2812806e+02   1.2812751e+02   1.2812694e+02   1.2812633e+02   1.2812565e+02   1.2812509e+02   1.2812457e+02   1.2812415e+02   1.2812381e+02   1.2812343e+02   1.2812305e+02   1.2812263e+02   1.2812219e+02   1.2812184e+02   1.2812157e+02   1.2812134e+02   1.2812120e+02   1.2812101e+02   1.2812079e+02   1.2812062e+02   1.2812039e+02   1.2812031e+02   1.2812027e+02   1.2812028e+02   1.2812033e+02   1.2812032e+02
   1.2817365e+02   1.2817381e+02   1.2817363e+02   1.2817369e+02   1.2817370e+02   1.2817380e+02   1.2817398e+02   1.2817417e+02   1.2817438e+02   1.2817453e+02   1.2817473e+02   1.2817492e+02   1.2817514e+02   1.2817544e+02   1.2817580e+02   1.2817613e+02   1.2817650e+02   1.2817683e+02   1.2817713e+02   1.2817751e+02   1.2817788e+02   1.2817828e+02   1.2817874e+02   1.2817914e+02   1.2817959e+02   1.2817998e+02   1.2818040e+02   1.2818082e+02   1.2818127e+02   1.2818167e+02   1.2818205e+02   1.2818246e+02   1.2818277e+02   1.2818318e+02   1.2818358e+02   1.2818394e+02   1.2818431e+02   1.2818457e+02   1.2818475e+02   1.2818494e+02   1.2818508e+02   1.2818529e+02   1.2818553e+02   1.2818572e+02   1.2818585e+02   1.2818583e+02   1.2818570e+02   1.2818554e+02   1.2818539e+02   1.2818529e+02   1.2818528e+02   1.2818516e+02   1.2818491e+02   1.2818452e+02   1.2818396e+02   1.2818337e+02   1.2818274e+02   1.2818219e+02   1.2818173e+02   1.2818115e+02   1.2818048e+02   1.2817968e+02   1.2817873e+02   1.2817775e+02   1.2817684e+02   1.2817594e+02   1.2817511e+02   1.2817416e+02   1.2817312e+02   1.2817202e+02   1.2817080e+02   1.2816966e+02   1.2816858e+02   1.2816750e+02   1.2816647e+02   1.2816531e+02   1.2816404e+02   1.2816282e+02   1.2816150e+02   1.2816029e+02   1.2815921e+02   1.2815809e+02   1.2815700e+02   1.2815579e+02   1.2815447e+02   1.2815322e+02   1.2815197e+02   1.2815082e+02   1.2814982e+02   1.2814878e+02   1.2814771e+02   1.2814659e+02   1.2814535e+02   1.2814419e+02   1.2814311e+02   1.2814209e+02   1.2814122e+02   1.2814033e+02   1.2813940e+02   1.2813839e+02   1.2813730e+02   1.2813633e+02   1.2813541e+02   1.2813455e+02   1.2813395e+02   1.2813311e+02   1.2813239e+02   1.2813160e+02   1.2813062e+02   1.2812993e+02   1.2812916e+02   1.2812857e+02   1.2812804e+02   1.2812748e+02   1.2812690e+02   1.2812625e+02   1.2812559e+02   1.2812501e+02   1.2812454e+02   1.2812412e+02   1.2812377e+02   1.2812341e+02   1.2812299e+02   1.2812256e+02   1.2812212e+02   1.2812177e+02   1.2812152e+02   1.2812133e+02   1.2812116e+02   1.2812098e+02   1.2812077e+02   1.2812053e+02   1.2812035e+02   1.2812022e+02   1.2812023e+02   1.2812024e+02   1.2812029e+02   1.2812032e+02
   1.2817373e+02   1.2817363e+02   1.2817368e+02   1.2817345e+02   1.2817349e+02   1.2817355e+02   1.2817377e+02   1.2817408e+02   1.2817431e+02   1.2817453e+02   1.2817464e+02   1.2817476e+02   1.2817494e+02   1.2817520e+02   1.2817559e+02   1.2817604e+02   1.2817644e+02   1.2817680e+02   1.2817710e+02   1.2817738e+02   1.2817770e+02   1.2817810e+02   1.2817854e+02   1.2817907e+02   1.2817952e+02   1.2817998e+02   1.2818037e+02   1.2818075e+02   1.2818112e+02   1.2818152e+02   1.2818194e+02   1.2818235e+02   1.2818280e+02   1.2818317e+02   1.2818355e+02   1.2818391e+02   1.2818422e+02   1.2818447e+02   1.2818470e+02   1.2818490e+02   1.2818508e+02   1.2818530e+02   1.2818551e+02   1.2818570e+02   1.2818580e+02   1.2818580e+02   1.2818569e+02   1.2818554e+02   1.2818540e+02   1.2818530e+02   1.2818526e+02   1.2818514e+02   1.2818489e+02   1.2818451e+02   1.2818401e+02   1.2818340e+02   1.2818277e+02   1.2818219e+02   1.2818166e+02   1.2818109e+02   1.2818043e+02   1.2817968e+02   1.2817876e+02   1.2817781e+02   1.2817687e+02   1.2817592e+02   1.2817501e+02   1.2817404e+02   1.2817299e+02   1.2817195e+02   1.2817083e+02   1.2816969e+02   1.2816860e+02   1.2816748e+02   1.2816633e+02   1.2816511e+02   1.2816389e+02   1.2816267e+02   1.2816149e+02   1.2816034e+02   1.2815921e+02   1.2815803e+02   1.2815683e+02   1.2815553e+02   1.2815425e+02   1.2815305e+02   1.2815190e+02   1.2815085e+02   1.2814981e+02   1.2814868e+02   1.2814756e+02   1.2814630e+02   1.2814507e+02   1.2814400e+02   1.2814298e+02   1.2814208e+02   1.2814121e+02   1.2814023e+02   1.2813922e+02   1.2813809e+02   1.2813700e+02   1.2813608e+02   1.2813522e+02   1.2813460e+02   1.2813383e+02   1.2813308e+02   1.2813219e+02   1.2813126e+02   1.2813037e+02   1.2812957e+02   1.2812903e+02   1.2812846e+02   1.2812801e+02   1.2812740e+02   1.2812670e+02   1.2812597e+02   1.2812525e+02   1.2812472e+02   1.2812432e+02   1.2812402e+02   1.2812373e+02   1.2812332e+02   1.2812283e+02   1.2812228e+02   1.2812178e+02   1.2812146e+02   1.2812128e+02   1.2812120e+02   1.2812111e+02   1.2812090e+02   1.2812060e+02   1.2812027e+02   1.2812000e+02   1.2811992e+02   1.2811996e+02   1.2812012e+02   1.2812024e+02   1.2812028e+02
   1.2817371e+02   1.2817369e+02   1.2817345e+02   1.2817321e+02   1.2817299e+02   1.2817313e+02   1.2817341e+02   1.2817392e+02   1.2817431e+02   1.2817451e+02   1.2817457e+02   1.2817445e+02   1.2817452e+02   1.2817478e+02   1.2817523e+02   1.2817590e+02   1.2817644e+02   1.2817681e+02   1.2817707e+02   1.2817712e+02   1.2817734e+02   1.2817771e+02   1.2817825e+02   1.2817894e+02   1.2817956e+02   1.2818002e+02   1.2818038e+02   1.2818056e+02   1.2818084e+02   1.2818122e+02   1.2818169e+02   1.2818232e+02   1.2818283e+02   1.2818328e+02   1.2818362e+02   1.2818379e+02   1.2818400e+02   1.2818426e+02   1.2818453e+02   1.2818491e+02   1.2818522e+02   1.2818542e+02   1.2818559e+02   1.2818562e+02   1.2818563e+02   1.2818564e+02   1.2818562e+02   1.2818564e+02   1.2818557e+02   1.2818546e+02   1.2818532e+02   1.2818504e+02   1.2818474e+02   1.2818439e+02   1.2818401e+02   1.2818356e+02   1.2818296e+02   1.2818234e+02   1.2818167e+02   1.2818094e+02   1.2818025e+02   1.2817952e+02   1.2817879e+02   1.2817799e+02   1.2817702e+02   1.2817603e+02   1.2817492e+02   1.2817377e+02   1.2817277e+02   1.2817174e+02   1.2817079e+02   1.2816986e+02   1.2816872e+02   1.2816750e+02   1.2816617e+02   1.2816476e+02   1.2816354e+02   1.2816241e+02   1.2816139e+02   1.2816044e+02   1.2815928e+02   1.2815803e+02   1.2815660e+02   1.2815511e+02   1.2815383e+02   1.2815269e+02   1.2815174e+02   1.2815090e+02   1.2814984e+02   1.2814866e+02   1.2814729e+02   1.2814582e+02   1.2814461e+02   1.2814357e+02   1.2814275e+02   1.2814209e+02   1.2814121e+02   1.2814018e+02   1.2813893e+02   1.2813759e+02   1.2813649e+02   1.2813557e+02   1.2813500e+02   1.2813448e+02   1.2813384e+02   1.2813299e+02   1.2813195e+02   1.2813073e+02   1.2812981e+02   1.2812911e+02   1.2812862e+02   1.2812845e+02   1.2812794e+02   1.2812732e+02   1.2812647e+02   1.2812544e+02   1.2812469e+02   1.2812417e+02   1.2812392e+02   1.2812392e+02   1.2812367e+02   1.2812324e+02   1.2812260e+02   1.2812177e+02   1.2812121e+02   1.2812089e+02   1.2812086e+02   1.2812105e+02   1.2812105e+02   1.2812083e+02   1.2812040e+02   1.2811979e+02   1.2811944e+02   1.2811934e+02   1.2811952e+02   1.2811994e+02   1.2812020e+02   1.2812022e+02
   1.2817374e+02   1.2817370e+02   1.2817349e+02   1.2817299e+02   1.2817289e+02   1.2817289e+02   1.2817328e+02   1.2817390e+02   1.2817431e+02   1.2817453e+02   1.2817457e+02   1.2817435e+02   1.2817434e+02   1.2817463e+02   1.2817511e+02   1.2817588e+02   1.2817648e+02   1.2817689e+02   1.2817710e+02   1.2817709e+02   1.2817723e+02   1.2817763e+02   1.2817818e+02   1.2817900e+02   1.2817967e+02   1.2818016e+02   1.2818051e+02   1.2818061e+02   1.2818081e+02   1.2818123e+02   1.2818174e+02   1.2818245e+02   1.2818307e+02   1.2818349e+02   1.2818381e+02   1.2818393e+02   1.2818408e+02   1.2818436e+02   1.2818470e+02   1.2818515e+02   1.2818551e+02   1.2818573e+02   1.2818586e+02   1.2818582e+02   1.2818581e+02   1.2818583e+02   1.2818589e+02   1.2818597e+02   1.2818595e+02   1.2818583e+02   1.2818563e+02   1.2818531e+02   1.2818496e+02   1.2818463e+02   1.2818434e+02   1.2818394e+02   1.2818336e+02   1.2818271e+02   1.2818195e+02   1.2818115e+02   1.2818045e+02   1.2817973e+02   1.2817907e+02   1.2817833e+02   1.2817736e+02   1.2817632e+02   1.2817511e+02   1.2817389e+02   1.2817284e+02   1.2817184e+02   1.2817100e+02   1.2817012e+02   1.2816895e+02   1.2816770e+02   1.2816622e+02   1.2816473e+02   1.2816353e+02   1.2816238e+02   1.2816150e+02   1.2816063e+02   1.2815944e+02   1.2815811e+02   1.2815658e+02   1.2815498e+02   1.2815371e+02   1.2815260e+02   1.2815175e+02   1.2815100e+02   1.2814992e+02   1.2814867e+02   1.2814719e+02   1.2814562e+02   1.2814441e+02   1.2814339e+02   1.2814269e+02   1.2814213e+02   1.2814123e+02   1.2814014e+02   1.2813882e+02   1.2813733e+02   1.2813621e+02   1.2813541e+02   1.2813482e+02   1.2813450e+02   1.2813382e+02   1.2813293e+02   1.2813177e+02   1.2813047e+02   1.2812950e+02   1.2812883e+02   1.2812850e+02   1.2812832e+02   1.2812795e+02   1.2812723e+02   1.2812630e+02   1.2812517e+02   1.2812437e+02   1.2812388e+02   1.2812373e+02   1.2812382e+02   1.2812362e+02   1.2812316e+02   1.2812243e+02   1.2812150e+02   1.2812089e+02   1.2812060e+02   1.2812063e+02   1.2812095e+02   1.2812096e+02   1.2812075e+02   1.2812026e+02   1.2811953e+02   1.2811912e+02   1.2811903e+02   1.2811928e+02   1.2811983e+02   1.2812012e+02   1.2812018e+02
   1.2817384e+02   1.2817380e+02   1.2817355e+02   1.2817313e+02   1.2817289e+02   1.2817306e+02   1.2817334e+02   1.2817400e+02   1.2817443e+02   1.2817465e+02   1.2817467e+02   1.2817446e+02   1.2817448e+02   1.2817474e+02   1.2817527e+02   1.2817604e+02   1.2817666e+02   1.2817706e+02   1.2817729e+02   1.2817727e+02   1.2817743e+02   1.2817783e+02   1.2817843e+02   1.2817925e+02   1.2817997e+02   1.2818046e+02   1.2818079e+02   1.2818091e+02   1.2818113e+02   1.2818155e+02   1.2818211e+02   1.2818286e+02   1.2818349e+02   1.2818394e+02   1.2818427e+02   1.2818437e+02   1.2818453e+02   1.2818483e+02   1.2818520e+02   1.2818569e+02   1.2818609e+02   1.2818631e+02   1.2818643e+02   1.2818640e+02   1.2818634e+02   1.2818640e+02   1.2818651e+02   1.2818662e+02   1.2818664e+02   1.2818653e+02   1.2818631e+02   1.2818597e+02   1.2818560e+02   1.2818527e+02   1.2818500e+02   1.2818464e+02   1.2818408e+02   1.2818342e+02   1.2818262e+02   1.2818179e+02   1.2818103e+02   1.2818029e+02   1.2817966e+02   1.2817893e+02   1.2817797e+02   1.2817691e+02   1.2817566e+02   1.2817439e+02   1.2817331e+02   1.2817228e+02   1.2817143e+02   1.2817055e+02   1.2816940e+02   1.2816810e+02   1.2816662e+02   1.2816511e+02   1.2816384e+02   1.2816270e+02   1.2816179e+02   1.2816091e+02   1.2815972e+02   1.2815840e+02   1.2815683e+02   1.2815522e+02   1.2815392e+02   1.2815278e+02   1.2815192e+02   1.2815117e+02   1.2815009e+02   1.2814884e+02   1.2814735e+02   1.2814577e+02   1.2814451e+02   1.2814351e+02   1.2814278e+02   1.2814221e+02   1.2814132e+02   1.2814022e+02   1.2813888e+02   1.2813739e+02   1.2813631e+02   1.2813540e+02   1.2813488e+02   1.2813452e+02   1.2813385e+02   1.2813295e+02   1.2813180e+02   1.2813048e+02   1.2812952e+02   1.2812883e+02   1.2812849e+02   1.2812838e+02   1.2812789e+02   1.2812726e+02   1.2812629e+02   1.2812516e+02   1.2812436e+02   1.2812387e+02   1.2812371e+02   1.2812381e+02   1.2812360e+02   1.2812314e+02   1.2812242e+02   1.2812147e+02   1.2812087e+02   1.2812056e+02   1.2812061e+02   1.2812091e+02   1.2812096e+02   1.2812071e+02   1.2812023e+02   1.2811950e+02   1.2811909e+02   1.2811901e+02   1.2811925e+02   1.2811980e+02   1.2812010e+02   1.2812015e+02
   1.2817403e+02   1.2817398e+02   1.2817377e+02   1.2817341e+02   1.2817328e+02   1.2817334e+02   1.2817374e+02   1.2817421e+02   1.2817467e+02   1.2817486e+02   1.2817492e+02   1.2817479e+02   1.2817484e+02   1.2817517e+02   1.2817566e+02   1.2817641e+02   1.2817698e+02   1.2817738e+02   1.2817761e+02   1.2817766e+02   1.2817789e+02   1.2817833e+02   1.2817895e+02   1.2817979e+02   1.2818044e+02   1.2818094e+02   1.2818128e+02   1.2818143e+02   1.2818172e+02   1.2818218e+02   1.2818279e+02   1.2818357e+02   1.2818420e+02   1.2818464e+02   1.2818494e+02   1.2818508e+02   1.2818527e+02   1.2818561e+02   1.2818604e+02   1.2818658e+02   1.2818698e+02   1.2818721e+02   1.2818732e+02   1.2818724e+02   1.2818726e+02   1.2818732e+02   1.2818744e+02   1.2818765e+02   1.2818768e+02   1.2818761e+02   1.2818740e+02   1.2818700e+02   1.2818662e+02   1.2818627e+02   1.2818599e+02   1.2818568e+02   1.2818515e+02   1.2818451e+02   1.2818373e+02   1.2818281e+02   1.2818201e+02   1.2818122e+02   1.2818049e+02   1.2817979e+02   1.2817888e+02   1.2817784e+02   1.2817663e+02   1.2817530e+02   1.2817411e+02   1.2817301e+02   1.2817206e+02   1.2817117e+02   1.2817005e+02   1.2816883e+02   1.2816739e+02   1.2816583e+02   1.2816449e+02   1.2816326e+02   1.2816224e+02   1.2816132e+02   1.2816018e+02   1.2815889e+02   1.2815741e+02   1.2815580e+02   1.2815443e+02   1.2815322e+02   1.2815225e+02   1.2815141e+02   1.2815037e+02   1.2814917e+02   1.2814776e+02   1.2814621e+02   1.2814495e+02   1.2814384e+02   1.2814302e+02   1.2814236e+02   1.2814147e+02   1.2814044e+02   1.2813914e+02   1.2813780e+02   1.2813661e+02   1.2813571e+02   1.2813506e+02   1.2813461e+02   1.2813393e+02   1.2813309e+02   1.2813202e+02   1.2813078e+02   1.2812984e+02   1.2812911e+02   1.2812865e+02   1.2812843e+02   1.2812798e+02   1.2812729e+02   1.2812648e+02   1.2812541e+02   1.2812466e+02   1.2812413e+02   1.2812388e+02   1.2812386e+02   1.2812362e+02   1.2812319e+02   1.2812254e+02   1.2812171e+02   1.2812113e+02   1.2812083e+02   1.2812078e+02   1.2812099e+02   1.2812096e+02   1.2812076e+02   1.2812032e+02   1.2811971e+02   1.2811935e+02   1.2811925e+02   1.2811944e+02   1.2811986e+02   1.2812012e+02   1.2812015e+02
   1.2817420e+02   1.2817417e+02   1.2817408e+02   1.2817392e+02   1.2817390e+02   1.2817400e+02   1.2817421e+02   1.2817469e+02   1.2817482e+02   1.2817512e+02   1.2817525e+02   1.2817532e+02   1.2817554e+02   1.2817583e+02   1.2817633e+02   1.2817684e+02   1.2817733e+02   1.2817772e+02   1.2817803e+02   1.2817831e+02   1.2817867e+02   1.2817914e+02   1.2817974e+02   1.2818038e+02   1.2818097e+02   1.2818145e+02   1.2818188e+02   1.2818225e+02   1.2818268e+02   1.2818318e+02   1.2818376e+02   1.2818438e+02   1.2818492e+02   1.2818539e+02   1.2818580e+02   1.2818611e+02   1.2818649e+02   1.2818681e+02   1.2818718e+02   1.2818759e+02   1.2818791e+02   1.2818819e+02   1.2818838e+02   1.2818852e+02   1.2818861e+02   1.2818868e+02   1.2818875e+02   1.2818880e+02   1.2818880e+02   1.2818874e+02   1.2818867e+02   1.2818844e+02   1.2818814e+02   1.2818779e+02   1.2818735e+02   1.2818689e+02   1.2818629e+02   1.2818567e+02   1.2818503e+02   1.2818425e+02   1.2818344e+02   1.2818261e+02   1.2818172e+02   1.2818081e+02   1.2817986e+02   1.2817883e+02   1.2817775e+02   1.2817655e+02   1.2817533e+02   1.2817420e+02   1.2817300e+02   1.2817189e+02   1.2817077e+02   1.2816955e+02   1.2816828e+02   1.2816689e+02   1.2816549e+02   1.2816420e+02   1.2816296e+02   1.2816180e+02   1.2816066e+02   1.2815941e+02   1.2815811e+02   1.2815667e+02   1.2815526e+02   1.2815399e+02   1.2815278e+02   1.2815173e+02   1.2815066e+02   1.2814951e+02   1.2814828e+02   1.2814696e+02   1.2814562e+02   1.2814450e+02   1.2814344e+02   1.2814254e+02   1.2814165e+02   1.2814060e+02   1.2813963e+02   1.2813836e+02   1.2813725e+02   1.2813628e+02   1.2813543e+02   1.2813472e+02   1.2813402e+02   1.2813320e+02   1.2813231e+02   1.2813135e+02   1.2813039e+02   1.2812964e+02   1.2812903e+02   1.2812849e+02   1.2812801e+02   1.2812743e+02   1.2812664e+02   1.2812595e+02   1.2812518e+02   1.2812465e+02   1.2812425e+02   1.2812394e+02   1.2812365e+02   1.2812324e+02   1.2812273e+02   1.2812217e+02   1.2812167e+02   1.2812133e+02   1.2812117e+02   1.2812107e+02   1.2812099e+02   1.2812076e+02   1.2812048e+02   1.2812013e+02   1.2811986e+02   1.2811977e+02   1.2811982e+02   1.2812000e+02   1.2812010e+02   1.2812016e+02
   1.2817438e+02   1.2817438e+02   1.2817431e+02   1.2817431e+02   1.2817431e+02   1.2817443e+02   1.2817467e+02   1.2817482e+02   1.2817523e+02   1.2817531e+02   1.2817553e+02   1.2817578e+02   1.2817601e+02   1.2817637e+02   1.2817680e+02   1.2817726e+02   1.2817767e+02   1.2817808e+02   1.2817844e+02   1.2817887e+02   1.2817932e+02   1.2817980e+02   1.2818039e+02   1.2818095e+02   1.2818146e+02   1.2818202e+02   1.2818247e+02   1.2818302e+02   1.2818357e+02   1.2818407e+02   1.2818464e+02   1.2818516e+02   1.2818565e+02   1.2818616e+02   1.2818665e+02   1.2818715e+02   1.2818760e+02   1.2818798e+02   1.2818830e+02   1.2818859e+02   1.2818885e+02   1.2818914e+02   1.2818945e+02   1.2818974e+02   1.2818999e+02   1.2819007e+02   1.2819003e+02   1.2818997e+02   1.2818987e+02   1.2818987e+02   1.2818994e+02   1.2818990e+02   1.2818970e+02   1.2818933e+02   1.2818877e+02   1.2818811e+02   1.2818742e+02   1.2818680e+02   1.2818627e+02   1.2818564e+02   1.2818490e+02   1.2818405e+02   1.2818295e+02   1.2818186e+02   1.2818084e+02   1.2817979e+02   1.2817883e+02   1.2817773e+02   1.2817652e+02   1.2817529e+02   1.2817396e+02   1.2817268e+02   1.2817150e+02   1.2817028e+02   1.2816911e+02   1.2816781e+02   1.2816639e+02   1.2816506e+02   1.2816365e+02   1.2816234e+02   1.2816117e+02   1.2815993e+02   1.2815871e+02   1.2815738e+02   1.2815593e+02   1.2815460e+02   1.2815329e+02   1.2815205e+02   1.2815100e+02   1.2814984e+02   1.2814872e+02   1.2814746e+02   1.2814614e+02   1.2814494e+02   1.2814380e+02   1.2814274e+02   1.2814179e+02   1.2814092e+02   1.2813982e+02   1.2813879e+02   1.2813763e+02   1.2813662e+02   1.2813568e+02   1.2813484e+02   1.2813412e+02   1.2813333e+02   1.2813253e+02   1.2813166e+02   1.2813072e+02   1.2812994e+02   1.2812922e+02   1.2812860e+02   1.2812806e+02   1.2812746e+02   1.2812690e+02   1.2812615e+02   1.2812551e+02   1.2812490e+02   1.2812443e+02   1.2812402e+02   1.2812367e+02   1.2812328e+02   1.2812285e+02   1.2812240e+02   1.2812192e+02   1.2812159e+02   1.2812134e+02   1.2812115e+02   1.2812100e+02   1.2812081e+02   1.2812057e+02   1.2812034e+02   1.2812011e+02   1.2812001e+02   1.2812002e+02   1.2812006e+02   1.2812014e+02   1.2812015e+02
   1.2817459e+02   1.2817453e+02   1.2817453e+02   1.2817451e+02   1.2817453e+02   1.2817465e+02   1.2817486e+02   1.2817512e+02   1.2817531e+02   1.2817566e+02   1.2817576e+02   1.2817605e+02   1.2817634e+02   1.2817667e+02   1.2817711e+02   1.2817755e+02   1.2817799e+02   1.2817843e+02   1.2817885e+02   1.2817931e+02   1.2817980e+02   1.2818030e+02   1.2818085e+02   1.2818142e+02   1.2818196e+02   1.2818252e+02   1.2818314e+02   1.2818370e+02   1.2818431e+02   1.2818484e+02   1.2818534e+02   1.2818587e+02   1.2818636e+02   1.2818694e+02   1.2818753e+02   1.2818813e+02   1.2818868e+02   1.2818903e+02   1.2818929e+02   1.2818953e+02   1.2818977e+02   1.2819013e+02   1.2819056e+02   1.2819097e+02   1.2819127e+02   1.2819137e+02   1.2819127e+02   1.2819113e+02   1.2819101e+02   1.2819103e+02   1.2819121e+02   1.2819129e+02   1.2819120e+02   1.2819082e+02   1.2819017e+02   1.2818939e+02   1.2818860e+02   1.2818796e+02   1.2818748e+02   1.2818694e+02   1.2818626e+02   1.2818540e+02   1.2818424e+02   1.2818305e+02   1.2818186e+02   1.2818075e+02   1.2817978e+02   1.2817871e+02   1.2817756e+02   1.2817635e+02   1.2817492e+02   1.2817355e+02   1.2817225e+02   1.2817098e+02   1.2816979e+02   1.2816849e+02   1.2816713e+02   1.2816577e+02   1.2816432e+02   1.2816297e+02   1.2816169e+02   1.2816040e+02   1.2815918e+02   1.2815782e+02   1.2815640e+02   1.2815508e+02   1.2815370e+02   1.2815246e+02   1.2815130e+02   1.2815015e+02   1.2814898e+02   1.2814774e+02   1.2814641e+02   1.2814521e+02   1.2814403e+02   1.2814293e+02   1.2814207e+02   1.2814097e+02   1.2814002e+02   1.2813891e+02   1.2813777e+02   1.2813675e+02   1.2813580e+02   1.2813495e+02   1.2813420e+02   1.2813342e+02   1.2813260e+02   1.2813170e+02   1.2813079e+02   1.2812998e+02   1.2812927e+02   1.2812864e+02   1.2812809e+02   1.2812750e+02   1.2812686e+02   1.2812622e+02   1.2812546e+02   1.2812495e+02   1.2812442e+02   1.2812403e+02   1.2812368e+02   1.2812328e+02   1.2812285e+02   1.2812238e+02   1.2812192e+02   1.2812157e+02   1.2812133e+02   1.2812114e+02   1.2812098e+02   1.2812080e+02   1.2812055e+02   1.2812031e+02   1.2812009e+02   1.2811998e+02   1.2812000e+02   1.2812004e+02   1.2812011e+02   1.2812014e+02
   1.2817473e+02   1.2817473e+02   1.2817464e+02   1.2817457e+02   1.2817457e+02   1.2817467e+02   1.2817492e+02   1.2817525e+02   1.2817553e+02   1.2817576e+02   1.2817607e+02   1.2817616e+02   1.2817647e+02   1.2817679e+02   1.2817724e+02   1.2817776e+02   1.2817825e+02   1.2817876e+02   1.2817921e+02   1.2817967e+02   1.2818013e+02   1.2818063e+02   1.2818118e+02   1.2818178e+02   1.2818240e+02   1.2818306e+02   1.2818368e+02   1.2818436e+02   1.2818495e+02   1.2818547e+02   1.2818599e+02   1.2818647e+02   1.2818705e+02   1.2818769e+02   1.2818840e+02   1.2818909e+02   1.2818964e+02   1.2819005e+02   1.2819026e+02   1.2819043e+02   1.2819068e+02   1.2819108e+02   1.2819158e+02   1.2819215e+02   1.2819255e+02   1.2819267e+02   1.2819252e+02   1.2819224e+02   1.2819211e+02   1.2819214e+02   1.2819241e+02   1.2819271e+02   1.2819267e+02   1.2819233e+02   1.2819165e+02   1.2819068e+02   1.2818975e+02   1.2818907e+02   1.2818859e+02   1.2818819e+02   1.2818762e+02   1.2818677e+02   1.2818557e+02   1.2818417e+02   1.2818286e+02   1.2818168e+02   1.2818063e+02   1.2817964e+02   1.2817855e+02   1.2817731e+02   1.2817591e+02   1.2817442e+02   1.2817300e+02   1.2817161e+02   1.2817032e+02   1.2816905e+02   1.2816772e+02   1.2816641e+02   1.2816502e+02   1.2816357e+02   1.2816221e+02   1.2816083e+02   1.2815945e+02   1.2815808e+02   1.2815670e+02   1.2815539e+02   1.2815410e+02   1.2815284e+02   1.2815165e+02   1.2815035e+02   1.2814910e+02   1.2814777e+02   1.2814647e+02   1.2814531e+02   1.2814417e+02   1.2814324e+02   1.2814216e+02   1.2814111e+02   1.2813998e+02   1.2813880e+02   1.2813764e+02   1.2813667e+02   1.2813581e+02   1.2813502e+02   1.2813429e+02   1.2813343e+02   1.2813250e+02   1.2813153e+02   1.2813057e+02   1.2812982e+02   1.2812918e+02   1.2812863e+02   1.2812812e+02   1.2812748e+02   1.2812673e+02   1.2812597e+02   1.2812525e+02   1.2812465e+02   1.2812431e+02   1.2812393e+02   1.2812367e+02   1.2812323e+02   1.2812270e+02   1.2812214e+02   1.2812162e+02   1.2812129e+02   1.2812112e+02   1.2812103e+02   1.2812095e+02   1.2812073e+02   1.2812042e+02   1.2812007e+02   1.2811979e+02   1.2811970e+02   1.2811976e+02   1.2811992e+02   1.2812006e+02   1.2812010e+02
   1.2817493e+02   1.2817492e+02   1.2817476e+02   1.2817445e+02   1.2817435e+02   1.2817446e+02   1.2817479e+02   1.2817532e+02   1.2817578e+02   1.2817605e+02   1.2817616e+02   1.2817624e+02   1.2817630e+02   1.2817671e+02   1.2817719e+02   1.2817794e+02   1.2817862e+02   1.2817913e+02   1.2817959e+02   1.2817985e+02   1.2818023e+02   1.2818073e+02   1.2818136e+02   1.2818217e+02   1.2818297e+02   1.2818368e+02   1.2818435e+02   1.2818483e+02   1.2818536e+02   1.2818593e+02   1.2818647e+02   1.2818720e+02   1.2818793e+02   1.2818864e+02   1.2818935e+02   1.2818995e+02   1.2819042e+02   1.2819083e+02   1.2819112e+02   1.2819145e+02   1.2819187e+02   1.2819230e+02   1.2819281e+02   1.2819325e+02   1.2819356e+02   1.2819373e+02   1.2819370e+02   1.2819359e+02   1.2819357e+02   1.2819362e+02   1.2819382e+02   1.2819402e+02   1.2819395e+02   1.2819362e+02   1.2819305e+02   1.2819218e+02   1.2819127e+02   1.2819054e+02   1.2818989e+02   1.2818936e+02   1.2818875e+02   1.2818789e+02   1.2818685e+02   1.2818558e+02   1.2818418e+02   1.2818288e+02   1.2818159e+02   1.2818040e+02   1.2817930e+02   1.2817807e+02   1.2817682e+02   1.2817543e+02   1.2817391e+02   1.2817244e+02   1.2817089e+02   1.2816940e+02   1.2816812e+02   1.2816681e+02   1.2816556e+02   1.2816433e+02   1.2816285e+02   1.2816135e+02   1.2815974e+02   1.2815813e+02   1.2815677e+02   1.2815549e+02   1.2815437e+02   1.2815331e+02   1.2815202e+02   1.2815068e+02   1.2814915e+02   1.2814759e+02   1.2814632e+02   1.2814512e+02   1.2814426e+02   1.2814339e+02   1.2814239e+02   1.2814124e+02   1.2813989e+02   1.2813845e+02   1.2813730e+02   1.2813635e+02   1.2813564e+02   1.2813513e+02   1.2813437e+02   1.2813346e+02   1.2813235e+02   1.2813109e+02   1.2813012e+02   1.2812938e+02   1.2812890e+02   1.2812864e+02   1.2812813e+02   1.2812744e+02   1.2812657e+02   1.2812548e+02   1.2812472e+02   1.2812419e+02   1.2812390e+02   1.2812392e+02   1.2812361e+02   1.2812318e+02   1.2812251e+02   1.2812165e+02   1.2812107e+02   1.2812076e+02   1.2812071e+02   1.2812091e+02   1.2812089e+02   1.2812066e+02   1.2812023e+02   1.2811959e+02   1.2811924e+02   1.2811914e+02   1.2811932e+02   1.2811977e+02   1.2812001e+02   1.2812005e+02
   1.2817519e+02   1.2817514e+02   1.2817494e+02   1.2817452e+02   1.2817434e+02   1.2817448e+02   1.2817484e+02   1.2817554e+02   1.2817601e+02   1.2817634e+02   1.2817647e+02   1.2817630e+02   1.2817649e+02   1.2817676e+02   1.2817740e+02   1.2817826e+02   1.2817901e+02   1.2817961e+02   1.2818001e+02   1.2818020e+02   1.2818052e+02   1.2818107e+02   1.2818177e+02   1.2818276e+02   1.2818367e+02   1.2818442e+02   1.2818508e+02   1.2818551e+02   1.2818596e+02   1.2818659e+02   1.2818728e+02   1.2818816e+02   1.2818904e+02   1.2818980e+02   1.2819050e+02   1.2819098e+02   1.2819142e+02   1.2819190e+02   1.2819231e+02   1.2819282e+02   1.2819335e+02   1.2819380e+02   1.2819423e+02   1.2819458e+02   1.2819484e+02   1.2819508e+02   1.2819520e+02   1.2819529e+02   1.2819540e+02   1.2819547e+02   1.2819561e+02   1.2819567e+02   1.2819551e+02   1.2819521e+02   1.2819478e+02   1.2819406e+02   1.2819319e+02   1.2819241e+02   1.2819161e+02   1.2819088e+02   1.2819018e+02   1.2818931e+02   1.2818836e+02   1.2818718e+02   1.2818578e+02   1.2818443e+02   1.2818294e+02   1.2818155e+02   1.2818033e+02   1.2817903e+02   1.2817783e+02   1.2817656e+02   1.2817503e+02   1.2817345e+02   1.2817174e+02   1.2817010e+02   1.2816874e+02   1.2816741e+02   1.2816630e+02   1.2816511e+02   1.2816362e+02   1.2816202e+02   1.2816026e+02   1.2815847e+02   1.2815707e+02   1.2815579e+02   1.2815476e+02   1.2815379e+02   1.2815250e+02   1.2815104e+02   1.2814940e+02   1.2814772e+02   1.2814634e+02   1.2814527e+02   1.2814435e+02   1.2814367e+02   1.2814262e+02   1.2814138e+02   1.2813993e+02   1.2813836e+02   1.2813718e+02   1.2813625e+02   1.2813564e+02   1.2813522e+02   1.2813447e+02   1.2813350e+02   1.2813228e+02   1.2813090e+02   1.2812992e+02   1.2812918e+02   1.2812881e+02   1.2812864e+02   1.2812814e+02   1.2812743e+02   1.2812643e+02   1.2812527e+02   1.2812443e+02   1.2812392e+02   1.2812376e+02   1.2812379e+02   1.2812362e+02   1.2812310e+02   1.2812237e+02   1.2812140e+02   1.2812077e+02   1.2812046e+02   1.2812050e+02   1.2812081e+02   1.2812082e+02   1.2812060e+02   1.2812008e+02   1.2811934e+02   1.2811893e+02   1.2811883e+02   1.2811909e+02   1.2811964e+02   1.2811994e+02   1.2812000e+02
   1.2817547e+02   1.2817544e+02   1.2817520e+02   1.2817478e+02   1.2817463e+02   1.2817474e+02   1.2817517e+02   1.2817583e+02   1.2817637e+02   1.2817667e+02   1.2817679e+02   1.2817671e+02   1.2817676e+02   1.2817725e+02   1.2817780e+02   1.2817877e+02   1.2817955e+02   1.2818011e+02   1.2818056e+02   1.2818073e+02   1.2818109e+02   1.2818171e+02   1.2818252e+02   1.2818355e+02   1.2818452e+02   1.2818530e+02   1.2818593e+02   1.2818637e+02   1.2818688e+02   1.2818760e+02   1.2818843e+02   1.2818943e+02   1.2819039e+02   1.2819117e+02   1.2819184e+02   1.2819235e+02   1.2819277e+02   1.2819333e+02   1.2819392e+02   1.2819451e+02   1.2819513e+02   1.2819560e+02   1.2819597e+02   1.2819625e+02   1.2819647e+02   1.2819679e+02   1.2819712e+02   1.2819735e+02   1.2819759e+02   1.2819771e+02   1.2819778e+02   1.2819781e+02   1.2819756e+02   1.2819727e+02   1.2819692e+02   1.2819627e+02   1.2819548e+02   1.2819467e+02   1.2819377e+02   1.2819292e+02   1.2819207e+02   1.2819111e+02   1.2819022e+02   1.2818907e+02   1.2818773e+02   1.2818630e+02   1.2818467e+02   1.2818315e+02   1.2818171e+02   1.2818029e+02   1.2817909e+02   1.2817779e+02   1.2817629e+02   1.2817471e+02   1.2817294e+02   1.2817122e+02   1.2816973e+02   1.2816833e+02   1.2816716e+02   1.2816597e+02   1.2816449e+02   1.2816288e+02   1.2816104e+02   1.2815922e+02   1.2815771e+02   1.2815635e+02   1.2815529e+02   1.2815432e+02   1.2815302e+02   1.2815158e+02   1.2814991e+02   1.2814813e+02   1.2814679e+02   1.2814552e+02   1.2814467e+02   1.2814392e+02   1.2814286e+02   1.2814164e+02   1.2814015e+02   1.2813858e+02   1.2813736e+02   1.2813639e+02   1.2813578e+02   1.2813534e+02   1.2813459e+02   1.2813363e+02   1.2813238e+02   1.2813102e+02   1.2812999e+02   1.2812927e+02   1.2812886e+02   1.2812867e+02   1.2812820e+02   1.2812746e+02   1.2812648e+02   1.2812529e+02   1.2812447e+02   1.2812393e+02   1.2812376e+02   1.2812384e+02   1.2812357e+02   1.2812313e+02   1.2812235e+02   1.2812140e+02   1.2812076e+02   1.2812045e+02   1.2812048e+02   1.2812078e+02   1.2812081e+02   1.2812056e+02   1.2812006e+02   1.2811932e+02   1.2811890e+02   1.2811881e+02   1.2811906e+02   1.2811960e+02   1.2811992e+02   1.2811996e+02
   1.2817583e+02   1.2817580e+02   1.2817559e+02   1.2817523e+02   1.2817511e+02   1.2817527e+02   1.2817566e+02   1.2817633e+02   1.2817680e+02   1.2817711e+02   1.2817724e+02   1.2817719e+02   1.2817740e+02   1.2817780e+02   1.2817856e+02   1.2817941e+02   1.2818022e+02   1.2818079e+02   1.2818118e+02   1.2818143e+02   1.2818187e+02   1.2818258e+02   1.2818349e+02   1.2818464e+02   1.2818559e+02   1.2818636e+02   1.2818699e+02   1.2818742e+02   1.2818801e+02   1.2818886e+02   1.2818986e+02   1.2819104e+02   1.2819205e+02   1.2819285e+02   1.2819349e+02   1.2819390e+02   1.2819444e+02   1.2819508e+02   1.2819582e+02   1.2819666e+02   1.2819731e+02   1.2819776e+02   1.2819803e+02   1.2819818e+02   1.2819841e+02   1.2819880e+02   1.2819931e+02   1.2819988e+02   1.2820026e+02   1.2820046e+02   1.2820053e+02   1.2820031e+02   1.2820000e+02   1.2819968e+02   1.2819939e+02   1.2819898e+02   1.2819827e+02   1.2819746e+02   1.2819648e+02   1.2819534e+02   1.2819431e+02   1.2819329e+02   1.2819232e+02   1.2819131e+02   1.2819006e+02   1.2818863e+02   1.2818694e+02   1.2818511e+02   1.2818340e+02   1.2818180e+02   1.2818043e+02   1.2817920e+02   1.2817782e+02   1.2817629e+02   1.2817455e+02   1.2817268e+02   1.2817101e+02   1.2816946e+02   1.2816816e+02   1.2816698e+02   1.2816555e+02   1.2816397e+02   1.2816220e+02   1.2816026e+02   1.2815860e+02   1.2815712e+02   1.2815593e+02   1.2815490e+02   1.2815368e+02   1.2815230e+02   1.2815066e+02   1.2814896e+02   1.2814740e+02   1.2814610e+02   1.2814504e+02   1.2814420e+02   1.2814317e+02   1.2814198e+02   1.2814061e+02   1.2813906e+02   1.2813781e+02   1.2813679e+02   1.2813603e+02   1.2813551e+02   1.2813476e+02   1.2813382e+02   1.2813271e+02   1.2813138e+02   1.2813037e+02   1.2812957e+02   1.2812906e+02   1.2812879e+02   1.2812826e+02   1.2812759e+02   1.2812667e+02   1.2812558e+02   1.2812478e+02   1.2812422e+02   1.2812392e+02   1.2812389e+02   1.2812364e+02   1.2812314e+02   1.2812252e+02   1.2812162e+02   1.2812105e+02   1.2812071e+02   1.2812065e+02   1.2812084e+02   1.2812081e+02   1.2812059e+02   1.2812015e+02   1.2811952e+02   1.2811916e+02   1.2811906e+02   1.2811924e+02   1.2811967e+02   1.2811990e+02   1.2811996e+02
   1.2817620e+02   1.2817613e+02   1.2817604e+02   1.2817590e+02   1.2817588e+02   1.2817604e+02   1.2817641e+02   1.2817684e+02   1.2817726e+02   1.2817755e+02   1.2817776e+02   1.2817794e+02   1.2817826e+02   1.2817877e+02   1.2817941e+02   1.2818027e+02   1.2818082e+02   1.2818146e+02   1.2818193e+02   1.2818237e+02   1.2818301e+02   1.2818376e+02   1.2818474e+02   1.2818575e+02   1.2818666e+02   1.2818744e+02   1.2818810e+02   1.2818879e+02   1.2818958e+02   1.2819048e+02   1.2819161e+02   1.2819271e+02   1.2819368e+02   1.2819454e+02   1.2819527e+02   1.2819591e+02   1.2819662e+02   1.2819732e+02   1.2819812e+02   1.2819888e+02   1.2819947e+02   1.2819996e+02   1.2820025e+02   1.2820049e+02   1.2820085e+02   1.2820132e+02   1.2820191e+02   1.2820250e+02   1.2820291e+02   1.2820320e+02   1.2820343e+02   1.2820338e+02   1.2820317e+02   1.2820286e+02   1.2820237e+02   1.2820183e+02   1.2820104e+02   1.2820022e+02   1.2819936e+02   1.2819827e+02   1.2819720e+02   1.2819609e+02   1.2819488e+02   1.2819371e+02   1.2819245e+02   1.2819092e+02   1.2818930e+02   1.2818745e+02   1.2818550e+02   1.2818374e+02   1.2818210e+02   1.2818068e+02   1.2817932e+02   1.2817783e+02   1.2817627e+02   1.2817450e+02   1.2817267e+02   1.2817104e+02   1.2816947e+02   1.2816801e+02   1.2816662e+02   1.2816508e+02   1.2816343e+02   1.2816162e+02   1.2815981e+02   1.2815825e+02   1.2815679e+02   1.2815556e+02   1.2815435e+02   1.2815297e+02   1.2815163e+02   1.2814995e+02   1.2814836e+02   1.2814692e+02   1.2814560e+02   1.2814451e+02   1.2814346e+02   1.2814234e+02   1.2814112e+02   1.2813981e+02   1.2813851e+02   1.2813742e+02   1.2813648e+02   1.2813568e+02   1.2813490e+02   1.2813405e+02   1.2813306e+02   1.2813201e+02   1.2813099e+02   1.2813014e+02   1.2812947e+02   1.2812889e+02   1.2812836e+02   1.2812769e+02   1.2812694e+02   1.2812612e+02   1.2812534e+02   1.2812473e+02   1.2812432e+02   1.2812395e+02   1.2812365e+02   1.2812325e+02   1.2812264e+02   1.2812212e+02   1.2812155e+02   1.2812122e+02   1.2812103e+02   1.2812092e+02   1.2812082e+02   1.2812061e+02   1.2812028e+02   1.2811995e+02   1.2811966e+02   1.2811956e+02   1.2811962e+02   1.2811977e+02   1.2811991e+02   1.2811994e+02
   1.2817649e+02   1.2817650e+02   1.2817644e+02   1.2817644e+02   1.2817648e+02   1.2817666e+02   1.2817698e+02   1.2817733e+02   1.2817767e+02   1.2817799e+02   1.2817825e+02   1.2817862e+02   1.2817901e+02   1.2817955e+02   1.2818022e+02   1.2818082e+02   1.2818158e+02   1.2818205e+02   1.2818269e+02   1.2818333e+02   1.2818405e+02   1.2818489e+02   1.2818582e+02   1.2818677e+02   1.2818762e+02   1.2818850e+02   1.2818931e+02   1.2819019e+02   1.2819119e+02   1.2819216e+02   1.2819321e+02   1.2819427e+02   1.2819518e+02   1.2819616e+02   1.2819708e+02   1.2819801e+02   1.2819899e+02   1.2819972e+02   1.2820040e+02   1.2820103e+02   1.2820149e+02   1.2820199e+02   1.2820244e+02   1.2820294e+02   1.2820349e+02   1.2820401e+02   1.2820455e+02   1.2820503e+02   1.2820539e+02   1.2820579e+02   1.2820631e+02   1.2820660e+02   1.2820660e+02   1.2820626e+02   1.2820557e+02   1.2820466e+02   1.2820364e+02   1.2820278e+02   1.2820210e+02   1.2820124e+02   1.2820030e+02   1.2819917e+02   1.2819768e+02   1.2819616e+02   1.2819465e+02   1.2819307e+02   1.2819154e+02   1.2818973e+02   1.2818772e+02   1.2818581e+02   1.2818387e+02   1.2818220e+02   1.2818076e+02   1.2817927e+02   1.2817784e+02   1.2817617e+02   1.2817438e+02   1.2817266e+02   1.2817083e+02   1.2816919e+02   1.2816767e+02   1.2816607e+02   1.2816450e+02   1.2816277e+02   1.2816095e+02   1.2815928e+02   1.2815770e+02   1.2815627e+02   1.2815498e+02   1.2815375e+02   1.2815233e+02   1.2815083e+02   1.2814916e+02   1.2814760e+02   1.2814613e+02   1.2814483e+02   1.2814376e+02   1.2814264e+02   1.2814153e+02   1.2814031e+02   1.2813902e+02   1.2813787e+02   1.2813682e+02   1.2813588e+02   1.2813510e+02   1.2813422e+02   1.2813335e+02   1.2813240e+02   1.2813136e+02   1.2813050e+02   1.2812971e+02   1.2812902e+02   1.2812844e+02   1.2812780e+02   1.2812712e+02   1.2812641e+02   1.2812564e+02   1.2812502e+02   1.2812449e+02   1.2812407e+02   1.2812368e+02   1.2812326e+02   1.2812284e+02   1.2812230e+02   1.2812185e+02   1.2812144e+02   1.2812121e+02   1.2812099e+02   1.2812083e+02   1.2812062e+02   1.2812038e+02   1.2812013e+02   1.2811990e+02   1.2811979e+02   1.2811980e+02   1.2811983e+02   1.2811991e+02   1.2811993e+02
   1.2817683e+02   1.2817683e+02   1.2817680e+02   1.2817681e+02   1.2817689e+02   1.2817706e+02   1.2817738e+02   1.2817772e+02   1.2817808e+02   1.2817843e+02   1.2817876e+02   1.2817913e+02   1.2817961e+02   1.2818011e+02   1.2818079e+02   1.2818146e+02   1.2818205e+02   1.2818287e+02   1.2818338e+02   1.2818420e+02   1.2818498e+02   1.2818579e+02   1.2818675e+02   1.2818767e+02   1.2818859e+02   1.2818956e+02   1.2819056e+02   1.2819161e+02   1.2819269e+02   1.2819368e+02   1.2819472e+02   1.2819572e+02   1.2819673e+02   1.2819784e+02   1.2819903e+02   1.2820016e+02   1.2820127e+02   1.2820207e+02   1.2820265e+02   1.2820319e+02   1.2820363e+02   1.2820420e+02   1.2820475e+02   1.2820531e+02   1.2820598e+02   1.2820659e+02   1.2820714e+02   1.2820764e+02   1.2820801e+02   1.2820849e+02   1.2820928e+02   1.2820987e+02   1.2821011e+02   1.2820977e+02   1.2820884e+02   1.2820764e+02   1.2820633e+02   1.2820544e+02   1.2820486e+02   1.2820420e+02   1.2820344e+02   1.2820226e+02   1.2820056e+02   1.2819882e+02   1.2819705e+02   1.2819532e+02   1.2819374e+02   1.2819186e+02   1.2818977e+02   1.2818768e+02   1.2818563e+02   1.2818385e+02   1.2818229e+02   1.2818076e+02   1.2817930e+02   1.2817769e+02   1.2817594e+02   1.2817418e+02   1.2817229e+02   1.2817045e+02   1.2816875e+02   1.2816704e+02   1.2816542e+02   1.2816368e+02   1.2816185e+02   1.2816022e+02   1.2815856e+02   1.2815703e+02   1.2815580e+02   1.2815434e+02   1.2815301e+02   1.2815147e+02   1.2814974e+02   1.2814813e+02   1.2814654e+02   1.2814519e+02   1.2814405e+02   1.2814291e+02   1.2814178e+02   1.2814056e+02   1.2813926e+02   1.2813813e+02   1.2813704e+02   1.2813609e+02   1.2813527e+02   1.2813438e+02   1.2813349e+02   1.2813251e+02   1.2813149e+02   1.2813061e+02   1.2812982e+02   1.2812912e+02   1.2812851e+02   1.2812785e+02   1.2812717e+02   1.2812643e+02   1.2812567e+02   1.2812504e+02   1.2812452e+02   1.2812407e+02   1.2812371e+02   1.2812326e+02   1.2812279e+02   1.2812234e+02   1.2812178e+02   1.2812147e+02   1.2812115e+02   1.2812099e+02   1.2812081e+02   1.2812060e+02   1.2812035e+02   1.2812010e+02   1.2811986e+02   1.2811975e+02   1.2811976e+02   1.2811981e+02   1.2811987e+02   1.2811991e+02
