   3.0809639e-01   3.0760242e-01   3.0617423e-01   3.0482821e-01   3.0337419e-01   3.0280269e-01   3.0326702e-01   3.0353311e-01   3.0411313e-01   3.0393043e-01   3.0282974e-01   3.0197082e-01   3.0095882e-01   3.0077557e-01   3.0158285e-01   3.0215201e-01   3.0298133e-01   3.0308028e-01   3.0220968e-01   3.0165534e-01   3.0088857e-01   3.0094950e-01   3.0193877e-01   3.0267827e-01   3.0366594e-01   3.0386518e-01   3.0317860e-01   3.0276518e-01   3.0213420e-01   3.0228098e-01   3.0335840e-01   3.0412306e-01   3.0512338e-01   3.0535922e-01   3.0466859e-01   3.0429688e-01   3.0368008e-01   3.0383239e-01   3.0485963e-01   3.0558490e-01   3.0657437e-01   3.0679815e-01   3.0614913e-01   3.0576952e-01   3.0510491e-01   3.0518026e-01   3.0603801e-01   3.0657087e-01   3.0731557e-01   3.0723657e-01   3.0633736e-01   3.0572434e-01   3.0487995e-01   3.0486700e-01   3.0573329e-01   3.0630902e-01   3.0715192e-01   3.0715778e-01   3.0625931e-01   3.0564436e-01   3.0477491e-01   3.0474688e-01   3.0559209e-01   3.0618506e-01   3.0705477e-01   3.0714224e-01   3.0637143e-01   3.0583716e-01   3.0500669e-01   3.0496080e-01   3.0569664e-01   3.0614460e-01   3.0683931e-01   3.0667384e-01   3.0572831e-01   3.0505060e-01   3.0411474e-01   3.0405684e-01   3.0483977e-01   3.0537853e-01   3.0621004e-01   3.0613730e-01   3.0523026e-01   3.0458317e-01   3.0364270e-01   3.0358514e-01   3.0435957e-01   3.0491365e-01   3.0576229e-01   3.0579230e-01   3.0500227e-01   3.0441767e-01   3.0350627e-01   3.0338079e-01   3.0399520e-01   3.0433500e-01   3.0495004e-01   3.0469516e-01   3.0367875e-01   3.0292211e-01   3.0186203e-01   3.0167714e-01   3.0226152e-01   3.0260790e-01   3.0327532e-01   3.0302429e-01   3.0201135e-01   3.0122921e-01   3.0013786e-01   2.9997146e-01   3.0058239e-01   3.0098056e-01   3.0165252e-01   3.0144630e-01   3.0045475e-01   2.9971059e-01   2.9871566e-01   2.9864515e-01   2.9939862e-01   2.9994175e-01   3.0080291e-01   3.0070027e-01   2.9987181e-01   2.9930231e-01   2.9849552e-01   2.9867206e-01   2.9967401e-01   3.0052339e-01   3.0161426e-01   3.0179440e-01   3.0121673e-01   3.0095097e-01   3.0048764e-01   3.0105467e-01   3.0249646e-01   3.0383207e-01   3.0525198e-01   3.0573805e-01
   3.0760242e-01   3.0674764e-01   3.0501375e-01   3.0345171e-01   3.0159248e-01   3.0112488e-01   3.0181009e-01   3.0233858e-01   3.0327226e-01   3.0294417e-01   3.0165236e-01   3.0058120e-01   2.9918885e-01   2.9909653e-01   3.0013392e-01   3.0096674e-01   3.0214244e-01   3.0211171e-01   3.0105338e-01   3.0025677e-01   2.9913528e-01   2.9924208e-01   3.0050611e-01   3.0148503e-01   3.0278695e-01   3.0293824e-01   3.0200347e-01   3.0138014e-01   3.0038337e-01   3.0059521e-01   3.0191595e-01   3.0293301e-01   3.0425333e-01   3.0441313e-01   3.0351814e-01   3.0291323e-01   3.0195070e-01   3.0214588e-01   3.0342600e-01   3.0440492e-01   3.0570408e-01   3.0586385e-01   3.0499941e-01   3.0437902e-01   3.0339090e-01   3.0348691e-01   3.0463312e-01   3.0539890e-01   3.0641401e-01   3.0633160e-01   3.0515866e-01   3.0432096e-01   3.0315819e-01   3.0317787e-01   3.0431842e-01   3.0513351e-01   3.0626166e-01   3.0622132e-01   3.0508764e-01   3.0424683e-01   3.0305583e-01   3.0304898e-01   3.0417391e-01   3.0500477e-01   3.0617859e-01   3.0621960e-01   3.0520647e-01   3.0443794e-01   3.0329811e-01   3.0325347e-01   3.0430027e-01   3.0498300e-01   3.0591806e-01   3.0579740e-01   3.0454680e-01   3.0363154e-01   3.0241786e-01   3.0234144e-01   3.0344668e-01   3.0421071e-01   3.0527672e-01   3.0524883e-01   3.0405550e-01   3.0317021e-01   3.0195674e-01   3.0186873e-01   3.0296211e-01   3.0373991e-01   3.0486183e-01   3.0489433e-01   3.0383294e-01   3.0301696e-01   3.0181935e-01   3.0167335e-01   3.0261211e-01   3.0319123e-01   3.0402046e-01   3.0382976e-01   3.0250422e-01   3.0149483e-01   3.0018355e-01   2.9995675e-01   3.0088562e-01   3.0146343e-01   3.0233705e-01   3.0215862e-01   3.0082718e-01   2.9979658e-01   2.9846015e-01   2.9823194e-01   2.9920573e-01   2.9981279e-01   3.0073282e-01   3.0057211e-01   2.9927051e-01   2.9828617e-01   2.9701977e-01   2.9690348e-01   2.9800873e-01   2.9879478e-01   2.9984047e-01   2.9986693e-01   2.9869555e-01   2.9786321e-01   2.9682746e-01   2.9691529e-01   2.9829324e-01   2.9935467e-01   3.0063567e-01   3.0095923e-01   3.0003101e-01   2.9950397e-01   2.9882257e-01   2.9928454e-01   3.0113023e-01   3.0268121e-01   3.0439948e-01   3.0525184e-01
   3.0617423e-01   3.0501375e-01   3.0145802e-01   2.9724438e-01   2.9414875e-01   2.9359341e-01   2.9570986e-01   2.9877601e-01   3.0119442e-01   3.0094779e-01   2.9798029e-01   2.9436893e-01   2.9169995e-01   2.9154132e-01   2.9398624e-01   2.9734653e-01   3.0005641e-01   3.0010536e-01   2.9740730e-01   2.9409062e-01   2.9164593e-01   2.9172100e-01   2.9432543e-01   2.9784536e-01   3.0070375e-01   3.0089487e-01   2.9840615e-01   2.9520978e-01   2.9291838e-01   2.9306529e-01   2.9574302e-01   2.9929272e-01   3.0216803e-01   3.0239243e-01   2.9988473e-01   2.9674140e-01   2.9446736e-01   2.9462040e-01   2.9726681e-01   3.0077390e-01   3.0363888e-01   3.0384702e-01   3.0136114e-01   2.9823030e-01   2.9589311e-01   2.9596502e-01   2.9845987e-01   3.0175079e-01   3.0434680e-01   3.0428562e-01   3.0155059e-01   2.9815253e-01   2.9567621e-01   2.9565503e-01   2.9813712e-01   3.0149943e-01   3.0418358e-01   3.0417535e-01   3.0143780e-01   2.9805319e-01   2.9555815e-01   2.9554177e-01   2.9802188e-01   3.0139634e-01   3.0412084e-01   3.0417662e-01   3.0155580e-01   2.9827243e-01   2.9579015e-01   2.9574829e-01   2.9814356e-01   3.0134120e-01   3.0387898e-01   3.0373989e-01   3.0093616e-01   2.9748149e-01   2.9492147e-01   2.9485924e-01   2.9727215e-01   3.0057660e-01   3.0323785e-01   3.0317427e-01   3.0042663e-01   2.9700153e-01   2.9445726e-01   2.9441465e-01   2.9682051e-01   3.0015171e-01   3.0282554e-01   3.0283382e-01   3.0019744e-01   2.9686693e-01   2.9433091e-01   2.9421381e-01   2.9649687e-01   2.9957578e-01   3.0201576e-01   3.0177405e-01   2.9889083e-01   2.9536655e-01   2.9270035e-01   2.9251841e-01   2.9475195e-01   2.9785599e-01   3.0032834e-01   3.0008519e-01   2.9720868e-01   2.9366044e-01   2.9097912e-01   2.9081551e-01   2.9307781e-01   2.9624016e-01   2.9870317e-01   2.9850375e-01   2.9565357e-01   2.9214798e-01   2.8954972e-01   2.8946663e-01   2.9188666e-01   2.9517403e-01   2.9784913e-01   2.9779574e-01   2.9510048e-01   2.9175921e-01   2.8932681e-01   2.8947986e-01   2.9212647e-01   2.9570946e-01   2.9865347e-01   2.9889693e-01   2.9649366e-01   2.9344878e-01   2.9134548e-01   2.9189565e-01   2.9496864e-01   2.9914937e-01   3.0268094e-01   3.0383191e-01
   3.0482821e-01   3.0345171e-01   2.9724438e-01   2.8733133e-01   2.8227999e-01   2.8178344e-01   2.8582229e-01   2.9458265e-01   2.9922354e-01   2.9897157e-01   2.9372990e-01   2.8443982e-01   2.7988484e-01   2.7976194e-01   2.8410657e-01   2.9315617e-01   2.9811436e-01   2.9814604e-01   2.9324633e-01   2.8419000e-01   2.7986714e-01   2.7993254e-01   2.8442546e-01   2.9363811e-01   2.9876168e-01   2.9896745e-01   2.9422229e-01   2.8535761e-01   2.8111208e-01   2.8127641e-01   2.8583901e-01   2.9509612e-01   3.0025140e-01   3.0048636e-01   2.9575825e-01   2.8687454e-01   2.8265811e-01   2.8281552e-01   2.8736273e-01   2.9661141e-01   3.0176482e-01   3.0197734e-01   2.9726011e-01   2.8835235e-01   2.8408178e-01   2.8413803e-01   2.8855450e-01   2.9759173e-01   3.0245965e-01   3.0240997e-01   2.9738329e-01   2.8827803e-01   2.8385735e-01   2.8384232e-01   2.8824229e-01   2.9732736e-01   3.0227244e-01   3.0225855e-01   2.9727392e-01   2.8815394e-01   2.8374177e-01   2.8373481e-01   2.8813993e-01   2.9723715e-01   3.0223622e-01   3.0228725e-01   2.9741499e-01   2.8837130e-01   2.8398129e-01   2.8394242e-01   2.8825623e-01   2.9721318e-01   3.0199232e-01   3.0185303e-01   2.9677027e-01   2.8760442e-01   2.8313345e-01   2.8306859e-01   2.8740310e-01   2.9642977e-01   3.0132473e-01   3.0126295e-01   2.9625541e-01   2.8712982e-01   2.8268376e-01   2.8263993e-01   2.8699037e-01   2.9600540e-01   3.0095532e-01   3.0094922e-01   2.9604704e-01   2.8700087e-01   2.8256052e-01   2.8246261e-01   2.8667379e-01   2.9549854e-01   3.0015377e-01   2.9990550e-01   2.9474384e-01   2.8551524e-01   2.8096389e-01   2.8078002e-01   2.8494830e-01   2.9375459e-01   2.9843187e-01   2.9817780e-01   2.9303407e-01   2.8381690e-01   2.7926743e-01   2.7908833e-01   2.8329191e-01   2.9208624e-01   2.9678682e-01   2.9657177e-01   2.9147358e-01   2.8231401e-01   2.7784410e-01   2.7777088e-01   2.8205666e-01   2.9104286e-01   2.9590238e-01   2.9586594e-01   2.9093859e-01   2.8194986e-01   2.7763257e-01   2.7775082e-01   2.8227000e-01   2.9148950e-01   2.9669093e-01   2.9693878e-01   2.9233096e-01   2.8363294e-01   2.7962238e-01   2.8011507e-01   2.8512699e-01   2.9496781e-01   3.0112885e-01   3.0249438e-01
   3.0337419e-01   3.0159248e-01   2.9414875e-01   2.8227999e-01   2.7607723e-01   2.7561497e-01   2.8076409e-01   2.9138445e-01   2.9718124e-01   2.9686386e-01   2.9051999e-01   2.7939595e-01   2.7368518e-01   2.7363515e-01   2.7907821e-01   2.8998631e-01   2.9610062e-01   2.9609593e-01   2.9008303e-01   2.7920221e-01   2.7369373e-01   2.7381151e-01   2.7941217e-01   2.9048226e-01   2.9677693e-01   2.9694359e-01   2.9112104e-01   2.8037802e-01   2.7499996e-01   2.7519397e-01   2.8087762e-01   2.9199939e-01   2.9832497e-01   2.9853035e-01   2.9269827e-01   2.8194595e-01   2.7655975e-01   2.7676427e-01   2.8245277e-01   2.9359088e-01   2.9991322e-01   3.0011934e-01   2.9426539e-01   2.8350255e-01   2.7803757e-01   2.7810866e-01   2.8365923e-01   2.9456660e-01   3.0059391e-01   3.0052212e-01   2.9436960e-01   2.8336710e-01   2.7779953e-01   2.7777369e-01   2.8329694e-01   2.9425534e-01   3.0034255e-01   3.0031212e-01   2.9420433e-01   2.8321641e-01   2.7765641e-01   2.7768053e-01   2.8322081e-01   2.9420061e-01   3.0035301e-01   3.0040131e-01   2.9438212e-01   2.8348597e-01   2.7793644e-01   2.7789920e-01   2.8337669e-01   2.9418655e-01   3.0010691e-01   2.9996715e-01   2.9372861e-01   2.8268366e-01   2.7708518e-01   2.7699186e-01   2.8247642e-01   2.9336736e-01   2.9937805e-01   2.9932910e-01   2.9318032e-01   2.8218854e-01   2.7662867e-01   2.7659930e-01   2.8209472e-01   2.9300013e-01   2.9906754e-01   2.9908091e-01   2.9302318e-01   2.8211704e-01   2.7655296e-01   2.7644276e-01   2.8184509e-01   2.9251548e-01   2.9829780e-01   2.9805388e-01   2.9173052e-01   2.8062289e-01   2.7494151e-01   2.7471428e-01   2.8004473e-01   2.9070963e-01   2.9648200e-01   2.9625478e-01   2.8994888e-01   2.7888114e-01   2.7321895e-01   2.7301342e-01   2.7834324e-01   2.8900073e-01   2.9477284e-01   2.9459530e-01   2.8833311e-01   2.7733158e-01   2.7176187e-01   2.7163843e-01   2.7710178e-01   2.8789937e-01   2.9386357e-01   2.9386300e-01   2.8778805e-01   2.7695487e-01   2.7154747e-01   2.7159473e-01   2.7726071e-01   2.8830099e-01   2.9459595e-01   2.9490964e-01   2.8915303e-01   2.7860993e-01   2.7349825e-01   2.7395477e-01   2.8011258e-01   2.9189206e-01   2.9928020e-01   3.0104931e-01
   3.0280269e-01   3.0112488e-01   2.9359341e-01   2.8178344e-01   2.7561497e-01   2.7508035e-01   2.8028457e-01   2.9087710e-01   2.9661305e-01   2.9638332e-01   2.8996989e-01   2.7889360e-01   2.7323580e-01   2.7310771e-01   2.7863880e-01   2.8949405e-01   2.9558725e-01   2.9563955e-01   2.8958835e-01   2.7875538e-01   2.7329852e-01   2.7335952e-01   2.7903058e-01   2.9005173e-01   2.9632254e-01   2.9656595e-01   2.9068469e-01   2.8001151e-01   2.7466174e-01   2.7484510e-01   2.8059042e-01   2.9168594e-01   2.9800084e-01   2.9826374e-01   2.9237782e-01   2.8167851e-01   2.7630531e-01   2.7647981e-01   2.8225793e-01   2.9336637e-01   2.9972781e-01   2.9998807e-01   2.9409879e-01   2.8336114e-01   2.7789751e-01   2.7792935e-01   2.8352403e-01   2.9438704e-01   3.0041015e-01   3.0034996e-01   2.9412238e-01   2.8314343e-01   2.7754312e-01   2.7749945e-01   2.8306072e-01   2.9398138e-01   3.0007027e-01   3.0006671e-01   2.9392042e-01   2.8296918e-01   2.7739680e-01   2.7738888e-01   2.8298576e-01   2.9394120e-01   3.0013408e-01   3.0021124e-01   2.9417623e-01   2.8331959e-01   2.7775260e-01   2.7771498e-01   2.8320838e-01   2.9397667e-01   2.9991244e-01   2.9974216e-01   2.9346305e-01   2.8244252e-01   2.7678642e-01   2.7672473e-01   2.8221923e-01   2.9307143e-01   2.9911954e-01   2.9904342e-01   2.9289353e-01   2.8194014e-01   2.7634258e-01   2.7633031e-01   2.8185702e-01   2.9273765e-01   2.9887877e-01   2.9888030e-01   2.9282849e-01   2.8196780e-01   2.7636028e-01   2.7629056e-01   2.8168932e-01   2.9233359e-01   2.9815095e-01   2.9785353e-01   2.9149139e-01   2.8041615e-01   2.7464668e-01   2.7444843e-01   2.7976681e-01   2.9037764e-01   2.9620327e-01   2.9591992e-01   2.8962537e-01   2.7858454e-01   2.7286330e-01   2.7266801e-01   2.7796967e-01   2.8855925e-01   2.9438719e-01   2.9413456e-01   2.8789748e-01   2.7694425e-01   2.7130654e-01   2.7123973e-01   2.7665195e-01   2.8740184e-01   2.9340402e-01   2.9334672e-01   2.8729352e-01   2.7651291e-01   2.7101976e-01   2.7114366e-01   2.7675796e-01   2.8775036e-01   2.9411469e-01   2.9434015e-01   2.8864559e-01   2.7813044e-01   2.7296256e-01   2.7349391e-01   2.7961501e-01   2.9133715e-01   2.9881207e-01   3.0047711e-01
   3.0326702e-01   3.0181009e-01   2.9570986e-01   2.8582229e-01   2.8076409e-01   2.8028457e-01   2.8425338e-01   2.9297205e-01   2.9760589e-01   2.9728853e-01   2.9214974e-01   2.8292130e-01   2.7838990e-01   2.7832939e-01   2.8263695e-01   2.9169812e-01   2.9662985e-01   2.9664409e-01   2.9181007e-01   2.8284215e-01   2.7852626e-01   2.7865747e-01   2.8314819e-01   2.9236602e-01   2.9749351e-01   2.9767540e-01   2.9301216e-01   2.8418728e-01   2.8001085e-01   2.8026141e-01   2.8488129e-01   2.9417147e-01   2.9935666e-01   2.9955331e-01   2.9486146e-01   2.8599821e-01   2.8179550e-01   2.8203804e-01   2.8667040e-01   2.9603674e-01   3.0124182e-01   3.0150972e-01   2.9682034e-01   2.8788274e-01   2.8359008e-01   2.8365865e-01   2.8804322e-01   2.9711367e-01   3.0195653e-01   3.0180425e-01   2.9674829e-01   2.8754119e-01   2.8304802e-01   2.8301711e-01   2.8742482e-01   2.9651967e-01   3.0147211e-01   3.0144152e-01   2.9646569e-01   2.8733356e-01   2.8288752e-01   2.8289725e-01   2.8734132e-01   2.9652795e-01   3.0156700e-01   3.0169121e-01   2.9686097e-01   2.8780123e-01   2.8342237e-01   2.8338084e-01   2.8767824e-01   2.9664733e-01   3.0138121e-01   3.0116729e-01   2.9604388e-01   2.8678725e-01   2.8227467e-01   2.8218894e-01   2.8655250e-01   2.9558585e-01   3.0046846e-01   3.0042199e-01   2.9540813e-01   2.8627521e-01   2.8182225e-01   2.8179262e-01   2.8621153e-01   2.9532255e-01   3.0029886e-01   3.0039584e-01   2.9552132e-01   2.8644701e-01   2.8204196e-01   2.8193128e-01   2.8616345e-01   2.9501341e-01   2.9963781e-01   2.9933498e-01   2.9412588e-01   2.8478497e-01   2.8015345e-01   2.7988702e-01   2.8403974e-01   2.9282376e-01   2.9746274e-01   2.9724708e-01   2.9207719e-01   2.8283273e-01   2.7823011e-01   2.7796757e-01   2.8210295e-01   2.9085474e-01   2.9547400e-01   2.9528277e-01   2.9018265e-01   2.8102276e-01   2.7655763e-01   2.7642117e-01   2.8069994e-01   2.8959726e-01   2.9439061e-01   2.9437203e-01   2.8947231e-01   2.8047530e-01   2.7619616e-01   2.7625441e-01   2.8074926e-01   2.8990734e-01   2.9500527e-01   2.9531892e-01   2.9071879e-01   2.8206326e-01   2.7812454e-01   2.7859919e-01   2.8361895e-01   2.9343165e-01   2.9948613e-01   3.0093115e-01
   3.0353311e-01   3.0233858e-01   2.9877601e-01   2.9458265e-01   2.9138445e-01   2.9087710e-01   2.9297205e-01   2.9600078e-01   2.9840540e-01   2.9815935e-01   2.9524719e-01   2.9168760e-01   2.8901732e-01   2.8891625e-01   2.9142825e-01   2.9474760e-01   2.9751417e-01   2.9756097e-01   2.9492514e-01   2.9169251e-01   2.8926036e-01   2.8938804e-01   2.9208458e-01   2.9558624e-01   2.9849336e-01   2.9872822e-01   2.9626853e-01   2.9318901e-01   2.9092310e-01   2.9119554e-01   2.9400716e-01   2.9763266e-01   3.0055019e-01   3.0080207e-01   2.9831068e-01   2.9521488e-01   2.9292837e-01   2.9317334e-01   2.9601472e-01   2.9963309e-01   3.0264879e-01   3.0296357e-01   3.0054159e-01   2.9740096e-01   2.9502228e-01   2.9509120e-01   2.9759734e-01   3.0086339e-01   3.0340593e-01   3.0320024e-01   3.0033280e-01   2.9681924e-01   2.9416267e-01   2.9413632e-01   2.9668631e-01   3.0007565e-01   3.0278468e-01   3.0276797e-01   3.0000756e-01   2.9658310e-01   2.9398860e-01   2.9397823e-01   2.9660131e-01   3.0006386e-01   3.0292100e-01   3.0310314e-01   3.0054451e-01   2.9728304e-01   2.9478061e-01   2.9473632e-01   2.9714397e-01   3.0031276e-01   3.0278284e-01   3.0251167e-01   2.9957171e-01   2.9602611e-01   2.9331887e-01   2.9324617e-01   2.9575185e-01   2.9908836e-01   3.0176768e-01   3.0170954e-01   2.9893640e-01   2.9548516e-01   2.9287259e-01   2.9283316e-01   2.9541493e-01   2.9885647e-01   3.0165937e-01   3.0181163e-01   2.9923120e-01   2.9593051e-01   2.9338604e-01   2.9327287e-01   2.9559498e-01   2.9868102e-01   3.0105518e-01   3.0070843e-01   2.9767976e-01   2.9405051e-01   2.9119451e-01   2.9092267e-01   2.9316951e-01   2.9622313e-01   2.9868020e-01   2.9841170e-01   2.9549692e-01   2.9187962e-01   2.8906984e-01   2.8878502e-01   2.9102218e-01   2.9406832e-01   2.9650284e-01   2.9626096e-01   2.9336548e-01   2.8988288e-01   2.8719735e-01   2.8706415e-01   2.8947316e-01   2.9267623e-01   2.9528945e-01   2.9523923e-01   2.9249014e-01   2.8919190e-01   2.8669645e-01   2.8679309e-01   2.8944243e-01   2.9297192e-01   2.9586179e-01   2.9610545e-01   2.9371541e-01   2.9071092e-01   2.8863032e-01   2.8913291e-01   2.9230692e-01   2.9646801e-01   3.0000290e-01   3.0118945e-01
   3.0411313e-01   3.0327226e-01   3.0119442e-01   2.9922354e-01   2.9718124e-01   2.9661305e-01   2.9760589e-01   2.9840540e-01   2.9946030e-01   2.9924902e-01   2.9774693e-01   2.9638618e-01   2.9487701e-01   2.9475582e-01   2.9612360e-01   2.9730648e-01   2.9861381e-01   2.9876273e-01   2.9751922e-01   2.9648784e-01   2.9525878e-01   2.9536965e-01   2.9695721e-01   2.9827354e-01   2.9975151e-01   3.0005040e-01   2.9900356e-01   2.9816404e-01   2.9712325e-01   2.9738555e-01   2.9909264e-01   3.0047978e-01   3.0201795e-01   3.0229846e-01   3.0125007e-01   3.0042456e-01   2.9937577e-01   2.9962943e-01   3.0131158e-01   3.0274054e-01   3.0428780e-01   3.0467827e-01   3.0374829e-01   3.0290706e-01   3.0178503e-01   3.0184273e-01   3.0314371e-01   3.0409539e-01   3.0509770e-01   3.0486071e-01   3.0337627e-01   3.0208351e-01   3.0060441e-01   3.0056447e-01   3.0193470e-01   3.0304982e-01   3.0435635e-01   3.0433948e-01   3.0297730e-01   3.0180600e-01   3.0040359e-01   3.0038991e-01   3.0183628e-01   3.0309738e-01   3.0452248e-01   3.0476236e-01   3.0371997e-01   3.0274701e-01   3.0146581e-01   3.0141700e-01   3.0259698e-01   3.0347542e-01   3.0443192e-01   3.0410305e-01   3.0259429e-01   3.0124135e-01   2.9969871e-01   2.9962478e-01   3.0093572e-01   3.0202435e-01   3.0331321e-01   3.0325581e-01   3.0187882e-01   3.0068995e-01   2.9924479e-01   2.9921458e-01   3.0062191e-01   3.0185244e-01   3.0328417e-01   3.0346984e-01   3.0242167e-01   3.0142007e-01   3.0006951e-01   2.9996331e-01   3.0103740e-01   3.0183756e-01   3.0273239e-01   3.0231410e-01   3.0074266e-01   2.9928837e-01   2.9758053e-01   2.9729921e-01   2.9831625e-01   2.9911652e-01   3.0014342e-01   2.9984877e-01   2.9830478e-01   2.9690930e-01   2.9519545e-01   2.9491940e-01   2.9594055e-01   2.9676586e-01   2.9779738e-01   2.9749438e-01   2.9602094e-01   2.9470441e-01   2.9312114e-01   2.9300372e-01   2.9421812e-01   2.9523897e-01   2.9647017e-01   2.9632023e-01   2.9501943e-01   2.9384294e-01   2.9248117e-01   2.9259996e-01   2.9409453e-01   2.9544523e-01   2.9693528e-01   2.9714187e-01   2.9609701e-01   2.9530119e-01   2.9431485e-01   2.9487852e-01   2.9690464e-01   2.9886090e-01   3.0092309e-01   3.0175782e-01
   3.0393043e-01   3.0294417e-01   3.0094779e-01   2.9897157e-01   2.9686386e-01   2.9638332e-01   2.9728853e-01   2.9815935e-01   2.9924902e-01   2.9896982e-01   2.9753259e-01   2.9617923e-01   2.9463779e-01   2.9456997e-01   2.9589630e-01   2.9709896e-01   2.9850257e-01   2.9854998e-01   2.9741875e-01   2.9641589e-01   2.9514754e-01   2.9533177e-01   2.9685330e-01   2.9821600e-01   2.9976347e-01   2.9999308e-01   2.9906705e-01   2.9826450e-01   2.9719836e-01   2.9753372e-01   2.9917277e-01   3.0061807e-01   3.0216866e-01   3.0247556e-01   3.0151889e-01   3.0072034e-01   2.9971261e-01   3.0001079e-01   3.0164278e-01   3.0309922e-01   3.0468900e-01   3.0506070e-01   3.0430738e-01   3.0354044e-01   3.0244329e-01   3.0254302e-01   3.0375291e-01   3.0465211e-01   3.0555302e-01   3.0519492e-01   3.0373048e-01   3.0239378e-01   3.0090928e-01   3.0088699e-01   3.0219048e-01   3.0334162e-01   3.0462437e-01   3.0458490e-01   3.0325722e-01   3.0205851e-01   3.0068810e-01   3.0068941e-01   3.0211925e-01   3.0341734e-01   3.0486582e-01   3.0513750e-01   3.0422591e-01   3.0330721e-01   3.0206990e-01   3.0202157e-01   3.0315627e-01   3.0397751e-01   3.0479962e-01   3.0443546e-01   3.0289712e-01   3.0150425e-01   2.9997809e-01   2.9988738e-01   3.0116736e-01   3.0228432e-01   3.0353630e-01   3.0349917e-01   3.0214316e-01   3.0091286e-01   2.9953257e-01   2.9948441e-01   3.0089873e-01   3.0217633e-01   3.0358853e-01   3.0389490e-01   3.0294511e-01   3.0199362e-01   3.0073118e-01   3.0058437e-01   3.0163406e-01   3.0236315e-01   3.0308619e-01   3.0268518e-01   3.0107262e-01   2.9958856e-01   2.9792926e-01   2.9760268e-01   2.9858087e-01   2.9935795e-01   3.0029540e-01   2.9997709e-01   2.9842061e-01   2.9696673e-01   2.9531935e-01   2.9497073e-01   2.9601942e-01   2.9680811e-01   2.9772417e-01   2.9749083e-01   2.9594728e-01   2.9458733e-01   2.9306673e-01   2.9287772e-01   2.9413222e-01   2.9512515e-01   2.9624768e-01   2.9619834e-01   2.9480360e-01   2.9360608e-01   2.9228669e-01   2.9235052e-01   2.9387994e-01   2.9522269e-01   2.9664766e-01   2.9692664e-01   2.9584334e-01   2.9497815e-01   2.9407855e-01   2.9455462e-01   2.9664675e-01   2.9860812e-01   3.0059084e-01   3.0156883e-01
   3.0282974e-01   3.0165236e-01   2.9798029e-01   2.9372990e-01   2.9051999e-01   2.8996989e-01   2.9214974e-01   2.9524719e-01   2.9774693e-01   2.9753259e-01   2.9459942e-01   2.9102211e-01   2.8833816e-01   2.8823432e-01   2.9078035e-01   2.9421302e-01   2.9704742e-01   2.9719695e-01   2.9458368e-01   2.9137759e-01   2.8899174e-01   2.8912591e-01   2.9186947e-01   2.9544184e-01   2.9843850e-01   2.9877500e-01   2.9638429e-01   2.9341824e-01   2.9121220e-01   2.9149292e-01   2.9433253e-01   2.9796667e-01   3.0099142e-01   3.0139366e-01   2.9907977e-01   2.9612018e-01   2.9396843e-01   2.9425674e-01   2.9704839e-01   3.0069395e-01   3.0378162e-01   3.0422900e-01   3.0208284e-01   2.9924806e-01   2.9702039e-01   2.9707015e-01   2.9947021e-01   3.0243284e-01   3.0465295e-01   3.0432192e-01   3.0130413e-01   2.9776423e-01   2.9514505e-01   2.9506392e-01   2.9753567e-01   3.0087547e-01   3.0352547e-01   3.0350025e-01   3.0077157e-01   2.9737891e-01   2.9486546e-01   2.9489541e-01   2.9748341e-01   3.0097883e-01   3.0394362e-01   3.0423715e-01   3.0194533e-01   2.9895755e-01   2.9656266e-01   2.9651493e-01   2.9881190e-01   3.0170151e-01   3.0389498e-01   3.0350187e-01   3.0044242e-01   2.9685192e-01   2.9417260e-01   2.9405814e-01   2.9648482e-01   2.9979140e-01   3.0243659e-01   3.0238002e-01   2.9965260e-01   2.9623811e-01   2.9369698e-01   2.9371146e-01   2.9626050e-01   2.9973663e-01   3.0269490e-01   3.0296980e-01   3.0070458e-01   2.9769538e-01   2.9525143e-01   2.9515705e-01   2.9733568e-01   3.0012819e-01   3.0223346e-01   3.0175671e-01   2.9865277e-01   2.9499016e-01   2.9217848e-01   2.9186548e-01   2.9398366e-01   2.9691057e-01   2.9919959e-01   2.9878588e-01   2.9576489e-01   2.9213513e-01   2.8929602e-01   2.8900395e-01   2.9118550e-01   2.9412742e-01   2.9649882e-01   2.9615992e-01   2.9317765e-01   2.8962273e-01   2.8688988e-01   2.8675050e-01   2.8911656e-01   2.9229824e-01   2.9489279e-01   2.9474442e-01   2.9192745e-01   2.8851751e-01   2.8598617e-01   2.8608715e-01   2.8875121e-01   2.9230079e-01   2.9521470e-01   2.9542751e-01   2.9294468e-01   2.8986956e-01   2.8770435e-01   2.8824967e-01   2.9143601e-01   2.9565601e-01   2.9930083e-01   3.0047007e-01
   3.0197082e-01   3.0058120e-01   2.9436893e-01   2.8443982e-01   2.7939595e-01   2.7889360e-01   2.8292130e-01   2.9168760e-01   2.9638618e-01   2.9617923e-01   2.9102211e-01   2.8180382e-01   2.7731688e-01   2.7725865e-01   2.8162991e-01   2.9074806e-01   2.9581605e-01   2.9597845e-01   2.9120572e-01   2.8229880e-01   2.7809187e-01   2.7825551e-01   2.8281301e-01   2.9211628e-01   2.9737740e-01   2.9775241e-01   2.9320466e-01   2.8450875e-01   2.8044158e-01   2.8073343e-01   2.8539150e-01   2.9477839e-01   3.0009850e-01   3.0052701e-01   2.9604742e-01   2.8738851e-01   2.8339073e-01   2.8373931e-01   2.8841097e-01   2.9789723e-01   3.0332368e-01   3.0382340e-01   2.9950474e-01   2.9087159e-01   2.8673618e-01   2.8678738e-01   2.9106284e-01   2.9980367e-01   3.0421193e-01   3.0383538e-01   2.9848991e-01   2.8910131e-01   2.8457085e-01   2.8442575e-01   2.8871569e-01   2.9775509e-01   3.0263686e-01   3.0260143e-01   2.9764718e-01   2.8854250e-01   2.8421598e-01   2.8431280e-01   2.8880609e-01   2.9814564e-01   3.0342460e-01   3.0375185e-01   2.9928663e-01   2.9049872e-01   2.8622967e-01   2.8618375e-01   2.9036352e-01   2.9904849e-01   3.0340121e-01   3.0296737e-01   2.9758559e-01   2.8816297e-01   2.8359405e-01   2.8341615e-01   2.8765824e-01   2.9666188e-01   3.0151437e-01   3.0146179e-01   2.9650442e-01   2.8741309e-01   2.8307090e-01   2.8315296e-01   2.8761095e-01   2.9690902e-01   3.0217517e-01   3.0249318e-01   2.9804708e-01   2.8929407e-01   2.8499371e-01   2.8490162e-01   2.8898174e-01   2.9753494e-01   3.0179694e-01   3.0126668e-01   2.9583715e-01   2.8637355e-01   2.8170109e-01   2.8133060e-01   2.8528408e-01   2.9387407e-01   2.9831095e-01   2.9787073e-01   2.9257087e-01   2.8323163e-01   2.7859023e-01   2.7828967e-01   2.8232133e-01   2.9095152e-01   2.9546370e-01   2.9508679e-01   2.8985871e-01   2.8061477e-01   2.7608474e-01   2.7591761e-01   2.8009105e-01   2.8893275e-01   2.9367035e-01   2.9350801e-01   2.8847718e-01   2.7942387e-01   2.7508245e-01   2.7513977e-01   2.7959130e-01   2.8874259e-01   2.9386164e-01   2.9406636e-01   2.8940411e-01   2.8070202e-01   2.7670392e-01   2.7720204e-01   2.8220845e-01   2.9206332e-01   2.9822925e-01   2.9960914e-01
   3.0095882e-01   2.9918885e-01   2.9169995e-01   2.7988484e-01   2.7368518e-01   2.7323580e-01   2.7838990e-01   2.8901732e-01   2.9487701e-01   2.9463779e-01   2.8833816e-01   2.7731688e-01   2.7169312e-01   2.7169181e-01   2.7721132e-01   2.8818488e-01   2.9445411e-01   2.9458177e-01   2.8869652e-01   2.7795748e-01   2.7257188e-01   2.7281565e-01   2.7853905e-01   2.8974162e-01   2.9624083e-01   2.9660311e-01   2.9094089e-01   2.8038222e-01   2.7511749e-01   2.7544721e-01   2.8127468e-01   2.9257140e-01   2.9913902e-01   2.9958883e-01   2.9396279e-01   2.8343186e-01   2.7830988e-01   2.7874874e-01   2.8468655e-01   2.9622237e-01   3.0298473e-01   3.0353184e-01   2.9810162e-01   2.8757639e-01   2.8218473e-01   2.8224404e-01   2.8768170e-01   2.9830758e-01   3.0386554e-01   3.0340013e-01   2.9676950e-01   2.8533121e-01   2.7949922e-01   2.7926054e-01   2.8462357e-01   2.9553614e-01   3.0160773e-01   3.0156323e-01   2.9542028e-01   2.8444859e-01   2.7902795e-01   2.7923107e-01   2.8500507e-01   2.9638175e-01   3.0295878e-01   3.0334701e-01   2.9774523e-01   2.8708305e-01   2.8160200e-01   2.8155550e-01   2.8694716e-01   2.9750265e-01   3.0298354e-01   3.0248262e-01   2.9579997e-01   2.8434420e-01   2.7850107e-01   2.7821870e-01   2.8355379e-01   2.9441408e-01   3.0044458e-01   3.0039583e-01   2.9425012e-01   2.8329639e-01   2.7789180e-01   2.7806941e-01   2.8382262e-01   2.9515640e-01   3.0169729e-01   3.0210030e-01   2.9651178e-01   2.8588975e-01   2.8043960e-01   2.8034366e-01   2.8567083e-01   2.9610369e-01   3.0146523e-01   3.0088515e-01   2.9413044e-01   2.8263522e-01   2.7671036e-01   2.7625346e-01   2.8132500e-01   2.9177102e-01   2.9734406e-01   2.9688312e-01   2.9034666e-01   2.7911477e-01   2.7331802e-01   2.7298239e-01   2.7820325e-01   2.8868159e-01   2.9429901e-01   2.9393506e-01   2.8747844e-01   2.7635436e-01   2.7066830e-01   2.7042438e-01   2.7576834e-01   2.8642663e-01   2.9226801e-01   2.9214135e-01   2.8591799e-01   2.7502586e-01   2.6954754e-01   2.6954693e-01   2.7512969e-01   2.8606732e-01   2.9231961e-01   2.9255865e-01   2.8674225e-01   2.7619629e-01   2.7108048e-01   2.7152690e-01   2.7767942e-01   2.8940498e-01   2.9683776e-01   2.9859380e-01
   3.0077557e-01   2.9909653e-01   2.9154132e-01   2.7976194e-01   2.7363515e-01   2.7310771e-01   2.7832939e-01   2.8891625e-01   2.9475582e-01   2.9456997e-01   2.8823432e-01   2.7725865e-01   2.7169181e-01   2.7168804e-01   2.7727264e-01   2.8825462e-01   2.9450244e-01   2.9471217e-01   2.8877390e-01   2.7808352e-01   2.7276749e-01   2.7298167e-01   2.7881991e-01   2.9003689e-01   2.9656035e-01   2.9701910e-01   2.9130257e-01   2.8077577e-01   2.7557856e-01   2.7587898e-01   2.8179827e-01   2.9308669e-01   2.9967602e-01   3.0014709e-01   2.9447384e-01   2.8399969e-01   2.7894985e-01   2.7958785e-01   2.8576909e-01   2.9749849e-01   3.0445436e-01   3.0514487e-01   2.9968189e-01   2.8915891e-01   2.8376273e-01   2.8374678e-01   2.8920850e-01   2.9980145e-01   3.0531277e-01   3.0477944e-01   2.9790383e-01   2.8628703e-01   2.8027376e-01   2.7977680e-01   2.8507732e-01   2.9588425e-01   3.0194494e-01   3.0190931e-01   2.9576352e-01   2.8488145e-01   2.7954009e-01   2.7995848e-01   2.8592112e-01   2.9747309e-01   3.0425964e-01   3.0475120e-01   2.9916903e-01   2.8853290e-01   2.8304788e-01   2.8299748e-01   2.8838510e-01   2.9890915e-01   3.0436589e-01   3.0375914e-01   2.9686724e-01   2.8523565e-01   2.7920208e-01   2.7870018e-01   2.8394933e-01   2.9471497e-01   3.0074422e-01   3.0068549e-01   2.9455191e-01   2.8370534e-01   2.7836268e-01   2.7879508e-01   2.8472393e-01   2.9623174e-01   3.0301199e-01   3.0348376e-01   2.9794600e-01   2.8736053e-01   2.8189174e-01   2.8186972e-01   2.8719940e-01   2.9762432e-01   3.0301509e-01   3.0229362e-01   2.9534916e-01   2.8366630e-01   2.7750459e-01   2.7685173e-01   2.8185017e-01   2.9223820e-01   2.9785707e-01   2.9737522e-01   2.9081991e-01   2.7960194e-01   2.7371733e-01   2.7341398e-01   2.7856797e-01   2.8901378e-01   2.9468423e-01   2.9422449e-01   2.8774707e-01   2.7661012e-01   2.7081434e-01   2.7060073e-01   2.7587669e-01   2.8648583e-01   2.9237967e-01   2.9217100e-01   2.8597070e-01   2.7507264e-01   2.6952952e-01   2.6953516e-01   2.7505924e-01   2.8595187e-01   2.9224048e-01   2.9242449e-01   2.8663117e-01   2.7612491e-01   2.7094396e-01   2.7146749e-01   2.7754776e-01   2.8923719e-01   2.9673449e-01   2.9840078e-01
   3.0158285e-01   3.0013392e-01   2.9398624e-01   2.8410657e-01   2.7907821e-01   2.7863880e-01   2.8263695e-01   2.9142825e-01   2.9612360e-01   2.9589630e-01   2.9078035e-01   2.8162991e-01   2.7721132e-01   2.7727264e-01   2.8175031e-01   2.9095639e-01   2.9611589e-01   2.9626365e-01   2.9153276e-01   2.8268204e-01   2.7851524e-01   2.7884019e-01   2.8357446e-01   2.9308680e-01   2.9851079e-01   2.9894097e-01   2.9443375e-01   2.8570066e-01   2.8168156e-01   2.8210253e-01   2.8689034e-01   2.9647849e-01   3.0190615e-01   3.0227847e-01   2.9771939e-01   2.8904287e-01   2.8520352e-01   2.8606696e-01   2.9148227e-01   3.0177621e-01   3.0787696e-01   3.0875986e-01   3.0457046e-01   2.9583877e-01   2.9164836e-01   2.9164824e-01   2.9578593e-01   3.0454853e-01   3.0881097e-01   3.0797219e-01   3.0201586e-01   2.9183492e-01   2.8656926e-01   2.8591543e-01   2.8996548e-01   2.9894420e-01   3.0386336e-01   3.0382001e-01   2.9881825e-01   2.8977043e-01   2.8563851e-01   2.8622329e-01   2.9140290e-01   3.0149711e-01   3.0738958e-01   3.0814707e-01   3.0383753e-01   2.9503342e-01   2.9082374e-01   2.9076603e-01   2.9486137e-01   3.0354369e-01   3.0773014e-01   3.0685947e-01   3.0086354e-01   2.9068527e-01   2.8542289e-01   2.8474573e-01   2.8877654e-01   2.9770234e-01   3.0259044e-01   3.0254061e-01   2.9754895e-01   2.8852664e-01   2.8442372e-01   2.8500533e-01   2.9018151e-01   3.0024866e-01   3.0611583e-01   3.0689592e-01   3.0260621e-01   2.9385097e-01   2.8969787e-01   2.8965756e-01   2.9378169e-01   3.0241830e-01   3.0654120e-01   3.0562977e-01   2.9954048e-01   2.8929229e-01   2.8389436e-01   2.8301734e-01   2.8681219e-01   2.9540967e-01   2.9992065e-01   2.9953907e-01   2.9414342e-01   2.8462015e-01   2.7986415e-01   2.7944219e-01   2.8342608e-01   2.9208819e-01   2.9655688e-01   2.9612780e-01   2.9074365e-01   2.8130489e-01   2.7660803e-01   2.7628658e-01   2.8042036e-01   2.8920367e-01   2.9389679e-01   2.9375045e-01   2.8863326e-01   2.7949891e-01   2.7505900e-01   2.7499907e-01   2.7938412e-01   2.8846447e-01   2.9354052e-01   2.9376747e-01   2.8910926e-01   2.8038823e-01   2.7642216e-01   2.7685903e-01   2.8184844e-01   2.9165134e-01   2.9775057e-01   2.9918855e-01
   3.0215201e-01   3.0096674e-01   2.9734653e-01   2.9315617e-01   2.8998631e-01   2.8949405e-01   2.9169812e-01   2.9474760e-01   2.9730648e-01   2.9709896e-01   2.9421302e-01   2.9074806e-01   2.8818488e-01   2.8825462e-01   2.9095639e-01   2.9452823e-01   2.9746487e-01   2.9771273e-01   2.9517105e-01   2.9207662e-01   2.8982764e-01   2.9016835e-01   2.9317421e-01   2.9699063e-01   3.0021470e-01   3.0073624e-01   2.9845684e-01   2.9554321e-01   2.9349722e-01   2.9395722e-01   2.9699414e-01   3.0079850e-01   3.0395213e-01   3.0429026e-01   3.0187888e-01   2.9903619e-01   2.9721979e-01   2.9830002e-01   3.0223295e-01   3.0710273e-01   3.1118029e-01   3.1244719e-01   3.1079062e-01   3.0809329e-01   3.0606760e-01   3.0603948e-01   3.0800065e-01   3.1064735e-01   3.1231575e-01   3.1109291e-01   3.0707368e-01   3.0232433e-01   2.9855874e-01   2.9771432e-01   2.9981070e-01   3.0292607e-01   3.0566294e-01   3.0561450e-01   3.0280072e-01   2.9958796e-01   2.9739987e-01   2.9815401e-01   3.0182096e-01   3.0648223e-01   3.1041972e-01   3.1157359e-01   3.0983439e-01   3.0711693e-01   3.0506375e-01   3.0499722e-01   3.0691299e-01   3.0950320e-01   3.1112516e-01   3.0985641e-01   3.0581779e-01   3.0105556e-01   2.9728346e-01   2.9642723e-01   2.9850576e-01   3.0160779e-01   3.0432135e-01   3.0427817e-01   3.0146183e-01   2.9827207e-01   2.9609855e-01   2.9686321e-01   3.0053773e-01   3.0520114e-01   3.0914802e-01   3.1031349e-01   3.0861017e-01   3.0593400e-01   3.0393845e-01   3.0392212e-01   3.0589001e-01   3.0852753e-01   3.1013615e-01   3.0884745e-01   3.0477051e-01   2.9991056e-01   2.9598268e-01   2.9488967e-01   2.9667564e-01   2.9948184e-01   3.0186470e-01   3.0152192e-01   2.9838573e-01   2.9460703e-01   2.9159034e-01   2.9112977e-01   2.9315628e-01   2.9604407e-01   2.9830425e-01   2.9778550e-01   2.9458769e-01   2.9080395e-01   2.8782380e-01   2.8748675e-01   2.8972023e-01   2.9278860e-01   2.9531254e-01   2.9506903e-01   2.9215497e-01   2.8861712e-01   2.8593862e-01   2.8587142e-01   2.8841663e-01   2.9185361e-01   2.9471891e-01   2.9492551e-01   2.9238890e-01   2.8936563e-01   2.8718098e-01   2.8767044e-01   2.9081562e-01   2.9497229e-01   2.9856459e-01   2.9973941e-01
   3.0298133e-01   3.0214244e-01   3.0005641e-01   2.9811436e-01   2.9610062e-01   2.9558725e-01   2.9662985e-01   2.9751417e-01   2.9861381e-01   2.9850257e-01   2.9704742e-01   2.9581605e-01   2.9445411e-01   2.9450244e-01   2.9611589e-01   2.9746487e-01   2.9904152e-01   2.9935363e-01   2.9828661e-01   2.9750216e-01   2.9650670e-01   2.9685222e-01   2.9874346e-01   3.0033977e-01   3.0209937e-01   3.0272982e-01   3.0198476e-01   3.0144707e-01   3.0069980e-01   3.0119681e-01   3.0305207e-01   3.0456490e-01   3.0611927e-01   3.0647826e-01   3.0555393e-01   3.0507627e-01   3.0461028e-01   3.0587234e-01   3.0888798e-01   3.1167379e-01   3.1466790e-01   3.1637191e-01   3.1680799e-01   3.1718828e-01   3.1682921e-01   3.1676391e-01   3.1706460e-01   3.1659773e-01   3.1608761e-01   3.1440187e-01   3.1142258e-01   3.0869061e-01   3.0585539e-01   3.0482619e-01   3.0563549e-01   3.0641853e-01   3.0761270e-01   3.0757730e-01   3.0626649e-01   3.0537830e-01   3.0447222e-01   3.0538744e-01   3.0812715e-01   3.1076426e-01   3.1364984e-01   3.1526889e-01   3.1568056e-01   3.1604017e-01   3.1563502e-01   3.1556074e-01   3.1581180e-01   3.1531674e-01   3.1479027e-01   3.1305536e-01   3.1006201e-01   3.0730903e-01   3.0445100e-01   3.0342759e-01   3.0422103e-01   3.0500684e-01   3.0622574e-01   3.0616608e-01   3.0488029e-01   3.0400130e-01   3.0309789e-01   3.0403962e-01   3.0678858e-01   3.0944935e-01   3.1237035e-01   3.1400122e-01   3.1446107e-01   3.1487585e-01   3.1452418e-01   3.1453984e-01   3.1485099e-01   3.1443465e-01   3.1397130e-01   3.1224955e-01   3.0924746e-01   3.0645427e-01   3.0343242e-01   3.0215780e-01   3.0260767e-01   3.0307305e-01   3.0398663e-01   3.0362650e-01   3.0207951e-01   3.0057467e-01   2.9872795e-01   2.9823152e-01   2.9897256e-01   2.9950675e-01   3.0024808e-01   2.9962544e-01   2.9788174e-01   2.9630067e-01   2.9442549e-01   2.9408572e-01   2.9507502e-01   2.9585692e-01   2.9691886e-01   2.9661084e-01   2.9505211e-01   2.9371557e-01   2.9211810e-01   2.9207295e-01   2.9342583e-01   2.9465069e-01   2.9609556e-01   2.9620853e-01   2.9511967e-01   2.9424438e-01   2.9321171e-01   2.9372247e-01   2.9572104e-01   2.9764837e-01   2.9971794e-01   3.0055085e-01
   3.0308028e-01   3.0211171e-01   3.0010536e-01   2.9814604e-01   2.9609593e-01   2.9563955e-01   2.9664409e-01   2.9756097e-01   2.9876273e-01   2.9854998e-01   2.9719695e-01   2.9597845e-01   2.9458177e-01   2.9471217e-01   2.9626365e-01   2.9771273e-01   2.9935363e-01   2.9968929e-01   2.9874979e-01   2.9801654e-01   2.9703770e-01   2.9747524e-01   2.9929806e-01   3.0097487e-01   3.0281979e-01   3.0342677e-01   3.0291552e-01   3.0247850e-01   3.0177950e-01   3.0235586e-01   3.0415929e-01   3.0565554e-01   3.0717813e-01   3.0745965e-01   3.0661071e-01   3.0615966e-01   3.0577113e-01   3.0716912e-01   3.1033649e-01   3.1352648e-01   3.1693630e-01   3.1935562e-01   3.2071751e-01   3.2179417e-01   3.2211917e-01   3.2207833e-01   3.2160620e-01   3.2042982e-01   3.1901020e-01   3.1644667e-01   3.1303519e-01   3.0990052e-01   3.0681647e-01   3.0573328e-01   3.0647679e-01   3.0727276e-01   3.0848605e-01   3.0841444e-01   3.0710153e-01   3.0618998e-01   3.0531820e-01   3.0631323e-01   3.0927643e-01   3.1231431e-01   3.1565152e-01   3.1808913e-01   3.1941916e-01   3.2048253e-01   3.2079898e-01   3.2071673e-01   3.2023721e-01   3.1903175e-01   3.1758071e-01   3.1502159e-01   3.1156882e-01   3.0841057e-01   3.0532377e-01   3.0421778e-01   3.0498044e-01   3.0578970e-01   3.0700645e-01   3.0697880e-01   3.0566336e-01   3.0476084e-01   3.0391522e-01   3.0491083e-01   3.0791156e-01   3.1097915e-01   3.1433585e-01   3.1683676e-01   3.1820036e-01   3.1931869e-01   3.1973080e-01   3.1972197e-01   3.1935395e-01   3.1824673e-01   3.1686480e-01   3.1443534e-01   3.1102046e-01   3.0782355e-01   3.0464803e-01   3.0324156e-01   3.0361826e-01   3.0406278e-01   3.0490920e-01   3.0462989e-01   3.0311648e-01   3.0162587e-01   2.9983051e-01   2.9925591e-01   2.9995186e-01   3.0039065e-01   3.0090545e-01   3.0030911e-01   2.9848242e-01   2.9682033e-01   2.9501421e-01   2.9458163e-01   2.9555728e-01   2.9629124e-01   2.9722740e-01   2.9690129e-01   2.9527702e-01   2.9384247e-01   2.9230593e-01   2.9217911e-01   2.9356831e-01   2.9478089e-01   2.9612708e-01   2.9634101e-01   2.9515146e-01   2.9424341e-01   2.9324866e-01   2.9370235e-01   2.9573804e-01   2.9768328e-01   2.9967423e-01   3.0063619e-01
