3.790043669066708865e-01 3.785418613330864268e-01 3.774368144558542526e-01 3.758223999955522809e-01 3.743466622860698867e-01 3.737566791106475828e-01 3.740209078175074642e-01 3.745426709332654869e-01 3.747387092484363302e-01 3.744222753434394702e-01 3.736048863890053529e-01 3.723840655221602458e-01 3.713585956520134013e-01 3.712000563344985404e-01 3.718931261667422494e-01 3.727970717182639837e-01 3.733231256333237602e-01 3.733336047375023226e-01 3.728265075564806130e-01 3.719367045647042347e-01 3.712417527146972263e-01 3.713715786016075771e-01 3.723336882663743075e-01 3.734676254705144305e-01 3.741875257108718267e-01 3.743870456593155205e-01 3.740565743523024955e-01 3.733508080093370651e-01 3.728326843315263317e-01 3.731069988301612961e-01 3.741924725527492890e-01 3.754227406138312406e-01 3.762177447291163435e-01 3.764853603232661827e-01 3.762126720564845650e-01 3.755569819511942464e-01 3.750683113456555473e-01 3.753389378430721512e-01 3.763859825377562363e-01 3.775555928285079799e-01 3.782810272927051853e-01 3.784662577640701131e-01 3.781019733973447483e-01 3.773281569145945369e-01 3.766888211404374465e-01 3.767865567934450266e-01 3.776301743501915831e-01 3.785973587513119520e-01 3.791376871378867586e-01 3.791355094268471504e-01 3.785934293755590652e-01 3.776352135677439326e-01 3.768262032118294136e-01 3.768001245366970342e-01 3.775588832379326854e-01 3.784783538325250940e-01 3.789942941859084091e-01 3.789795452240213858e-01 3.784349048793894110e-01 3.774846467532055883e-01 3.766957140552257277e-01 3.766977209935887250e-01 3.774883716023946789e-01 3.784355252909072376e-01 3.789725333433314192e-01 3.789741449445316879e-01 3.784384528633421008e-01 3.774846292044385931e-01 3.766682997474436467e-01 3.766141692477467107e-01 3.773183428190068911e-01 3.781683002309918495e-01 3.786118107359573437e-01 3.785169195194428293e-01 3.778895275463088343e-01 3.768425024033182358e-01 3.759459877135928330e-01 3.758430108040329287e-01 3.765288763120152038e-01 3.773851553399312775e-01 3.778481004689582812e-01 3.777819542128799113e-01 3.771892122583937468e-01 3.761867482342812763e-01 3.753411012622972498e-01 3.752850864262325947e-01 3.760109037358439488e-01 3.768944153622874049e-01 3.773729775623310134e-01 3.773139339221497357e-01 3.767171784135542323e-01 3.756904705056982041e-01 3.747854319954717628e-01 3.746295715843179774e-01 3.752097834480443983e-01 3.759311677288409981e-01 3.762521079218328346e-01 3.760268289712243583e-01 3.752663394676128417e-01 3.740609756386918394e-01 3.729773779947657686e-01 3.726709974924747870e-01 3.731221169967722240e-01 3.737443500734827229e-01 3.739906724504283297e-01 3.737003861210851374e-01 3.728872053550290055e-01 3.716398597679060889e-01 3.705367088357428562e-01 3.702430193332493791e-01 3.707385722227996561e-01 3.714237645881722782e-01 3.717387566987488956e-01 3.715276519182690862e-01 3.708003608003110907e-01 3.696610306439178650e-01 3.686927291014783781e-01 3.685529162923147917e-01 3.692334869978989298e-01 3.701095074959436793e-01 3.706067175125896118e-01 3.705900463761460650e-01 3.700618950214422109e-01 3.691581495402491142e-01 3.684639814895785959e-01 3.686164281001750864e-01 3.696306131094833081e-01 3.708396487013253529e-01 3.716485490285278415e-01 3.719603886515385205e-01 3.717634516811087475e-01 3.712429865075115853e-01 3.709786585949764182e-01 3.715629488657259949e-01 3.730273011426300522e-01 3.746297314373225329e-01 3.757267883502719008e-01 3.761858984085336144e-01
3.785418613330864268e-01 3.779872357841862485e-01 3.766434769468719468e-01 3.747233626552841090e-01 3.730937246144057640e-01 3.725135541855759125e-01 3.729430995025214135e-01 3.737442273127119519e-01 3.741140920828598393e-01 3.737898479281966391e-01 3.727853136122510902e-01 3.712841262909041262e-01 3.701077598346515507e-01 3.699539276635641083e-01 3.708059056040479695e-01 3.719903174792139611e-01 3.726979082299582968e-01 3.727096876788050239e-01 3.720234556357886468e-01 3.708555898279814467e-01 3.700040340195193123e-01 3.701317575401851245e-01 3.712469685830311894e-01 3.726610714808430980e-01 3.735666134204406186e-01 3.737724404678398615e-01 3.732675399115771842e-01 3.722854126193186897e-01 3.716077816176889259e-01 3.718766898854108383e-01 3.731124609787509483e-01 3.746223938539718357e-01 3.756045412861789279e-01 3.758804669878073046e-01 3.754356531103570926e-01 3.745054037921381473e-01 3.738575259815562490e-01 3.741232466166538595e-01 3.753211884091363637e-01 3.767688620274272093e-01 3.776790373231801445e-01 3.778702757968078196e-01 3.773321639523841142e-01 3.762840883758042376e-01 3.754879478820192795e-01 3.755831791363665739e-01 3.765792962993187443e-01 3.778210394024092977e-01 3.785392002608186091e-01 3.785356213126168656e-01 3.778128054239195954e-01 3.765767265381652074e-01 3.756121114277020112e-01 3.755855303394060596e-01 3.764988899908572328e-01 3.776947225565223110e-01 3.783895980326394959e-01 3.783743497239986930e-01 3.776499758128747386e-01 3.764230561069420444e-01 3.754800192481071996e-01 3.754829244972133218e-01 3.764292771726913678e-01 3.776540947110147428e-01 3.783715415496943790e-01 3.783744570754791203e-01 3.776609340571276396e-01 3.764321506856714294e-01 3.754626179335738834e-01 3.754098855985250061e-01 3.762695599611193820e-01 3.773941774775949054e-01 3.780134216717014883e-01 3.779150283898576324e-01 3.771053006326892110e-01 3.757807115082544280e-01 3.747308921155238504e-01 3.746295136163161343e-01 3.754713802798957945e-01 3.766038215406090628e-01 3.772443036346448397e-01 3.771766583258518435e-01 3.764038832069383500e-01 3.751255565555490223e-01 3.741276061253701601e-01 3.740741904306930099e-01 3.749569102711495239e-01 3.761172873123935223e-01 3.767747872026736000e-01 3.767158465106313914e-01 3.759406588128100246e-01 3.746403914064137530e-01 3.735848511681287287e-01 3.734329926682912748e-01 3.741707083207150286e-01 3.751651527598883207e-01 3.756583225392116088e-01 3.754262371567981815e-01 3.744810068334018527e-01 3.729989778394532385e-01 3.717661808580705607e-01 3.714657048921912175e-01 3.720760315882931657e-01 3.729715255867053214e-01 3.733884750406225583e-01 3.730893797858106931e-01 3.720897547954262197e-01 3.705645420318124383e-01 3.693123920100517266e-01 3.690247079378589645e-01 3.696793686634839982e-01 3.706393245940403647e-01 3.711274466452327281e-01 3.709099349070527074e-01 3.699979014309622838e-01 3.685803030845898332e-01 3.674600990895098840e-01 3.673227875983388069e-01 3.681592631743915711e-01 3.693114489843472015e-01 3.699864955799272992e-01 3.699686239761589834e-01 3.692599344760105762e-01 3.680776201732429143e-01 3.672257424311149987e-01 3.673738823877125692e-01 3.685379642635748798e-01 3.700253694579847541e-01 3.710203160822942992e-01 3.713397667355691212e-01 3.709702017365655302e-01 3.701723692391155618e-01 3.697438227502886643e-01 3.703185000102108271e-01 3.719356545757477872e-01 3.738416869517581786e-01 3.751757580622042121e-01 3.757262890145697809e-01
3.774368144558542526e-01 3.766434769468719468e-01 3.745393244889199114e-01 3.715850588737523719e-01 3.696176800271870344e-01 3.690645458648338928e-01 3.698905097519243346e-01 3.716660115380608920e-01 3.726142301674019719e-01 3.722688568565686862e-01 3.706374017363229800e-01 3.681597385841463010e-01 3.666399254841934408e-01 3.664984114822557593e-01 3.677214766616577202e-01 3.698826639751292555e-01 3.711963439361702366e-01 3.712113253348361397e-01 3.699263078263258508e-01 3.677885744274747015e-01 3.665711440081153016e-01 3.666933634739281689e-01 3.681605371417285277e-01 3.705497131005502376e-01 3.720763629794728855e-01 3.722991088267368909e-01 3.712114438046921205e-01 3.692646559248523030e-01 3.682092346870322053e-01 3.684639267590551492e-01 3.700430492282464345e-01 3.725257520380894638e-01 3.741346154249863831e-01 3.744332676802408222e-01 3.734127989691634619e-01 3.715233961859119582e-01 3.704972257255458867e-01 3.707500310210430361e-01 3.722944267819116027e-01 3.747101647223891607e-01 3.762397476253719342e-01 3.764474060645077724e-01 3.753266321795611926e-01 3.733215055042631847e-01 3.721547806968128480e-01 3.722434026888245540e-01 3.735945814918172347e-01 3.757944768113554712e-01 3.771093192334765143e-01 3.771018366929092536e-01 3.757741320672517427e-01 3.735707873031060000e-01 3.722433950620341325e-01 3.722152078871293068e-01 3.734894333521912024e-01 3.756489272999293250e-01 3.769423910561511826e-01 3.769258459793317639e-01 3.756000905131179901e-01 3.734088082929062358e-01 3.721066950865189460e-01 3.721120965525662738e-01 3.734219162371792411e-01 3.756136006866366284e-01 3.769348458811533908e-01 3.769410734546719821e-01 3.756309779483582023e-01 3.734434385428253012e-01 3.721170275789659754e-01 3.720677906554396008e-01 3.732925324797865541e-01 3.753751070761204844e-01 3.765833337169610107e-01 3.764753371551050054e-01 3.750553185377991094e-01 3.727644617137799155e-01 3.713594649402786052e-01 3.712623807917527774e-01 3.724700160338950128e-01 3.745649222982212478e-01 3.757993951423585499e-01 3.757276536874581407e-01 3.743515964607669333e-01 3.721117061856528130e-01 3.707606791889588860e-01 3.707143623531810595e-01 3.719646540307238736e-01 3.740894995972301462e-01 3.753449972949261526e-01 3.752859654614043583e-01 3.739119994913647771e-01 3.716570747676041231e-01 3.702529643372299839e-01 3.701119100733545331e-01 3.712227067254081359e-01 3.731703073802207227e-01 3.742403468426060975e-01 3.739894441618806242e-01 3.724251063874233769e-01 3.699798062613585126e-01 3.684057489599830704e-01 3.681207853997646717e-01 3.691102031435361530e-01 3.709598571739691764e-01 3.719476678008782899e-01 3.716246470895008813e-01 3.700004034213326687e-01 3.675080133745419197e-01 3.659167069321043742e-01 3.656447370519640971e-01 3.666764888935825639e-01 3.685954129030486470e-01 3.696620056165090817e-01 3.694268755169504703e-01 3.678970297967284475e-01 3.655106501136299313e-01 3.640418784763319038e-01 3.639108704712901154e-01 3.651117225956023171e-01 3.672274842832028430e-01 3.684971218932382997e-01 3.684757487547320465e-01 3.671647655851029146e-01 3.650123665218514279e-01 3.637924974391330002e-01 3.639287186815813868e-01 3.654342498122659655e-01 3.678916393851625610e-01 3.695089123657366303e-01 3.698492924505380475e-01 3.689053683438944242e-01 3.671398540815612455e-01 3.663178845531133709e-01 3.668658256588727684e-01 3.688185234035065707e-01 3.717514167088480925e-01 3.738404885460861471e-01 3.746281335630846643e-01
3.758223999955522809e-01 3.747233626552841090e-01 3.715850588737523719e-01 3.676338914475923425e-01 3.655524645167235187e-01 3.650302717456842538e-01 3.660753241455473872e-01 3.687944577429037030e-01 3.704970589215883514e-01 3.701210438267946712e-01 3.676513906621338146e-01 3.642453156982048412e-01 3.625882265716972030e-01 3.624610337473500032e-01 3.638639369639383170e-01 3.669646517374419714e-01 3.690827766737434512e-01 3.691034618652304089e-01 3.670260046477736848e-01 3.639563558337901017e-01 3.625645023004397949e-01 3.626819178185204384e-01 3.643022963123242475e-01 3.676288958318604250e-01 3.699895282867645130e-01 3.702382036596819082e-01 3.683828305355074106e-01 3.655001217345247855e-01 3.642493505203016624e-01 3.644897270385107357e-01 3.662118395530374326e-01 3.696335674112192771e-01 3.720905312369570117e-01 3.724236249096821161e-01 3.706435599998738617e-01 3.678169354382047618e-01 3.665907078542690600e-01 3.668313988090808886e-01 3.685274931777334229e-01 3.718864609000768762e-01 3.742567375587545486e-01 3.744898272005808826e-01 3.725923385767243023e-01 3.696466847246923648e-01 3.682890113446807834e-01 3.683700228257789089e-01 3.698887163869014616e-01 3.730250319755503696e-01 3.751405207646927309e-01 3.751259311468750357e-01 3.729832666413844811e-01 3.698326855681206005e-01 3.683290587641333547e-01 3.682978632434498745e-01 3.697445052382362096e-01 3.728425218184949763e-01 3.749366396063105733e-01 3.749181985443085230e-01 3.727867013316227274e-01 3.696567920065217949e-01 3.681852471003667637e-01 3.681945465308291143e-01 3.696810827370598518e-01 3.728184004678875008e-01 3.749518224944367595e-01 3.749642690596686201e-01 3.728542426403482213e-01 3.697305769508549833e-01 3.682345294234380950e-01 3.681891878986401356e-01 3.695958501619740488e-01 3.726159492010233110e-01 3.746106239306349894e-01 3.744872199191107143e-01 3.722433403170248845e-01 3.690099461492236110e-01 3.674407159522667943e-01 3.673470252868064057e-01 3.687349779245250869e-01 3.717679120677534477e-01 3.737949434541864013e-01 3.737174080881736082e-01 3.715324072222800367e-01 3.683586881589683282e-01 3.668462312136359094e-01 3.668091145754315829e-01 3.682437301575716693e-01 3.713135150317102284e-01 3.733724872070663392e-01 3.733147700858619467e-01 3.711361630474054873e-01 3.679506109648398859e-01 3.663876738112378795e-01 3.662587246354043202e-01 3.675657633632176124e-01 3.704501955204403396e-01 3.722875621066099039e-01 3.720077323475979858e-01 3.696025006353886866e-01 3.662203633573917760e-01 3.645007987425574747e-01 3.642311457958405385e-01 3.654231173182260206e-01 3.682053991459751652e-01 3.699451161460695081e-01 3.695858564271771174e-01 3.671162088490304565e-01 3.636915848205041768e-01 3.619615826253173574e-01 3.617056265397230463e-01 3.629337269835808399e-01 3.657829787454497383e-01 3.676106877785541571e-01 3.673489291150967562e-01 3.649894956113470812e-01 3.616724834287436408e-01 3.600534036127562842e-01 3.599282980797043341e-01 3.613033730205982841e-01 3.643451583783975378e-01 3.664008431296277846e-01 3.663734671393479858e-01 3.642632316882428722e-01 3.611781971148291248e-01 3.597806865519187491e-01 3.599031858034941189e-01 3.615454941037262726e-01 3.649248035160235770e-01 3.673741825908298231e-01 3.677448050013563119e-01 3.660515916612603338e-01 3.633495362490113401e-01 3.623103762021619434e-01 3.628277753809490136e-01 3.648936223884002295e-01 3.688163263265102354e-01 3.719320593587623902e-01 3.730232065899176663e-01
3.743466622860698867e-01 3.730937246144057640e-01 3.696176800271870344e-01 3.655524645167235187e-01 3.634890621045811510e-01 3.629818890837863132e-01 3.640418608532952627e-01 3.668331883024920081e-01 3.687280389083532062e-01 3.683355004005690603e-01 3.656449580104290664e-01 3.621784050806896027e-01 3.605405424824938421e-01 3.604238640459868637e-01 3.618310739097493345e-01 3.650069852580495322e-01 3.673419903353126181e-01 3.673705830893464475e-01 3.650915615099313838e-01 3.619576294744985545e-01 3.605712851091208426e-01 3.606911051578201022e-01 3.623088804058818280e-01 3.657149816142012955e-01 3.683088143070188947e-01 3.685790142238898337e-01 3.665297866078041089e-01 3.635769878551722845e-01 3.623224139416439393e-01 3.625614890930172751e-01 3.642805973516157758e-01 3.677893354972788797e-01 3.704910141767240872e-01 3.708526416457749719e-01 3.688802248839643250e-01 3.659784042580995211e-01 3.647463709661277198e-01 3.649889645493305523e-01 3.666904646389956279e-01 3.701474558726861042e-01 3.727653517729190846e-01 3.730210691218693864e-01 3.709175117954804923e-01 3.678851482860107103e-01 3.665156606838807507e-01 3.665921642474104791e-01 3.681121571323865971e-01 3.713313755898583479e-01 3.736611417862779616e-01 3.736343369346882270e-01 3.712540656725635269e-01 3.680038575570165338e-01 3.664867131296963843e-01 3.664480049217445634e-01 3.678938413164232757e-01 3.710731592746578378e-01 3.733846611471665633e-01 3.733642221839720832e-01 3.710119432785770055e-01 3.677994291584375519e-01 3.663284829535394249e-01 3.663444874222595571e-01 3.678430334932606960e-01 3.710770733575898261e-01 3.734448054248822313e-01 3.734674729034747065e-01 3.711425744651493108e-01 3.679358025917700559e-01 3.664370478527121944e-01 3.663934040966623784e-01 3.678070684410124080e-01 3.709105732606090000e-01 3.731142272173715302e-01 3.729744109204576885e-01 3.704913271828186305e-01 3.671625091753744630e-01 3.655856638533722669e-01 3.654886636857312410e-01 3.668796128909946330e-01 3.699949515630840957e-01 3.722370721056419418e-01 3.721563419706127029e-01 3.697508605835020945e-01 3.664977371441112686e-01 3.649902807970979435e-01 3.649637722591249078e-01 3.664148026669671876e-01 3.695836153537134239e-01 3.718753002034279054e-01 3.718264027919077619e-01 3.694321196968462506e-01 3.661660616097757170e-01 3.646054214212559041e-01 3.644832761101167162e-01 3.658042262793168020e-01 3.687745701528677422e-01 3.708145090251507292e-01 3.705101545957396048e-01 3.678576032839821486e-01 3.643800390918373600e-01 3.626577657095357288e-01 3.623878075039447255e-01 3.635871831198372872e-01 3.664439619202592424e-01 3.683734336930969411e-01 3.679849411310181506e-01 3.652718775419722674e-01 3.617624403427786572e-01 3.600372400224633451e-01 3.597837831977539480e-01 3.610164852653963141e-01 3.639353276262590198e-01 3.659548937987835426e-01 3.656715112670967938e-01 3.630804749392868569e-01 3.596857592184323216e-01 3.580703806736513783e-01 3.579435701870932185e-01 3.593137356655418668e-01 3.624191041335575458e-01 3.646747558771354925e-01 3.646393719636873976e-01 3.623140545397907641e-01 3.591551216850236150e-01 3.577540040539862187e-01 3.578662880006336366e-01 3.594897692328565819e-01 3.629289573949998626e-01 3.655974280714944791e-01 3.659844735249544456e-01 3.641007090453102224e-01 3.613272587288151039e-01 3.602735787833601377e-01 3.607761574313969044e-01 3.628241801641787223e-01 3.668597332482742002e-01 3.703106105062647369e-01 3.715543602917265598e-01
3.737566791106475828e-01 3.725135541855759125e-01 3.690645458648338928e-01 3.650302717456842538e-01 3.629818890837863132e-01 3.624746161939880196e-01 3.635197679516012914e-01 3.662818553649109798e-01 3.681552772076381319e-01 3.677663426832509241e-01 3.651045384265246274e-01 3.616736325004126784e-01 3.600570977738809519e-01 3.599479284456824080e-01 3.613483277745095923e-01 3.645050120840838681e-01 3.668287002417318643e-01 3.668672051011511170e-01 3.646195243903518346e-01 3.615217402388044565e-01 3.601581254934044241e-01 3.602893592646471688e-01 3.619071324686850555e-01 3.653040181023192723e-01 3.678951441031698133e-01 3.681785594799485417e-01 3.661583696061260773e-01 3.632371129945154431e-01 3.620035668345079616e-01 3.622566584444934512e-01 3.639824727699871310e-01 3.674934090651558738e-01 3.702026931478964999e-01 3.705815410721505221e-01 3.686359603280536801e-01 3.657613772406131392e-01 3.645501714523524672e-01 3.648121882368253188e-01 3.665311080089513895e-01 3.700049151110531565e-01 3.726415305293365177e-01 3.729142691048441538e-01 3.708254329425192952e-01 3.678024842347301093e-01 3.664351005316119347e-01 3.665100015864063976e-01 3.680248837611990731e-01 3.712318803444531468e-01 3.735446196944516295e-01 3.734994902040837395e-01 3.711008978787677104e-01 3.678353744895301869e-01 3.663038131024814459e-01 3.662507867821131469e-01 3.676835024746060165e-01 3.708479968401506843e-01 3.731483810153651270e-01 3.731264404284961866e-01 3.707820762352727062e-01 3.675815837368744954e-01 3.661212548511932896e-01 3.661482750936348451e-01 3.676576336208485785e-01 3.709023845364438077e-01 3.732838329325968707e-01 3.733215221987836174e-01 3.710122493668417953e-01 3.678170981084143421e-01 3.663222525824746945e-01 3.662780096074259029e-01 3.676863665622647215e-01 3.707767522057342502e-01 3.729631831460077374e-01 3.728067471418639034e-01 3.703089483741732191e-01 3.669688200958126645e-01 3.653805625871469620e-01 3.652715479472804505e-01 3.666506819055802002e-01 3.697520015586452380e-01 3.719845095991026751e-01 3.719044816142693666e-01 3.695101179241874201e-01 3.662723184522663766e-01 3.647781815260091598e-01 3.647654927769518052e-01 3.662298405542208091e-01 3.694123705961325776e-01 3.717210787159884733e-01 3.716901059549647113e-01 3.693138489190921914e-01 3.660613110186036745e-01 3.645065799905659598e-01 3.643862379521866646e-01 3.657044850070374498e-01 3.686644143569889343e-01 3.706888336242406545e-01 3.703677575783189679e-01 3.676978849292991125e-01 3.642053020141728936e-01 3.624668078974582763e-01 3.621780257125387092e-01 3.633563735749926749e-01 3.661855153558802867e-01 3.680879518865920463e-01 3.676828380914357042e-01 3.649635667639476444e-01 3.614535293301980867e-01 3.597226221531117374e-01 3.594559478247771889e-01 3.606677225215348948e-01 3.635549228707590785e-01 3.655454507912833106e-01 3.652494515048618218e-01 3.626623208166170897e-01 3.592779192375870068e-01 3.576633416912815000e-01 3.575256163141595223e-01 3.588732519102693086e-01 3.619425728755483185e-01 3.641669836218346390e-01 3.641220870800545573e-01 3.618087856622440035e-01 3.586696790628776110e-01 3.572757709324655417e-01 3.573810456282476289e-01 3.589832988581223572e-01 3.623868395016194288e-01 3.650266724256632234e-01 3.654103136361692150e-01 3.635481776581964142e-01 3.608043663422216829e-01 3.597658065290674778e-01 3.602683851771316670e-01 3.623012882929926293e-01 3.663059004966587873e-01 3.697295412339533516e-01 3.709634782742365910e-01
3.740209078175074642e-01 3.729430995025214135e-01 3.698905097519243346e-01 3.660753241455473872e-01 3.640418608532952627e-01 3.635197679516012914e-01 3.645161540491811958e-01 3.670988044361285230e-01 3.687239002880252636e-01 3.683585972743175785e-01 3.659875745025975569e-01 3.627367053297265165e-01 3.611483064533095866e-01 3.610435405733917746e-01 3.624232092009279649e-01 3.654231840592139235e-01 3.674953422320457741e-01 3.675463639774749769e-01 3.655736445144704971e-01 3.626532938702749509e-01 3.613333340721107123e-01 3.614847910195531089e-01 3.631041605993554078e-01 3.663690673672077569e-01 3.687131672142046068e-01 3.690021906076034197e-01 3.672409420054447149e-01 3.644836028127212968e-01 3.632975163457863865e-01 3.635791417522546976e-01 3.653228725520712428e-01 3.687286608907749397e-01 3.712037348032080075e-01 3.715895914705175107e-01 3.698928391314816322e-01 3.671655537575959638e-01 3.660019100870050002e-01 3.663006719288404711e-01 3.680541294141155273e-01 3.714589349123937345e-01 3.738872712210651872e-01 3.741743268864379801e-01 3.723200015274086283e-01 3.694040020009833336e-01 3.680498378435486662e-01 3.681259383532347607e-01 3.696315035527512616e-01 3.727282430027464843e-01 3.747928489490728321e-01 3.747205817885536083e-01 3.725208542806994205e-01 3.693298406382404808e-01 3.677775582559795198e-01 3.677033059736254383e-01 3.691113878826222661e-01 3.721488046417588680e-01 3.742074633947892193e-01 3.741841179846098764e-01 3.720788708401642220e-01 3.690017546407096671e-01 3.675607608348074318e-01 3.676038076927827247e-01 3.691274879020456923e-01 3.722889221513179803e-01 3.744647924866583710e-01 3.745252077795079848e-01 3.724624602126610506e-01 3.693795706393152023e-01 3.678934490144543101e-01 3.678463093202017919e-01 3.692391517800626133e-01 3.722132809558440503e-01 3.741553837208114186e-01 3.739794169609372276e-01 3.716902926875255142e-01 3.684316829208047483e-01 3.668235115763776588e-01 3.666933769945353028e-01 3.680465834836575967e-01 3.710198334733668668e-01 3.730149222021753030e-01 3.729393949563898358e-01 3.707905522152177280e-01 3.676804295882286633e-01 3.662073306686037810e-01 3.662122726066295852e-01 3.676921481952054038e-01 3.707954746216032271e-01 3.729066161842835014e-01 3.729056777859850458e-01 3.707811489250493198e-01 3.676411651834355365e-01 3.660942536457709728e-01 3.659707137743614669e-01 3.672723457583869089e-01 3.701218310108070342e-01 3.719132374755065862e-01 3.715804409138308007e-01 3.691219433102947423e-01 3.657009591438934448e-01 3.639280267166546401e-01 3.636020001571080851e-01 3.647310886686759845e-01 3.674110347102824692e-01 3.690663405794846197e-01 3.686562153988270918e-01 3.661729523890966398e-01 3.627703594190131442e-01 3.610223347583475517e-01 3.607272265285357826e-01 3.618909418334375627e-01 3.646135261959470020e-01 3.663470108398069192e-01 3.660466019432674911e-01 3.637070961067925268e-01 3.604560720895688131e-01 3.588406971488384278e-01 3.586830482236356143e-01 3.599868291574707668e-01 3.628787161031989950e-01 3.648301634710678920e-01 3.647736488469868199e-01 3.627113775528373329e-01 3.597295796304414428e-01 3.583568016957116575e-01 3.584578726955210959e-01 3.600318902176583014e-01 3.632557940967148236e-01 3.656066431594547361e-01 3.659671521930252247e-01 3.643525427430531760e-01 3.617878693707244353e-01 3.607980747125766885e-01 3.613155737585912464e-01 3.633333572575203063e-01 3.671194801543090080e-01 3.701491990313097169e-01 3.712188181433491163e-01
3.745426709332654869e-01 3.737442273127119519e-01 3.716660115380608920e-01 3.687944577429037030e-01 3.668331883024920081e-01 3.662818553649109798e-01 3.670988044361285230e-01 3.687786739506073719e-01 3.696897393577924240e-01 3.693612858692124634e-01 3.678004231160520443e-01 3.654550348637195523e-01 3.639871893749284104e-01 3.638865252907813042e-01 3.651435274274335563e-01 3.672615478945082113e-01 3.685825285364081050e-01 3.686487718172712369e-01 3.674534702692493493e-01 3.654527178958723033e-01 3.643000695375378517e-01 3.644828622426438125e-01 3.660162110307821348e-01 3.684128797474275907e-01 3.699820722176442311e-01 3.702733997633796958e-01 3.692721453079450544e-01 3.674405112380235705e-01 3.664457661797894117e-01 3.667723443272680739e-01 3.684490785733194884e-01 3.709962413605971121e-01 3.726881956133915597e-01 3.730759554230446140e-01 3.721405974459621180e-01 3.703475280646383871e-01 3.693919484447549806e-01 3.697491816729450709e-01 3.714471607965963429e-01 3.740082606245594410e-01 3.756675946208463124e-01 3.759709703845398043e-01 3.748972618253978428e-01 3.729016615700671555e-01 3.717136114453459261e-01 3.717924140492250284e-01 3.731459795007955327e-01 3.753194112065215693e-01 3.765756598933414634e-01 3.764658395238967836e-01 3.750072734870703584e-01 3.726638675724111560e-01 3.711947983900217296e-01 3.710871059326261157e-01 3.723364881519603542e-01 3.744662197028303940e-01 3.757494599670525015e-01 3.757247076889748683e-01 3.743936621844345392e-01 3.722172280548884937e-01 3.709241413894355799e-01 3.709925303031903487e-01 3.724237053645040874e-01 3.747309272082795517e-01 3.761624141714501324e-01 3.762548647994234385e-01 3.749930534720748443e-01 3.728271711788163079e-01 3.714885618340914575e-01 3.714362294518944729e-01 3.726662786279871242e-01 3.747186062737002943e-01 3.758699599214426201e-01 3.756678505813911273e-01 3.741316983815667352e-01 3.717217088443236506e-01 3.701913613801549596e-01 3.700268960090382087e-01 3.712191125141812709e-01 3.732894833000283130e-01 3.745215556863818462e-01 3.744530279423202157e-01 3.730857960350150715e-01 3.708777649228463535e-01 3.695517814259307032e-01 3.695834718197805180e-01 3.709709462972133887e-01 3.732271643452819143e-01 3.746080306279924166e-01 3.746496388586441073e-01 3.733367633932003216e-01 3.711148937131611425e-01 3.697122915651738784e-01 3.695822551326234384e-01 3.707126793240297369e-01 3.726451608674032911e-01 3.736658380175506000e-01 3.733206162120411009e-01 3.716319203278474759e-01 3.690501467341716357e-01 3.673285986390454338e-01 3.669426021991449849e-01 3.678621281938983523e-01 3.696131523407082398e-01 3.705157523804974429e-01 3.701065203487803323e-01 3.684049782694719388e-01 3.658565173005150495e-01 3.641736911242222097e-01 3.638334309800611566e-01 3.648059043048531014e-01 3.666090758051858689e-01 3.675900558918890337e-01 3.672893407002862376e-01 3.657214465257016545e-01 3.633337665076617484e-01 3.618034137414793960e-01 3.616147292173134131e-01 3.627520970691174851e-01 3.647309775987398472e-01 3.659116976922985320e-01 3.658410605781731162e-01 3.645258721676177260e-01 3.624203361464007345e-01 3.611695256686429101e-01 3.612665942522120810e-01 3.627208578811906281e-01 3.650458721697438236e-01 3.665929527741285110e-01 3.669173118615549622e-01 3.660119391507535846e-01 3.643440540355755708e-01 3.635324980014013607e-01 3.640790373602310614e-01 3.660251263531644761e-01 3.688744084983256455e-01 3.709367452117879327e-01 3.717290963517611013e-01
3.747387092484363302e-01 3.741140920828598393e-01 3.726142301674019719e-01 3.704970589215883514e-01 3.687280389083532062e-01 3.681552772076381319e-01 3.687239002880252636e-01 3.696897393577924240e-01 3.701651377660786779e-01 3.698634188913524357e-01 3.687997043986499524e-01 3.671939780429037681e-01 3.659530241576506304e-01 3.658610681241856177e-01 3.669048893721615912e-01 3.683096803936041774e-01 3.691759698039715487e-01 3.692621386986518206e-01 3.685609806446267234e-01 3.673266217167033831e-01 3.664418162849186200e-01 3.666578468653052258e-01 3.679954364915652421e-01 3.696646585451983658e-01 3.707598349208097721e-01 3.710660813282023462e-01 3.705642751976753191e-01 3.695274674815223759e-01 3.688274971518528123e-01 3.691990280421014181e-01 3.706820056264870100e-01 3.724808973135053103e-01 3.736847186331258008e-01 3.740910007786619751e-01 3.736748139375417055e-01 3.727181209427522512e-01 3.720888566625237259e-01 3.725089667726353970e-01 3.740156961873158381e-01 3.758096041230244988e-01 3.769787028168567478e-01 3.773160206541435469e-01 3.767949239116850091e-01 3.756696431363247823e-01 3.747869825099533481e-01 3.748661830600253375e-01 3.759183594117216920e-01 3.772147594419954508e-01 3.779012690883061798e-01 3.777414810498529452e-01 3.767541184200910998e-01 3.751714887436768953e-01 3.739091847895722465e-01 3.737608416324877392e-01 3.747221592679569890e-01 3.760377441898886675e-01 3.768080190111193217e-01 3.767808611719358214e-01 3.759580688342093469e-01 3.745870737641688875e-01 3.735710517169216205e-01 3.736713909211301643e-01 3.748885031226432685e-01 3.764325447063794905e-01 3.773900155604068551e-01 3.775254199908795738e-01 3.768221290934193890e-01 3.755173659995800217e-01 3.744696461752519689e-01 3.744129195394971799e-01 3.753411924164168356e-01 3.765304044815430129e-01 3.771274321765789028e-01 3.768844662570248749e-01 3.758242276407054994e-01 3.741713257920168401e-01 3.728438558224664301e-01 3.726397502234650161e-01 3.735476111551624401e-01 3.748151394875645637e-01 3.755455510776123940e-01 3.754820254656321410e-01 3.746278583141757212e-01 3.732261845075616757e-01 3.721782781699610188e-01 3.722450266083570103e-01 3.734222399659936076e-01 3.749242736829216938e-01 3.758417258291880114e-01 3.759358988179266614e-01 3.751915639242870970e-01 3.738383368892335690e-01 3.727295333125011378e-01 3.725962027709923685e-01 3.734213373953175763e-01 3.744924882234669794e-01 3.749687428087606911e-01 3.745923752454672351e-01 3.733920166066655444e-01 3.715699452321176710e-01 3.700349525371979809e-01 3.695854800485479097e-01 3.701808884003873201e-01 3.711052229689175141e-01 3.714961425409530893e-01 3.710707850128834862e-01 3.698550793670374315e-01 3.680482976366057923e-01 3.665563314649279425e-01 3.661715180967444194e-01 3.668523131968753903e-01 3.678695461764379115e-01 3.683573701691726932e-01 3.680433340026937339e-01 3.669469591824219834e-01 3.652805334567152951e-01 3.639440429004229816e-01 3.637227187207095480e-01 3.645950410355077720e-01 3.658154177568933019e-01 3.665072878944095058e-01 3.664178231974667410e-01 3.655542305913659917e-01 3.641562309918060514e-01 3.631167039264076579e-01 3.632054639548008557e-01 3.644352328496733295e-01 3.660274761766560414e-01 3.670820029801080686e-01 3.673802261467544183e-01 3.669073246306032710e-01 3.659474778486912494e-01 3.653821500695150770e-01 3.659501181955471250e-01 3.677058557830424346e-01 3.698073472172860310e-01 3.712960233779106778e-01 3.719160460907688370e-01
3.744222753434394702e-01 3.737898479281966391e-01 3.722688568565686862e-01 3.701210438267946712e-01 3.683355004005690603e-01 3.677663426832509241e-01 3.683585972743175785e-01 3.693612858692124634e-01 3.698634188913524357e-01 3.695739147374175193e-01 3.685074945730689167e-01 3.668902495135624164e-01 3.656484915622839060e-01 3.655714538770772348e-01 3.666462154950738683e-01 3.680924607628916490e-01 3.689938957870002034e-01 3.691070978818783987e-01 3.684246593424897465e-01 3.672051142938247970e-01 3.663391282473169031e-01 3.665790879036424088e-01 3.679462156427072417e-01 3.696482817181761527e-01 3.707758995715887962e-01 3.711165868877678298e-01 3.706505204789370400e-01 3.696523543179083826e-01 3.689864213341218502e-01 3.693847836467443191e-01 3.708888893690347466e-01 3.727059074913555703e-01 3.739371640475721570e-01 3.743870980808875482e-01 3.740303797905132344e-01 3.731480721636654119e-01 3.725838834281021139e-01 3.730502507165741610e-01 3.745839170419575370e-01 3.763904473521632599e-01 3.775899880910938977e-01 3.779884819641937121e-01 3.775561916332652035e-01 3.765359339223051660e-01 3.757126414669361703e-01 3.757873335906062873e-01 3.767713251680329667e-01 3.779548867786387545e-01 3.785450752876380331e-01 3.783159942063223369e-01 3.772895716445923697e-01 3.756868018028247103e-01 3.743962529293829444e-01 3.742089583852150625e-01 3.751227215542083382e-01 3.763906577587515234e-01 3.771336053794024923e-01 3.771022438178091574e-01 3.762984711042158814e-01 3.749663173112081083e-01 3.739899421351383091e-01 3.741227263738540199e-01 3.753627786471270267e-01 3.769227556547383173e-01 3.779131806056043041e-01 3.781087690036823434e-01 3.774898876862737840e-01 3.762835485805964830e-01 3.752928020779941476e-01 3.752344770075058400e-01 3.761027809670782207e-01 3.771905724325703146e-01 3.776999952256050452e-01 3.773930497738950396e-01 3.762956630363582522e-01 3.746221318717136706e-01 3.732679267623024710e-01 3.730289787298066151e-01 3.738963943366221954e-01 3.751253810003017941e-01 3.758360733692694966e-01 3.757744544768588657e-01 3.749439198533716100e-01 3.735849007540368860e-01 3.725811538163208425e-01 3.726858544292230846e-01 3.738923114106418866e-01 3.754171817907711040e-01 3.763749921906769380e-01 3.765377591482226838e-01 3.758871487851905835e-01 3.746425656493484468e-01 3.735996498487379469e-01 3.734709270987128793e-01 3.742392906892428317e-01 3.752097123503410070e-01 3.756000567566118442e-01 3.751635123775386438e-01 3.739316131347720784e-01 3.720946223895346683e-01 3.705317934519467005e-01 3.700370630036920461e-01 3.705706910027398160e-01 3.714249351168185664e-01 3.717595819730563078e-01 3.712922703487644416e-01 3.700492288289442544e-01 3.682231227526540085e-01 3.667100284451573211e-01 3.662995820969218164e-01 3.669489364638764961e-01 3.679309239679319221e-01 3.683857047162971687e-01 3.680387256877373781e-01 3.669102084890857873e-01 3.652106396519150255e-01 3.638448102117852745e-01 3.636004562980861277e-01 3.644558562342662400e-01 3.656636167159567630e-01 3.663385644748998748e-01 3.662230657852370563e-01 3.653247270412853243e-01 3.638850729504661818e-01 3.628149056367012126e-01 3.628893470465403559e-01 3.641209176726188379e-01 3.657258786520621308e-01 3.667840094329745670e-01 3.670706176081741101e-01 3.665709809683516118e-01 3.655741853031371780e-01 3.649851266594648647e-01 3.655496900272247052e-01 3.673224498604223398e-01 3.694550824246554122e-01 3.709654869539542044e-01 3.715933204314113558e-01
3.736048863890053529e-01 3.727853136122510902e-01 3.706374017363229800e-01 3.676513906621338146e-01 3.656449580104290664e-01 3.651045384265246274e-01 3.659875745025975569e-01 3.678004231160520443e-01 3.687997043986499524e-01 3.685074945730689167e-01 3.669331055061126334e-01 3.645333338652085864e-01 3.630652799475675430e-01 3.630093703966646990e-01 3.643541874007270032e-01 3.666117941862585550e-01 3.680446201714183130e-01 3.681920613884934190e-01 3.670516175284174176e-01 3.650861900634911339e-01 3.639889012988034578e-01 3.642439805776755413e-01 3.658627402196579226e-01 3.683594461970866596e-01 3.700288674886157980e-01 3.704230173924225045e-01 3.695330864551947259e-01 3.678232785410135430e-01 3.669262415590661131e-01 3.673330138541325840e-01 3.690715289828079282e-01 3.716581563043738767e-01 3.734296153260070472e-01 3.739474304421203099e-01 3.732011896903330572e-01 3.716551993591403757e-01 3.708862386994493110e-01 3.713839448189030223e-01 3.731647376818388873e-01 3.757266635424023060e-01 3.774717171929706794e-01 3.779592218137538540e-01 3.771733571672639118e-01 3.755473898139787270e-01 3.745239286230352960e-01 3.745888054483683671e-01 3.757515329169615059e-01 3.775331895760569156e-01 3.784784473816288908e-01 3.781596477867416040e-01 3.765884042535750931e-01 3.742176118981916377e-01 3.726625081233523318e-01 3.724355590198993315e-01 3.735468820526046674e-01 3.755103457638419018e-01 3.767022951107790174e-01 3.766650315336829702e-01 3.753995537248733250e-01 3.733620627087246291e-01 3.721842138281752366e-01 3.723524412243578996e-01 3.738543365754667391e-01 3.761787336401382631e-01 3.777051803218283710e-01 3.779793838375004045e-01 3.769906244340970325e-01 3.751684709518944838e-01 3.739882662248087408e-01 3.739313393017174025e-01 3.749937958050278408e-01 3.766939067112480832e-01 3.775627197765272225e-01 3.771676721257435916e-01 3.755230777695081623e-01 3.730802329033695020e-01 3.714685789047929565e-01 3.711975837380395160e-01 3.722719658217799599e-01 3.742058897339383128e-01 3.753707970309219100e-01 3.753080893131568452e-01 3.740200640678651434e-01 3.719610232919977610e-01 3.707635109516814742e-01 3.709110624185966709e-01 3.723874677276921008e-01 3.746819585803917163e-01 3.761802956424958322e-01 3.764287858689178146e-01 3.754179125245769577e-01 3.735726382157811831e-01 3.723541822892205699e-01 3.722383712718643767e-01 3.732114970482587890e-01 3.747901256565632777e-01 3.755326457789257000e-01 3.750061913674626601e-01 3.732279808074956962e-01 3.706356943583415942e-01 3.688288352890803923e-01 3.683057615486372005e-01 3.690473577782640846e-01 3.705668820448848044e-01 3.712910514410839302e-01 3.707567576046920665e-01 3.689751120752657321e-01 3.663821926024414810e-01 3.646373863388257530e-01 3.642205268571633292e-01 3.651027833568673553e-01 3.667961120269304653e-01 3.676741586674163176e-01 3.672750148739710174e-01 3.656078905845989713e-01 3.631177764583969902e-01 3.615027119315246673e-01 3.612446365435955098e-01 3.623317386560006570e-01 3.642832838279160268e-01 3.654146400780966530e-01 3.652658999556548380e-01 3.638396656755741865e-01 3.615935441365634717e-01 3.602554186543320824e-01 3.603095308669971852e-01 3.617669984897004531e-01 3.641507904130459883e-01 3.657144932794264003e-01 3.660041067444292917e-01 3.650106175156273558e-01 3.632085553851396309e-01 3.623307126147525259e-01 3.628669378316106697e-01 3.648594883364109642e-01 3.678256251346690986e-01 3.699590556053020118e-01 3.707730352468048829e-01
