1.770524707561275761e+02 1.770524686822572846e+02 1.770524652861683705e+02 1.770524634761326581e+02 1.770524768311513526e+02 1.770525137952456305e+02 1.770525755720811105e+02 1.770526453282247985e+02 1.770527094152643599e+02 1.770527721929908296e+02 1.770528331970540989e+02 1.770529026974535327e+02 1.770529907007774852e+02 1.770530958660162071e+02 1.770532229527269692e+02 1.770533505509728514e+02 1.770534632165727658e+02 1.770535752123474253e+02 1.770536824056750902e+02 1.770538027569464248e+02 1.770539402530095288e+02 1.770540863109096676e+02 1.770542475896143060e+02 1.770544017322487775e+02 1.770545355459956909e+02 1.770546682523809636e+02 1.770547929240378551e+02 1.770549287127014679e+02 1.770550754185339031e+02 1.770552210478054178e+02 1.770553715014010265e+02 1.770555066011617100e+02 1.770556215262618593e+02 1.770557311445434436e+02 1.770558307749512892e+02 1.770559346971329262e+02 1.770560385418423834e+02 1.770561287982088743e+02 1.770562093847003382e+02 1.770562736028412871e+02 1.770563216285452768e+02 1.770563606762215727e+02 1.770563892342393331e+02 1.770564084042571835e+02 1.770564112410736186e+02 1.770563925021062062e+02 1.770563518792252751e+02 1.770562990199256035e+02 1.770562378090075413e+02 1.770561641973123130e+02 1.770560803479422418e+02 1.770559695349164713e+02 1.770558251262415013e+02 1.770556586014504887e+02 1.770554594667610218e+02 1.770552557213802913e+02 1.770550613221155345e+02 1.770548512469489140e+02 1.770546345427129040e+02 1.770543713760225444e+02 1.770540634082583153e+02 1.770537420814052894e+02 1.770533895565257581e+02 1.770530477173064412e+02 1.770527330432885549e+02 1.770524046242344980e+02 1.770520693043836218e+02 1.770516800793655534e+02 1.770512427044651247e+02 1.770508072955644252e+02 1.770503485550811149e+02 1.770499181461307217e+02 1.770495303537224743e+02 1.770491278815051430e+02 1.770487231181057268e+02 1.770482593876166959e+02 1.770477524869055230e+02 1.770472596458769488e+02 1.770467559256023833e+02 1.770462911154722008e+02 1.770458782302606835e+02 1.770454513907484966e+02 1.770450266511627717e+02 1.770445439978755644e+02 1.770440221349259104e+02 1.770435284026793283e+02 1.770430318302588830e+02 1.770425824424299037e+02 1.770421861690382741e+02 1.770417770883671551e+02 1.770413730632367049e+02 1.770409147766984006e+02 1.770404259528525870e+02 1.770399705960821564e+02 1.770395226471567582e+02 1.770391243646536736e+02 1.770387712879165747e+02 1.770384090372733681e+02 1.770380502748955678e+02 1.770376454621300297e+02 1.770372175671886623e+02 1.770368267880954249e+02 1.770364499076512175e+02 1.770361166997932401e+02 1.770358238370031358e+02 1.770355252820409078e+02 1.770352251548720517e+02 1.770348900389338667e+02 1.770345380573595833e+02 1.770342255604043089e+02 1.770339296923040422e+02 1.770336738106602184e+02 1.770334494538138870e+02 1.770332179842362450e+02 1.770329870530904657e+02 1.770327284916225494e+02 1.770324643801985189e+02 1.770322342253961381e+02 1.770320270938177032e+02 1.770318519942265425e+02 1.770317000961305212e+02 1.770315442005903606e+02 1.770313860905593799e+02 1.770312096887505220e+02 1.770310347305593268e+02 1.770308964982433793e+02 1.770307815045985365e+02 1.770306932850465103e+02 1.770306165275213459e+02 1.770305366148554640e+02 1.770304571437692118e+02 1.770303683889878812e+02 1.770302900701612714e+02 1.770302457564190206e+02 1.770302300620850247e+02 1.770302341093471057e+02 1.770302400296675103e+02 1.770302446266950085e+02
1.770524686822572846e+02 1.770524659912275638e+02 1.770524573778136528e+02 1.770524509646701290e+02 1.770524604316985062e+02 1.770524970066306594e+02 1.770525602730552350e+02 1.770526352810219066e+02 1.770527040663677667e+02 1.770527695068925027e+02 1.770528286780667599e+02 1.770528937427944811e+02 1.770529773037860082e+02 1.770530810015072518e+02 1.770532091632323102e+02 1.770533406445207731e+02 1.770534597627784876e+02 1.770535752980033521e+02 1.770536819372794071e+02 1.770537983264508171e+02 1.770539311309424875e+02 1.770540745399216860e+02 1.770542373517000954e+02 1.770543947738710528e+02 1.770545357233147001e+02 1.770546699749326365e+02 1.770547967070429820e+02 1.770549303557145322e+02 1.770550726827316623e+02 1.770552157546504191e+02 1.770553663033900591e+02 1.770555060551570534e+02 1.770556243958824609e+02 1.770557366194071562e+02 1.770558387359868391e+02 1.770559405215649633e+02 1.770560413264956594e+02 1.770561310841333409e+02 1.770562124019046735e+02 1.770562804334300040e+02 1.770563306469531710e+02 1.770563702151792711e+02 1.770563996905250121e+02 1.770564170617917341e+02 1.770564193332420189e+02 1.770564014714121299e+02 1.770563640944768622e+02 1.770563107564851464e+02 1.770562493696345427e+02 1.770561759813440403e+02 1.770560881094378942e+02 1.770559758907543824e+02 1.770558336720124260e+02 1.770556713096414398e+02 1.770554771092141948e+02 1.770552732559350488e+02 1.770550749981493368e+02 1.770548620615532514e+02 1.770546376643501958e+02 1.770543727692361813e+02 1.770540695630938899e+02 1.770537540635665437e+02 1.770534089952491570e+02 1.770530674494046934e+02 1.770527457043327502e+02 1.770524085287185585e+02 1.770520662762906738e+02 1.770516714855728253e+02 1.770512414122057692e+02 1.770508142722156606e+02 1.770503640403946974e+02 1.770499341669874980e+02 1.770495394054842109e+02 1.770491261593242598e+02 1.770487125227468539e+02 1.770482442755379964e+02 1.770477429923136583e+02 1.770472612035205486e+02 1.770467672083930495e+02 1.770463044380147721e+02 1.770458836086596079e+02 1.770454463476419846e+02 1.770450098658847367e+02 1.770445208091596214e+02 1.770440063261455919e+02 1.770435216420249276e+02 1.770430366022354463e+02 1.770425902108702303e+02 1.770421874131039601e+02 1.770417683379663458e+02 1.770413527920089791e+02 1.770408882636807277e+02 1.770404046243665732e+02 1.770399604665059883e+02 1.770395227316336104e+02 1.770391262859930066e+02 1.770387689986506814e+02 1.770383981818481516e+02 1.770380288300793268e+02 1.770376179813385420e+02 1.770371949523685373e+02 1.770368109726624652e+02 1.770364445986334658e+02 1.770361146504268390e+02 1.770358191941265034e+02 1.770355124926818462e+02 1.770352035621250479e+02 1.770348617824305677e+02 1.770345139381176693e+02 1.770342057303188881e+02 1.770339197953095436e+02 1.770336673561195653e+02 1.770334424194580549e+02 1.770332065196482461e+02 1.770329669855649684e+02 1.770327013601745989e+02 1.770324365277340917e+02 1.770322125789066376e+02 1.770320134662579221e+02 1.770318434897617976e+02 1.770316923465383354e+02 1.770315319204769935e+02 1.770313666214132411e+02 1.770311844063753881e+02 1.770310088475158352e+02 1.770308724485425671e+02 1.770307638278212892e+02 1.770306811118288977e+02 1.770306072475648307e+02 1.770305266443904486e+02 1.770304391664888612e+02 1.770303456074024098e+02 1.770302653147147964e+02 1.770302201340518025e+02 1.770302116347005779e+02 1.770302210081677288e+02 1.770302325886579808e+02 1.770302369491513446e+02
1.770524652861683705e+02 1.770524573778136528e+02 1.770524379145682303e+02 1.770524129925773025e+02 1.770524135039120495e+02 1.770524470887447421e+02 1.770525153875949513e+02 1.770526078740600155e+02 1.770526915619046520e+02 1.770527609303591419e+02 1.770528165189318486e+02 1.770528670338093491e+02 1.770529370277016596e+02 1.770530342421731689e+02 1.770531633175717730e+02 1.770533135741973751e+02 1.770534513691216887e+02 1.770535735851964603e+02 1.770536814589250980e+02 1.770537867727977073e+02 1.770539044094754217e+02 1.770540397146166072e+02 1.770541995465837033e+02 1.770543736797527004e+02 1.770545348383833755e+02 1.770546792710239856e+02 1.770548083622067281e+02 1.770549343398127462e+02 1.770550629092464305e+02 1.770551991745224143e+02 1.770553458192977132e+02 1.770554993661300500e+02 1.770556348772024648e+02 1.770557558722493070e+02 1.770558613238442831e+02 1.770559592670636846e+02 1.770560497395275377e+02 1.770561345038264278e+02 1.770562168029598809e+02 1.770562939030226914e+02 1.770563535379199607e+02 1.770563964962328214e+02 1.770564260481393433e+02 1.770564389656798880e+02 1.770564393752693206e+02 1.770564236133527629e+02 1.770563927610443500e+02 1.770563446448027207e+02 1.770562836770652666e+02 1.770562052523728198e+02 1.770561089598157025e+02 1.770559940723142347e+02 1.770558572744920411e+02 1.770557047999678844e+02 1.770555257687446158e+02 1.770553244101304813e+02 1.770551143223629822e+02 1.770548862973644191e+02 1.770546405539384978e+02 1.770543699609261239e+02 1.770540823548711558e+02 1.770537858035825991e+02 1.770534656595500280e+02 1.770531248932399819e+02 1.770527825399780397e+02 1.770524230191694528e+02 1.770520473267443435e+02 1.770516429909254441e+02 1.770512336443979393e+02 1.770508315265761610e+02 1.770504146687808316e+02 1.770499881344659627e+02 1.770495665530597762e+02 1.770491267945319862e+02 1.770486733622934423e+02 1.770481886066187656e+02 1.770477142328278148e+02 1.770472582241911823e+02 1.770468020292687186e+02 1.770463476698864440e+02 1.770459006278253185e+02 1.770454348446462234e+02 1.770449568403623175e+02 1.770444479248395453e+02 1.770439580210131112e+02 1.770435015038706581e+02 1.770430555009952514e+02 1.770426201930507091e+02 1.770421930164059461e+02 1.770417480355150985e+02 1.770412894397015009e+02 1.770408034697210837e+02 1.770403444222877738e+02 1.770399247666229599e+02 1.770395237400858548e+02 1.770391421497213571e+02 1.770387667974338513e+02 1.770383732980384650e+02 1.770379643438973005e+02 1.770375288991384934e+02 1.770371240612860504e+02 1.770367646337943768e+02 1.770364291684414866e+02 1.770361179194307510e+02 1.770358112872938534e+02 1.770354832593024810e+02 1.770351398129050722e+02 1.770347739238249858e+02 1.770344381708534627e+02 1.770341499633372564e+02 1.770338914915417377e+02 1.770336593976592496e+02 1.770334278785211666e+02 1.770331762505237805e+02 1.770329069113619767e+02 1.770326181718639589e+02 1.770323598844145465e+02 1.770321495722420764e+02 1.770319734999084744e+02 1.770318239944211598e+02 1.770316736788710159e+02 1.770315029585098330e+02 1.770313137349427564e+02 1.770311070454241928e+02 1.770309323111417541e+02 1.770308037079119856e+02 1.770307125032285285e+02 1.770306514207696580e+02 1.770305859742323662e+02 1.770304989058627143e+02 1.770303945323377945e+02 1.770302756100531951e+02 1.770301908829092383e+02 1.770301513325506733e+02 1.770301513188976230e+02 1.770301862445668348e+02 1.770302109141539972e+02 1.770302201826254418e+02
1.770524634761326581e+02 1.770524509646701290e+02 1.770524129925773025e+02 1.770523657223075702e+02 1.770523573296525512e+02 1.770523884251906566e+02 1.770524560827277014e+02 1.770525721079169159e+02 1.770526805033430549e+02 1.770527561822640905e+02 1.770528055185940843e+02 1.770528340736163670e+02 1.770528897355875415e+02 1.770529809647783566e+02 1.770531045382497837e+02 1.770532758833330149e+02 1.770534452053319114e+02 1.770535818908306283e+02 1.770536916464118633e+02 1.770537754525748255e+02 1.770538732085342986e+02 1.770540005964181489e+02 1.770541533930519620e+02 1.770543492526227283e+02 1.770545429091953622e+02 1.770547036269915111e+02 1.770548403110889240e+02 1.770549469544422720e+02 1.770550560107294302e+02 1.770551840385624303e+02 1.770553246984453608e+02 1.770554980415526813e+02 1.770556661530505096e+02 1.770558001763072866e+02 1.770559101760819374e+02 1.770559907538749940e+02 1.770560652678339011e+02 1.770561468187989078e+02 1.770562305477655798e+02 1.770563244198467601e+02 1.770564068033422700e+02 1.770564573750102113e+02 1.770564797506265791e+02 1.770564789083428536e+02 1.770564717064227409e+02 1.770564594518012314e+02 1.770564430466311592e+02 1.770564135130894954e+02 1.770563567554210351e+02 1.770562715149044664e+02 1.770561546112178064e+02 1.770560247045760605e+02 1.770558970812704445e+02 1.770557548196877917e+02 1.770556054065696401e+02 1.770554221646126223e+02 1.770551965419800524e+02 1.770549456707135505e+02 1.770546598568464844e+02 1.770543726164037537e+02 1.770541092997589203e+02 1.770538318143229048e+02 1.770535558035090844e+02 1.770532320560575954e+02 1.770528559971491802e+02 1.770524621692030678e+02 1.770520261181979436e+02 1.770516050491024487e+02 1.770512336835499241e+02 1.770508586452545217e+02 1.770504957583137013e+02 1.770500886901671720e+02 1.770496236204224942e+02 1.770491424035909347e+02 1.770486167097458861e+02 1.770481161501856775e+02 1.770476848595475872e+02 1.770472602236465605e+02 1.770468620203458840e+02 1.770464308060465726e+02 1.770459370460339983e+02 1.770454270430166730e+02 1.770448736396302820e+02 1.770443475880928759e+02 1.770439040633675347e+02 1.770434789895982419e+02 1.770430906742845991e+02 1.770426790035570264e+02 1.770422109796574262e+02 1.770417245591554547e+02 1.770411922740690613e+02 1.770406873759367841e+02 1.770402704140446986e+02 1.770398799054163703e+02 1.770395330227590023e+02 1.770391771537956913e+02 1.770387679298842727e+02 1.770383388061099481e+02 1.770378624402580101e+02 1.770374072377620394e+02 1.770370384281278859e+02 1.770367032521715487e+02 1.770364154804770749e+02 1.770361312589050158e+02 1.770357999265360718e+02 1.770354440400577971e+02 1.770350417181680598e+02 1.770346532606262997e+02 1.770343463606256194e+02 1.770340773118693676e+02 1.770338578588785197e+02 1.770336536927734414e+02 1.770334084033808324e+02 1.770331340512764768e+02 1.770328159077120915e+02 1.770325019139233405e+02 1.770322643418548409e+02 1.770320681930166700e+02 1.770319212948133440e+02 1.770318014942228331e+02 1.770316470994077633e+02 1.770314602560700905e+02 1.770312312659301313e+02 1.770310002716909992e+02 1.770308374181781801e+02 1.770307175973211997e+02 1.770306471311804444e+02 1.770306132036575661e+02 1.770305538938475252e+02 1.770304592677069593e+02 1.770303252541560539e+02 1.770301818572174852e+02 1.770300983180604248e+02 1.770300613981249569e+02 1.770300729873406738e+02 1.770301345711402803e+02 1.770301818836359757e+02 1.770301980695016084e+02
1.770524768311513526e+02 1.770524604316985062e+02 1.770524135039120495e+02 1.770523573296525512e+02 1.770523452437362550e+02 1.770523759242726101e+02 1.770524444165962166e+02 1.770525667974449959e+02 1.770526868374566050e+02 1.770527692514317266e+02 1.770528165447374533e+02 1.770528359809550238e+02 1.770528874895193781e+02 1.770529763204212657e+02 1.770530989869469067e+02 1.770532808508377798e+02 1.770534663376621438e+02 1.770536117735294965e+02 1.770537236920979467e+02 1.770537984416803852e+02 1.770538904132069717e+02 1.770540171020492153e+02 1.770541682216010599e+02 1.770543746155735221e+02 1.770545893502463741e+02 1.770547615754810238e+02 1.770548998892463715e+02 1.770549983460321926e+02 1.770551009061666718e+02 1.770552258303748374e+02 1.770553698250449202e+02 1.770555568795029728e+02 1.770557455401233256e+02 1.770558898601276496e+02 1.770559999681440218e+02 1.770560723413601352e+02 1.770561408370406582e+02 1.770562212425661812e+02 1.770563108712289591e+02 1.770564212999746303e+02 1.770565199852653677e+02 1.770565754947834023e+02 1.770565933839291120e+02 1.770565820226247524e+02 1.770565717800139396e+02 1.770565623601258665e+02 1.770565559039205823e+02 1.770565425285751928e+02 1.770564952006084809e+02 1.770564089495098301e+02 1.770562789086993121e+02 1.770561350423718636e+02 1.770560073991880472e+02 1.770558722987643137e+02 1.770557381808087882e+02 1.770555698519842736e+02 1.770553436778807566e+02 1.770550800428345326e+02 1.770547676971894759e+02 1.770544681722000462e+02 1.770542071241183351e+02 1.770539387407431207e+02 1.770536809637593763e+02 1.770533730313171930e+02 1.770529861759681580e+02 1.770525676948490172e+02 1.770520986216899928e+02 1.770516653791312365e+02 1.770513009438574272e+02 1.770509377122312458e+02 1.770505956780249335e+02 1.770502025683237548e+02 1.770497193385650405e+02 1.770492104412454921e+02 1.770486487182038218e+02 1.770481365572320556e+02 1.770477188740910321e+02 1.770473090342197793e+02 1.770469327590827788e+02 1.770465112766938205e+02 1.770459987639120527e+02 1.770454615302593027e+02 1.770448724709149246e+02 1.770443359420116280e+02 1.770439083627751984e+02 1.770434977292485996e+02 1.770431318939566836e+02 1.770427299735447093e+02 1.770422439485332404e+02 1.770417305551636389e+02 1.770411675831434479e+02 1.770406555492950531e+02 1.770402527145476768e+02 1.770398769251522140e+02 1.770395506580025824e+02 1.770392038721464019e+02 1.770387802128239230e+02 1.770383273841336802e+02 1.770378217365566798e+02 1.770373608103222693e+02 1.770370077186140065e+02 1.770366842566066055e+02 1.770364150132917302e+02 1.770361393703261967e+02 1.770357964206907582e+02 1.770354199605551742e+02 1.770349948181195430e+02 1.770346005534924814e+02 1.770343046655426349e+02 1.770340473285188807e+02 1.770338414506135223e+02 1.770336441198598720e+02 1.770333929284369674e+02 1.770331049326306072e+02 1.770327654927118886e+02 1.770324476370568618e+02 1.770322188278354361e+02 1.770320308408813617e+02 1.770318944205602349e+02 1.770317811930404446e+02 1.770316241921912876e+02 1.770314292885643681e+02 1.770311842615938929e+02 1.770309478179772782e+02 1.770307906669506792e+02 1.770306748958288665e+02 1.770306102657224301e+02 1.770305839636629059e+02 1.770305272557586420e+02 1.770304276987596097e+02 1.770302825626238814e+02 1.770301353512614924e+02 1.770300521867814325e+02 1.770300166956180306e+02 1.770300311107095013e+02 1.770301000163805440e+02 1.770301562280710925e+02 1.770301759616333470e+02
1.770525137952456305e+02 1.770524970066306594e+02 1.770524470887447421e+02 1.770523884251906566e+02 1.770523759242726101e+02 1.770524052841568619e+02 1.770524779299414604e+02 1.770526044043952538e+02 1.770527285484747324e+02 1.770528109719337237e+02 1.770528572730852943e+02 1.770528779972273981e+02 1.770529281596328701e+02 1.770530195030967775e+02 1.770531476201164764e+02 1.770533349901162694e+02 1.770535275086212152e+02 1.770536767821294859e+02 1.770537886282358500e+02 1.770538635621473418e+02 1.770539562715060526e+02 1.770540847530737096e+02 1.770542433783109573e+02 1.770544616243341238e+02 1.770546839922424454e+02 1.770548621657830495e+02 1.770550017631897788e+02 1.770550975544402093e+02 1.770551990921222796e+02 1.770553326507922804e+02 1.770554852074436667e+02 1.770556864944678352e+02 1.770558850954282093e+02 1.770560368429785001e+02 1.770561451809806783e+02 1.770562131394364940e+02 1.770562801613439774e+02 1.770563664591879274e+02 1.770564674927677800e+02 1.770565931063489700e+02 1.770567044325406130e+02 1.770567659920463655e+02 1.770567787636030346e+02 1.770567600322316082e+02 1.770567461622167116e+02 1.770567395370691770e+02 1.770567438356327727e+02 1.770567477699653978e+02 1.770567130694635978e+02 1.770566295716014906e+02 1.770564911348961061e+02 1.770563353914874085e+02 1.770562012093284920e+02 1.770560651418925033e+02 1.770559398115524061e+02 1.770557841393427907e+02 1.770555664341985391e+02 1.770553022124574056e+02 1.770549763459862049e+02 1.770546599335635563e+02 1.770543891499497704e+02 1.770541183684026407e+02 1.770538631052356493e+02 1.770535614724867344e+02 1.770531775197303261e+02 1.770527546699408674e+02 1.770522704917595149e+02 1.770518205890239187e+02 1.770514470367373008e+02 1.770510770884397118e+02 1.770507363443125826e+02 1.770503452764240535e+02 1.770498633593064710e+02 1.770493484703608544e+02 1.770487750178607769e+02 1.770482488381161943e+02 1.770478215498540351e+02 1.770474058650580957e+02 1.770470310081251455e+02 1.770466096253518344e+02 1.770460968025805357e+02 1.770455537628140519e+02 1.770449532478228889e+02 1.770444093591403885e+02 1.770439733748044944e+02 1.770435595622489586e+02 1.770431909150225920e+02 1.770427906808096168e+02 1.770423017931053096e+02 1.770417850808775313e+02 1.770412148058136381e+02 1.770406948451619087e+02 1.770402888315384757e+02 1.770399100295671815e+02 1.770395824542308958e+02 1.770392352556822573e+02 1.770388096320743045e+02 1.770383541004801771e+02 1.770378458967860240e+02 1.770373804386756831e+02 1.770370233404076714e+02 1.770366999227576059e+02 1.770364285429785980e+02 1.770361522159294907e+02 1.770358092828169561e+02 1.770354318898745873e+02 1.770350009642980922e+02 1.770346052836767967e+02 1.770343099583404580e+02 1.770340511585289676e+02 1.770338449562051721e+02 1.770336476643774120e+02 1.770333953164355592e+02 1.770331059923537396e+02 1.770327650137496107e+02 1.770324463129053072e+02 1.770322167005232359e+02 1.770320279370293406e+02 1.770318915596939462e+02 1.770317764470287898e+02 1.770316193339708661e+02 1.770314223996559235e+02 1.770311781311374091e+02 1.770309418933899224e+02 1.770307833537543161e+02 1.770306679540876189e+02 1.770306038540764462e+02 1.770305759439866904e+02 1.770305184563122225e+02 1.770304196227876901e+02 1.770302742558214106e+02 1.770301255737830957e+02 1.770300445746978824e+02 1.770300082767981280e+02 1.770300228110999683e+02 1.770300912144887491e+02 1.770301475855923172e+02 1.770301659740435980e+02
1.770525755720811105e+02 1.770525602730552350e+02 1.770525153875949513e+02 1.770524560827277014e+02 1.770524444165962166e+02 1.770524779299414604e+02 1.770525539619667654e+02 1.770526846165232939e+02 1.770528055299873245e+02 1.770528881236068059e+02 1.770529334264582246e+02 1.770529553872252109e+02 1.770530097611486724e+02 1.770531077183358377e+02 1.770532460806560948e+02 1.770534445149518774e+02 1.770536346597727970e+02 1.770537805141629804e+02 1.770538907275625320e+02 1.770539638045676725e+02 1.770540638489662513e+02 1.770542028805602683e+02 1.770543785306182372e+02 1.770546131257912066e+02 1.770548386721159773e+02 1.770550149480509674e+02 1.770551483986473613e+02 1.770552397269180744e+02 1.770553500896380683e+02 1.770554925957538899e+02 1.770556653299478285e+02 1.770558910299816944e+02 1.770561002871516791e+02 1.770562521195532781e+02 1.770563541228618192e+02 1.770564075020361656e+02 1.770564776405387306e+02 1.770565735771620268e+02 1.770566932214476878e+02 1.770568516407401773e+02 1.770569780050419126e+02 1.770570427148576016e+02 1.770570461127458088e+02 1.770570048097173697e+02 1.770569846555679021e+02 1.770569845905349666e+02 1.770570014196522948e+02 1.770570408696767970e+02 1.770570299918556429e+02 1.770569522216850373e+02 1.770568054727855554e+02 1.770566186868735770e+02 1.770564663772223071e+02 1.770563281923398904e+02 1.770562058883399175e+02 1.770560808910618960e+02 1.770558881160838212e+02 1.770556316987855325e+02 1.770552987920041517e+02 1.770549431156836420e+02 1.770546442121685118e+02 1.770543581064503371e+02 1.770540930354885631e+02 1.770538120253321495e+02 1.770534514054085378e+02 1.770530392164569662e+02 1.770525540909772531e+02 1.770520669216865883e+02 1.770516577819594488e+02 1.770512674042291792e+02 1.770509080258978258e+02 1.770505271497447097e+02 1.770500682781673447e+02 1.770495684701099037e+02 1.770490012300581952e+02 1.770484464009255703e+02 1.770479852362638837e+02 1.770475461294096533e+02 1.770471482890149844e+02 1.770467303678072426e+02 1.770462372166396960e+02 1.770457106644530256e+02 1.770451239235804337e+02 1.770445591513529848e+02 1.770440936049788547e+02 1.770436568206529273e+02 1.770432660890187151e+02 1.770428623327104845e+02 1.770423905856648048e+02 1.770418912621213678e+02 1.770413367751525016e+02 1.770408072496307739e+02 1.770403757502668327e+02 1.770399786154924016e+02 1.770396299547628303e+02 1.770392747994293359e+02 1.770388631541967754e+02 1.770384236241451958e+02 1.770379334307024521e+02 1.770374635128902696e+02 1.770370862678005892e+02 1.770367463323398169e+02 1.770364582774085136e+02 1.770361740045695740e+02 1.770358388291660958e+02 1.770354753064010822e+02 1.770350662194359472e+02 1.770346688647179292e+02 1.770343587707866391e+02 1.770340886100838986e+02 1.770338667423968957e+02 1.770336611760939718e+02 1.770334129876075338e+02 1.770331351920537202e+02 1.770328114941973752e+02 1.770324958957604622e+02 1.770322555087702199e+02 1.770320586050583813e+02 1.770319107326739925e+02 1.770317887784412392e+02 1.770316319899351356e+02 1.770314436040865189e+02 1.770312121413575426e+02 1.770309805834537826e+02 1.770308169330792794e+02 1.770306956462809183e+02 1.770306237239607583e+02 1.770305889078806558e+02 1.770305286357078103e+02 1.770304337751129253e+02 1.770302995429612167e+02 1.770301574921208214e+02 1.770300735652996025e+02 1.770300365262094431e+02 1.770300465254647122e+02 1.770301084359212496e+02 1.770301557089154301e+02 1.770301708402255088e+02
1.770526453282247985e+02 1.770526352810219066e+02 1.770526078740600155e+02 1.770525721079169159e+02 1.770525667974449959e+02 1.770526044043952538e+02 1.770526846165232939e+02 1.770527987979648401e+02 1.770528984792253766e+02 1.770529767231918186e+02 1.770530326727607644e+02 1.770530771119755400e+02 1.770531517594021977e+02 1.770532591404798382e+02 1.770534115024119046e+02 1.770535964740209067e+02 1.770537605663275542e+02 1.770539010549997272e+02 1.770540160845440880e+02 1.770541156246304411e+02 1.770542416867805571e+02 1.770543983315701269e+02 1.770545932443989727e+02 1.770548199210874714e+02 1.770550208015210956e+02 1.770551911655932997e+02 1.770553282716925025e+02 1.770554462989513809e+02 1.770555856850941439e+02 1.770557483083316583e+02 1.770559430425599317e+02 1.770561663272235080e+02 1.770563523044106660e+02 1.770565023113344125e+02 1.770566108845983990e+02 1.770566888757892059e+02 1.770567841118035801e+02 1.770568962685684369e+02 1.770570289307559335e+02 1.770571840928154188e+02 1.770572965362909486e+02 1.770573628940301489e+02 1.770573829550712048e+02 1.770573597305713918e+02 1.770573526833182711e+02 1.770573577932290448e+02 1.770573750555456343e+02 1.770574084442111484e+02 1.770573955246426010e+02 1.770573278776582242e+02 1.770572087321938000e+02 1.770570340708475783e+02 1.770568749114498246e+02 1.770567271839554735e+02 1.770565791209096460e+02 1.770564406453042068e+02 1.770562573459129965e+02 1.770560167240334408e+02 1.770557234128607433e+02 1.770553716775620217e+02 1.770550398895285298e+02 1.770547261319650545e+02 1.770544112138240678e+02 1.770541057119652635e+02 1.770537664374081999e+02 1.770533740061379433e+02 1.770529404985718429e+02 1.770524506907924831e+02 1.770519905477328280e+02 1.770515614515408060e+02 1.770511395371904086e+02 1.770507299221050630e+02 1.770503009612960454e+02 1.770498272987061341e+02 1.770493215185236124e+02 1.770487662821362278e+02 1.770482476770341691e+02 1.770477698251799268e+02 1.770473040888548155e+02 1.770468543048490346e+02 1.770463947064671117e+02 1.770458996684838269e+02 1.770453789766911257e+02 1.770448166109744079e+02 1.770442936785136681e+02 1.770438203463807838e+02 1.770433644383333842e+02 1.770429277884739463e+02 1.770424901406688036e+02 1.770420215605093404e+02 1.770415322813418015e+02 1.770410096209515984e+02 1.770405265945487656e+02 1.770400961934032864e+02 1.770396916094558435e+02 1.770393067570140602e+02 1.770389215919025787e+02 1.770385108673039838e+02 1.770380815711977505e+02 1.770376243246381023e+02 1.770372059442056809e+02 1.770368393170117258e+02 1.770365015144623158e+02 1.770361888658639486e+02 1.770358744641492876e+02 1.770355357967840177e+02 1.770351789624648120e+02 1.770347991010080193e+02 1.770344573392899576e+02 1.770341655746759955e+02 1.770339054963797309e+02 1.770336720447976688e+02 1.770334359588771065e+02 1.770331764218654769e+02 1.770328992579320584e+02 1.770326023597203289e+02 1.770323427181576506e+02 1.770321296140074878e+02 1.770319531078221189e+02 1.770318025896430640e+02 1.770316495690450438e+02 1.770314739476516195e+02 1.770312804971654259e+02 1.770310709338485538e+02 1.770308937947342542e+02 1.770307640566068699e+02 1.770306735412739272e+02 1.770306121721817760e+02 1.770305448492514699e+02 1.770304553587774592e+02 1.770303488368142837e+02 1.770302308570713592e+02 1.770301435449270571e+02 1.770301042557036340e+02 1.770301060201553582e+02 1.770301410940611220e+02 1.770301685427394318e+02 1.770301781991465475e+02
1.770527094152643599e+02 1.770527040663677667e+02 1.770526915619046520e+02 1.770526805033430549e+02 1.770526868374566050e+02 1.770527285484747324e+02 1.770528055299873245e+02 1.770528984792253766e+02 1.770529814463847060e+02 1.770530604874591631e+02 1.770531287126264886e+02 1.770532009757012020e+02 1.770532949402403915e+02 1.770534137103757928e+02 1.770535694923624987e+02 1.770537326593513967e+02 1.770538782275265817e+02 1.770540191989701384e+02 1.770541472902817475e+02 1.770542827054654822e+02 1.770544373416590247e+02 1.770546082369401688e+02 1.770548107555809452e+02 1.770550142295649607e+02 1.770551944055834781e+02 1.770553671092718844e+02 1.770555221651272007e+02 1.770556844996667678e+02 1.770558606945330951e+02 1.770560395983132764e+02 1.770562387499203396e+02 1.770564323518663628e+02 1.770566001918392374e+02 1.770567534992876233e+02 1.770568869326065169e+02 1.770570186310161205e+02 1.770571514362248138e+02 1.770572777138179958e+02 1.770574062367853116e+02 1.770575234457550380e+02 1.770576138088369476e+02 1.770576858790444419e+02 1.770577371393731312e+02 1.770577735745196151e+02 1.770577993778383075e+02 1.770578120971112526e+02 1.770578106465952430e+02 1.770577978342673475e+02 1.770577651951082601e+02 1.770577067212837790e+02 1.770576258633746818e+02 1.770575129740262526e+02 1.770573734674139814e+02 1.770572180590009168e+02 1.770570330074694709e+02 1.770568365472954326e+02 1.770566334634653742e+02 1.770564009174822786e+02 1.770561485281731962e+02 1.770558474963441427e+02 1.770555145378651787e+02 1.770551779914442250e+02 1.770548087428347799e+02 1.770544421109620714e+02 1.770540881000661102e+02 1.770537028864944489e+02 1.770533080331334759e+02 1.770528567670665154e+02 1.770523782001971256e+02 1.770519183738875029e+02 1.770514375602542714e+02 1.770509752425717238e+02 1.770505401954679598e+02 1.770500777127824108e+02 1.770496095128987690e+02 1.770490861943149241e+02 1.770485417818560450e+02 1.770480304490840524e+02 1.770475090411358963e+02 1.770470162754828323e+02 1.770465587044881204e+02 1.770460774172094034e+02 1.770455924195278214e+02 1.770450558059359594e+02 1.770445063889401069e+02 1.770439993213217633e+02 1.770434948199352050e+02 1.770430253752249996e+02 1.770425914242846659e+02 1.770421379173514538e+02 1.770416824603287012e+02 1.770411829266180632e+02 1.770406760613267352e+02 1.770402179037711221e+02 1.770397709170728717e+02 1.770393583162813798e+02 1.770389804648435188e+02 1.770385829574970842e+02 1.770381851943708966e+02 1.770377485910969995e+02 1.770373091123536824e+02 1.770369207084676191e+02 1.770365500563271723e+02 1.770362146617363805e+02 1.770359058155694072e+02 1.770355813495340271e+02 1.770352538197270746e+02 1.770348938925488937e+02 1.770345359106200078e+02 1.770342266979191947e+02 1.770339412513830553e+02 1.770336871411618063e+02 1.770334533021537027e+02 1.770332042267385191e+02 1.770329527134569503e+02 1.770326743308821165e+02 1.770324037728341580e+02 1.770321805989053701e+02 1.770319827025077188e+02 1.770318145087819346e+02 1.770316594302322812e+02 1.770314910737286880e+02 1.770313163540358801e+02 1.770311253350359948e+02 1.770309452082321116e+02 1.770308085238297053e+02 1.770307050155797128e+02 1.770306247663757517e+02 1.770305504617655004e+02 1.770304656704679758e+02 1.770303749688305004e+02 1.770302729645652562e+02 1.770301899412683611e+02 1.770301463924327550e+02 1.770301419216572185e+02 1.770301578110058358e+02 1.770301729894530922e+02 1.770301784878861611e+02
1.770527721929908296e+02 1.770527695068925027e+02 1.770527609303591419e+02 1.770527561822640905e+02 1.770527692514317266e+02 1.770528109719337237e+02 1.770528881236068059e+02 1.770529767231918186e+02 1.770530604874591631e+02 1.770531420001362619e+02 1.770532181562703613e+02 1.770533031453662431e+02 1.770534049476232497e+02 1.770535292048667202e+02 1.770536849914668664e+02 1.770538446099905912e+02 1.770539933124751144e+02 1.770541420238560022e+02 1.770542832132617548e+02 1.770544391789273675e+02 1.770546073043186652e+02 1.770547869405313861e+02 1.770549879507013031e+02 1.770551886741063754e+02 1.770553710729445243e+02 1.770555542956828390e+02 1.770557311498114359e+02 1.770559227879508626e+02 1.770561194459914418e+02 1.770563104461862451e+02 1.770565081231638374e+02 1.770566916652599048e+02 1.770568589973125597e+02 1.770570263174543300e+02 1.770571875535662514e+02 1.770573558532183540e+02 1.770575164360006113e+02 1.770576518613542589e+02 1.770577721366507546e+02 1.770578711727579275e+02 1.770579552998571842e+02 1.770580386202036038e+02 1.770581173286165324e+02 1.770581936930562961e+02 1.770582478775302491e+02 1.770582686875170282e+02 1.770582542859004889e+02 1.770582124758704197e+02 1.770581664069792112e+02 1.770581167118065764e+02 1.770580639065168214e+02 1.770579916623626104e+02 1.770578789005707279e+02 1.770577256148037861e+02 1.770575163100023701e+02 1.770572809449760143e+02 1.770570523034829762e+02 1.770568131756436401e+02 1.770565776692619977e+02 1.770563052867914280e+02 1.770559880700797066e+02 1.770556435926475558e+02 1.770552438641364290e+02 1.770548330918493605e+02 1.770544465447830760e+02 1.770540492704824089e+02 1.770536567363611198e+02 1.770532215484151948e+02 1.770527484890833421e+02 1.770522772607444892e+02 1.770517689267840069e+02 1.770512688893508653e+02 1.770508078673796035e+02 1.770503318144381240e+02 1.770498630772034403e+02 1.770493478415706932e+02 1.770488037551402556e+02 1.770482839750796700e+02 1.770477400750216077e+02 1.770472192446450777e+02 1.770467403565475024e+02 1.770462462457200843e+02 1.770457598795225920e+02 1.770452263354381728e+02 1.770446759837568322e+02 1.770441611661449031e+02 1.770436408824314185e+02 1.770431505359807716e+02 1.770427031751480058e+02 1.770422401998108342e+02 1.770417821450554072e+02 1.770412823465096324e+02 1.770407737636340073e+02 1.770403101120129747e+02 1.770398522183160992e+02 1.770394295326883025e+02 1.770390410849034026e+02 1.770386381776227438e+02 1.770382387476896326e+02 1.770378005587583914e+02 1.770373593945432162e+02 1.770369669823027152e+02 1.770365917601628496e+02 1.770362476865238079e+02 1.770359345655165555e+02 1.770356067331987617e+02 1.770352775641125902e+02 1.770349157290723952e+02 1.770345561689841816e+02 1.770342465620419716e+02 1.770339576105749302e+02 1.770337006502136603e+02 1.770334636027916133e+02 1.770332137839823758e+02 1.770329588057730064e+02 1.770326803223452714e+02 1.770324075129511243e+02 1.770321829397174440e+02 1.770319843656179728e+02 1.770318136795798409e+02 1.770316594844933888e+02 1.770314897672549819e+02 1.770313139201425088e+02 1.770311213461201021e+02 1.770309409141745789e+02 1.770308035497039896e+02 1.770306988411419695e+02 1.770306187930600572e+02 1.770305445343355757e+02 1.770304599240179186e+02 1.770303672579507008e+02 1.770302643210264080e+02 1.770301807807028922e+02 1.770301373039993678e+02 1.770301311704815248e+02 1.770301484042984157e+02 1.770301647735901724e+02 1.770301713974918982e+02
1.770528331970540989e+02 1.770528286780667599e+02 1.770528165189318486e+02 1.770528055185940843e+02 1.770528165447374533e+02 1.770528572730852943e+02 1.770529334264582246e+02 1.770530326727607644e+02 1.770531287126264886e+02 1.770532181562703613e+02 1.770533007635231968e+02 1.770533886116338635e+02 1.770534880029580620e+02 1.770536104690822015e+02 1.770537628342729022e+02 1.770539325192864624e+02 1.770540995437071956e+02 1.770542625158047656e+02 1.770544224624359799e+02 1.770545910744022535e+02 1.770547602301123220e+02 1.770549403041446226e+02 1.770551362461947349e+02 1.770553388378137356e+02 1.770555417443815145e+02 1.770557474607010988e+02 1.770559550037965835e+02 1.770561763526729351e+02 1.770563781813666253e+02 1.770565720702800547e+02 1.770567623193133784e+02 1.770569397265493876e+02 1.770571193375035079e+02 1.770573105003468868e+02 1.770575088168559432e+02 1.770577232264440397e+02 1.770578965862885354e+02 1.770580370671109449e+02 1.770581489573856118e+02 1.770582209018913318e+02 1.770583040064371119e+02 1.770584023391294579e+02 1.770585169195832407e+02 1.770586487953656842e+02 1.770587247108106510e+02 1.770587520792633995e+02 1.770587300665704902e+02 1.770586496608371476e+02 1.770585862672685096e+02 1.770585409276031896e+02 1.770585157111917454e+02 1.770585010477697097e+02 1.770584180343842888e+02 1.770582722949457377e+02 1.770580552731248645e+02 1.770577633900442152e+02 1.770574918383520355e+02 1.770572374453243185e+02 1.770570038386576641e+02 1.770567734195564640e+02 1.770564846871281190e+02 1.770561482253640122e+02 1.770557459621093699e+02 1.770552729843777513e+02 1.770548276010901816e+02 1.770543955764571535e+02 1.770539801033207539e+02 1.770535655151656727e+02 1.770531194064101328e+02 1.770526571418256196e+02 1.770521558817116272e+02 1.770516098933337332e+02 1.770510906822608774e+02 1.770505765052824074e+02 1.770500755384957472e+02 1.770495653388003348e+02 1.770490500183954907e+02 1.770485411207177151e+02 1.770480143374414297e+02 1.770474637379024330e+02 1.770469334528600314e+02 1.770464036497080258e+02 1.770458761059925905e+02 1.770453369501707357e+02 1.770448109965633421e+02 1.770443109401740287e+02 1.770438120392514065e+02 1.770433076166791864e+02 1.770428203931338942e+02 1.770423247372225717e+02 1.770418272410366853e+02 1.770413148236038694e+02 1.770408274697609841e+02 1.770403788568248729e+02 1.770399454803039703e+02 1.770395189319516192e+02 1.770391041881830461e+02 1.770386737466242550e+02 1.770382371101098045e+02 1.770377798162830913e+02 1.770373566989797212e+02 1.770369786635855860e+02 1.770366271348033536e+02 1.770362902203270039e+02 1.770359609712899953e+02 1.770356123971438933e+02 1.770352496537219054e+02 1.770348687270789299e+02 1.770345220149846455e+02 1.770342235831449784e+02 1.770339569096948367e+02 1.770337117510009080e+02 1.770334673789866997e+02 1.770332019047363019e+02 1.770329203847562951e+02 1.770326203797914388e+02 1.770323548949155850e+02 1.770321389971173858e+02 1.770319590410298929e+02 1.770318048866946015e+02 1.770316479499838067e+02 1.770314683299426690e+02 1.770312711668698569e+02 1.770310576567222540e+02 1.770308771002450783e+02 1.770307467653497895e+02 1.770306551710869485e+02 1.770305941015399469e+02 1.770305246181953578e+02 1.770304349260124184e+02 1.770303257580951879e+02 1.770302023619676675e+02 1.770301148115370040e+02 1.770300741283492698e+02 1.770300782767499470e+02 1.770301160336296391e+02 1.770301440535785389e+02 1.770301551102988356e+02
