3.937015076827622417e-01 3.928798150824968638e-01 3.909177056067822398e-01 3.880961510707000017e-01 3.856731220707739771e-01 3.850040191316392302e-01 3.860190483142355578e-01 3.874924838454523179e-01 3.882399563883966453e-01 3.879323250800020828e-01 3.865790042287185480e-01 3.844144006616630471e-01 3.826217862113479584e-01 3.824773588276833003e-01 3.839654944036637874e-01 3.858362385129991412e-01 3.869153346786663450e-01 3.869297150141830510e-01 3.858770789691452485e-01 3.840289809584109815e-01 3.825487672085253199e-01 3.826744842575156014e-01 3.844130399435612411e-01 3.864970565773255817e-01 3.877547815727099279e-01 3.879415845475611135e-01 3.870485556833381247e-01 3.853656733900596154e-01 3.840444681378415992e-01 3.843015602730112668e-01 3.861547704634508138e-01 3.883292113997343642e-01 3.896564343547563314e-01 3.899043258358698139e-01 3.890609717647253163e-01 3.874189563739854902e-01 3.861203973716949012e-01 3.863730021923213465e-01 3.881930904049438746e-01 3.903150845018276693e-01 3.915803474707360565e-01 3.917527628889552749e-01 3.908235202891294779e-01 3.890697872610117125e-01 3.876295756229554135e-01 3.877218047263539247e-01 3.893548865995858921e-01 3.912908750894275589e-01 3.923855496099850626e-01 3.923842734841355706e-01 3.912893503551896357e-01 3.893630325668470116e-01 3.877635597235672971e-01 3.877388853090029119e-01 3.892909160748146968e-01 3.911802963929594812e-01 3.922500859634986403e-01 3.922347394022626110e-01 3.911351549991159970e-01 3.892133936123216564e-01 3.876289951837457726e-01 3.876264039318704779e-01 3.892035241976522508e-01 3.911144852759970147e-01 3.922005404920330673e-01 3.921975524015192116e-01 3.911038145007231792e-01 3.891762851640604426e-01 3.875636903412378320e-01 3.875061655211560208e-01 3.889996156510390768e-01 3.908171885598443196e-01 3.918139537532378536e-01 3.917194692953114288e-01 3.905394368786128667e-01 3.885248110239321040e-01 3.868367357310698584e-01 3.867320670461160681e-01 3.882054111457294843e-01 3.900257049143653898e-01 3.910381031747828251e-01 3.909689600209715343e-01 3.898205739297483929e-01 3.878471034385103655e-01 3.862059892136295303e-01 3.861432774156490222e-01 3.876514698058693420e-01 3.894948959554201950e-01 3.905209092916845925e-01 3.904582689979526622e-01 3.893072679446146767e-01 3.873134549970197460e-01 3.856193535146927864e-01 3.854653048477448829e-01 3.868386042834852101e-01 3.885318170733652043e-01 3.894125228799029115e-01 3.891982622791915758e-01 3.878995429294079811e-01 3.857458906485377037e-01 3.838918468613163881e-01 3.836012917943537048e-01 3.848552095197856904e-01 3.864559790563765196e-01 3.872682736005919057e-01 3.869968131157399127e-01 3.856543100723905937e-01 3.834684844279880322e-01 3.816018922421088866e-01 3.813243270482096769e-01 3.826166699487417722e-01 3.842715886352438548e-01 3.851450436397976240e-01 3.849463560070323642e-01 3.836850362887671007e-01 3.816024177808253204e-01 3.798629633160202079e-01 3.797271592289316322e-01 3.811871000774206819e-01 3.830142255518977357e-01 3.840530793729461378e-01 3.840328067692296288e-01 3.829558081375172285e-01 3.810925538501291343e-01 3.796093120961502310e-01 3.797478476987672380e-01 3.815234841539639765e-01 3.836692122211262657e-01 3.850103495993472680e-01 3.853133867427816495e-01 3.845693098291906309e-01 3.831045628460329477e-01 3.820950269919361486e-01 3.827578379656781937e-01 3.851622914234512085e-01 3.879628730736261466e-01 3.899105014571035976e-01 3.907261022290852703e-01
3.928798150824968638e-01 3.918384306473811640e-01 3.892921451971079194e-01 3.856835463945960107e-01 3.828266413618604536e-01 3.821627454273281987e-01 3.836108501600031806e-01 3.858149558341480434e-01 3.870167308981213306e-01 3.867010885752477090e-01 3.848791450374609568e-01 3.819809679660399748e-01 3.797664940042125847e-01 3.796262728927353725e-01 3.815435788941934359e-01 3.841476967739236303e-01 3.856897061930074644e-01 3.857050872608533409e-01 3.841917391609319665e-01 3.816121705235776540e-01 3.797042900237790897e-01 3.798276056238815701e-01 3.819901242153887488e-01 3.848075141046021774e-01 3.865318572292329447e-01 3.867239660451238237e-01 3.853734291193736672e-01 3.829589768471345357e-01 3.812063006175428481e-01 3.814578866617079345e-01 3.837333573787434227e-01 3.866421717885383247e-01 3.884383154862698917e-01 3.886933155704373477e-01 3.873932554666161820e-01 3.850194693316799088e-01 3.832886383530699215e-01 3.835363368010422658e-01 3.857803874044999914e-01 3.886372558569551328e-01 3.903705392184487200e-01 3.905481611262303643e-01 3.891601096153367023e-01 3.866736051099226579e-01 3.848028223292429550e-01 3.848925480551401157e-01 3.869518944169934027e-01 3.896209545009201580e-01 3.911780424252240262e-01 3.911753655822667319e-01 3.896153254223319040e-01 3.869530316481240573e-01 3.849241881295231149e-01 3.848992115373758849e-01 3.868796086391114719e-01 3.895036640928972171e-01 3.910368693451787281e-01 3.910211238303691883e-01 3.894574246751072999e-01 3.868009881525878435e-01 3.847888189835849126e-01 3.847872258865405737e-01 3.867937142495184166e-01 3.894404526083488083e-01 3.909912274483713923e-01 3.909894429178495945e-01 3.894332926464474931e-01 3.867729887417811763e-01 3.847338236430533076e-01 3.846777968249823210e-01 3.866004142830787860e-01 3.891505620252758701e-01 3.906075420026325906e-01 3.905098561329802265e-01 3.888639062085083586e-01 3.861148013436580539e-01 3.840005542066871613e-01 3.838977835018842488e-01 3.858003953067669078e-01 3.883537673716119243e-01 3.898276833308072509e-01 3.897571420486865557e-01 3.881453392485969545e-01 3.854395909439434220e-01 3.833736057186873936e-01 3.833137931431431777e-01 3.852516552820371420e-01 3.878283610093847256e-01 3.893164953807305428e-01 3.892540579245011290e-01 3.876415422786267939e-01 3.849182529437398248e-01 3.828014816502440243e-01 3.826516351167454366e-01 3.844549059631011123e-01 3.868770947755599265e-01 3.882136135006304389e-01 3.879934473537428041e-01 3.862286056057473993e-01 3.833443732362770695e-01 3.810698628980556113e-01 3.807853122061306550e-01 3.824699040235245429e-01 3.847982493883516653e-01 3.860639548949061362e-01 3.857850862172486628e-01 3.839763588396849503e-01 3.810609533188206166e-01 3.787754955390483236e-01 3.785041354850275930e-01 3.802255530715641929e-01 3.826073485265306662e-01 3.839349151073504496e-01 3.837308217776982389e-01 3.820059797978284655e-01 3.791950817390863926e-01 3.770349594342656818e-01 3.769018568981619133e-01 3.787867680953118654e-01 3.813403703564934855e-01 3.828366411674221648e-01 3.828152679710150053e-01 3.812786511642319853e-01 3.786873170573743508e-01 3.767781005930976312e-01 3.769126291295293307e-01 3.791072289681329810e-01 3.819813374887673918e-01 3.837876017196704126e-01 3.840986503992614431e-01 3.829035665564874957e-01 3.807134423425834191e-01 3.792740266542121153e-01 3.799317304881587032e-01 3.827670639884491743e-01 3.863486979275178035e-01 3.888763079044041393e-01 3.899100021325176968e-01
3.909177056067822398e-01 3.892921451971079194e-01 3.848240081717289041e-01 3.784105857294799979e-01 3.744635347164051997e-01 3.738138585643696055e-01 3.763858562298218469e-01 3.812710215071866138e-01 3.840484865851445107e-01 3.837108137146240106e-01 3.802624089015273490e-01 3.746760641390064484e-01 3.713809588867092448e-01 3.712521550943009840e-01 3.742753315664530955e-01 3.795672161226999464e-01 3.827149540254011217e-01 3.827333367747117188e-01 3.796203629050559636e-01 3.743580348595867968e-01 3.713472948481709168e-01 3.714644058031725815e-01 3.747150714884749934e-01 3.802200262608217973e-01 3.835646151933440051e-01 3.837711399181717442e-01 3.808320933938079689e-01 3.757339813610721113e-01 3.728646283960172503e-01 3.731015982806527576e-01 3.764594073075443470e-01 3.820595897996520440e-01 3.854843903060506394e-01 3.857586128058758113e-01 3.828722468792670752e-01 3.778126002973966613e-01 3.749615869257704737e-01 3.751960699305092461e-01 3.785288647706771537e-01 3.840799042865560287e-01 3.874396417126264591e-01 3.876314813419262095e-01 3.846481143213626996e-01 3.794729448436244823e-01 3.764877853625167581e-01 3.765709013065529076e-01 3.797295026913894977e-01 3.850881286131106473e-01 3.882534494335355135e-01 3.882472689949822420e-01 3.850714878664615037e-01 3.797110149464985041e-01 3.765754006064847004e-01 3.765491174977348421e-01 3.796345742829733139e-01 3.849534041223250380e-01 3.880964504488032540e-01 3.880797072923113933e-01 3.849037738574798695e-01 3.795526592098705798e-01 3.764379187911233160e-01 3.764391214558470700e-01 3.795531697801803328e-01 3.848967910683611104e-01 3.880616173803850821e-01 3.880628438124959501e-01 3.848992647443816306e-01 3.795502855660088937e-01 3.764110464013942225e-01 3.763591141223185388e-01 3.793908940400363417e-01 3.846288182513759590e-01 3.876855372793430177e-01 3.875791480394074617e-01 3.843146516109461341e-01 3.788726590129743999e-01 3.756619371298403065e-01 3.755640609172001265e-01 3.785753363462718846e-01 3.838176936001477801e-01 3.868939570272371120e-01 3.868197191408881408e-01 3.835973767359872055e-01 3.782057416894435975e-01 3.750461819640370509e-01 3.749940673597751961e-01 3.780411974696331057e-01 3.833061955182180403e-01 3.863991848796970996e-01 3.863367551872775585e-01 3.831194021512600578e-01 3.777192305854897847e-01 3.745141900983327554e-01 3.743757469143466632e-01 3.772923957447040788e-01 3.823899667288917503e-01 3.853104161885454459e-01 3.850740350151732327e-01 3.816894303128695043e-01 3.761266060892561880e-01 3.727737381204818679e-01 3.725053993448583789e-01 3.753063780547201689e-01 3.803047050646679583e-01 3.831453311185332167e-01 3.828462408756796442e-01 3.794178457553394335e-01 3.738288484018620905e-01 3.704704402391404416e-01 3.702153945519418565e-01 3.730477959141648148e-01 3.780956735880028341e-01 3.810002656708081359e-01 3.807813564775157089e-01 3.774468545660254470e-01 3.719670671693982023e-01 3.687277867447697477e-01 3.686017876142355654e-01 3.715826669845890273e-01 3.768003536357583116e-01 3.798845648408775699e-01 3.798600901157351273e-01 3.767288305331341070e-01 3.714691043409130145e-01 3.684627057470001299e-01 3.685865165242788732e-01 3.718541572688175423e-01 3.773970594129552047e-01 3.808178998092941470e-01 3.811507793144451872e-01 3.783913902283270736e-01 3.735397812379848137e-01 3.709849612399619412e-01 3.716287448809239558e-01 3.755461346659843547e-01 3.819123193885889944e-01 3.863474995485390306e-01 3.879610755051367543e-01
3.880961510707000017e-01 3.856835463945960107e-01 3.784105857294799979e-01 3.687786919166384236e-01 3.641022741881236313e-01 3.634672188334487353e-01 3.668523977178506645e-01 3.748186518109183352e-01 3.798778422222575668e-01 3.795085252773545137e-01 3.736916746868332306e-01 3.650333547828335523e-01 3.609952679052732538e-01 3.608795843267136316e-01 3.646848024344891970e-01 3.730578746441474136e-01 3.785406058177225308e-01 3.785639911977498606e-01 3.731268298003054262e-01 3.647884232978914065e-01 3.609982557193744945e-01 3.611094621458175169e-01 3.651171372371753709e-01 3.737028765900117788e-01 3.794104927089677060e-01 3.796391426943881431e-01 3.743929308875268980e-01 3.662078291105169692e-01 3.625371209876450118e-01 3.627589738310687539e-01 3.668662800696637083e-01 3.755560565826396857e-01 3.813619062286359718e-01 3.816655643889209637e-01 3.764727374022800443e-01 3.683155887416693641e-01 3.646566099123250138e-01 3.648781775906824176e-01 3.689715811772505405e-01 3.776257297619567965e-01 3.833668185079559532e-01 3.835806855932660242e-01 3.782710353772185119e-01 3.699894519391764280e-01 3.662034330272999072e-01 3.662789374264378561e-01 3.702154652851418759e-01 3.786765984969887033e-01 3.841905326602981230e-01 3.841777444994772250e-01 3.786402380569198756e-01 3.701669406149744601e-01 3.662451797809861409e-01 3.662162882756092031e-01 3.700847724875208078e-01 3.785079139190895559e-01 3.839993805488030043e-01 3.839808418428165560e-01 3.784523981873002541e-01 3.699978656003485300e-01 3.661037809875909432e-01 3.661091796145823918e-01 3.700104564730165024e-01 3.784643010867053681e-01 3.839870721876584292e-01 3.839940163023076725e-01 3.784836344008180031e-01 3.700342338159902100e-01 3.661163433288543989e-01 3.660690054387199521e-01 3.698932182956097825e-01 3.782329620416369775e-01 3.836226013788536782e-01 3.835022055098244453e-01 3.778709765410253052e-01 3.693266501106866606e-01 3.653436802284014684e-01 3.652502964592260204e-01 3.690516023212385699e-01 3.773923831123516259e-01 3.828043791369314941e-01 3.827247464014314482e-01 3.771516862861413744e-01 3.686691228559663691e-01 3.647411167508537999e-01 3.646989007939576144e-01 3.685388689367573578e-01 3.769057050868166447e-01 3.823423438976980004e-01 3.822814282395525232e-01 3.767195569835917190e-01 3.682343553495736610e-01 3.642643715345484923e-01 3.641388322769661401e-01 3.678590378978475184e-01 3.760475424269916767e-01 3.812762986035194146e-01 3.810146942857360330e-01 3.752583255462769718e-01 3.666127655842503774e-01 3.625098751888727877e-01 3.622580468896330896e-01 3.658661920417300428e-01 3.739433455203506895e-01 3.790729555178634635e-01 3.787429321788386982e-01 3.729467697355333677e-01 3.642900501755138576e-01 3.601908336428933932e-01 3.599530016293073231e-01 3.635836627262183929e-01 3.716978572300331241e-01 3.768924360621476732e-01 3.766509033531016959e-01 3.709687542736618271e-01 3.624308519790576666e-01 3.584417529896372634e-01 3.583228567456763769e-01 3.620787695000461937e-01 3.703507626767272853e-01 3.757418845645270622e-01 3.757122069902047445e-01 3.702625330323607300e-01 3.619445889650719228e-01 3.581627398736977885e-01 3.582739297431121739e-01 3.622797584884406286e-01 3.708721648010300798e-01 3.766438745260951015e-01 3.770080985235554905e-01 3.719836628398135447e-01 3.640739348023449007e-01 3.607123250087144184e-01 3.613416875733376776e-01 3.659831511489102240e-01 3.755438377731307731e-01 3.827631687372395342e-01 3.851578973672013517e-01
3.856731220707739771e-01 3.828266413618604536e-01 3.744635347164051997e-01 3.641022741881236313e-01 3.592389098141960946e-01 3.586096627286031180e-01 3.621933049296914842e-01 3.707721704368331372e-01 3.766078896913387375e-01 3.762208478226936048e-01 3.695962242980012080e-01 3.603336041102467302e-01 3.561248932478779938e-01 3.560187233288951147e-01 3.600157970330224444e-01 3.690056853832195394e-01 3.752909773311665087e-01 3.753213699003195569e-01 3.690951601932926929e-01 3.601487500776588413e-01 3.561746411429826953e-01 3.562873507300454712e-01 3.604802716352732417e-01 3.696871322390068437e-01 3.762124277213240719e-01 3.764594986084039419e-01 3.704288462940688587e-01 3.616278313012293300e-01 3.577638689271124273e-01 3.579835205713001733e-01 3.622763722258927066e-01 3.715964799276015862e-01 3.782327245318053421e-01 3.785610123631656943e-01 3.725821433871000510e-01 3.638019729059260299e-01 3.599468369781009813e-01 3.601697065369447448e-01 3.644577661239843946e-01 3.737556621071688179e-01 3.803334544480009849e-01 3.805676466106723277e-01 3.744579379622347548e-01 3.655412173437163625e-01 3.615533329310788857e-01 3.616243304265662761e-01 3.657526083483730872e-01 3.748452716723127964e-01 3.811665720901144527e-01 3.811422688035375761e-01 3.747753676184100713e-01 3.656550168564146053e-01 3.615299867130741807e-01 3.614939835122051859e-01 3.655525133445787223e-01 3.746055828866163284e-01 3.809071235147593049e-01 3.808869858995426738e-01 3.745454711934581571e-01 3.654603062698196791e-01 3.613765677725561676e-01 3.613883718060642014e-01 3.654918091209158337e-01 3.745900028999546993e-01 3.809386728682053747e-01 3.809552366924775502e-01 3.746374916354853202e-01 3.655571560247214413e-01 3.614467051957437338e-01 3.614014645056415898e-01 3.654229314377497873e-01 3.743942094001488363e-01 3.805854196050967864e-01 3.804498114765205163e-01 3.739892876529526400e-01 3.648033089810803209e-01 3.606236707973873856e-01 3.605277774498920063e-01 3.645224322525993377e-01 3.734925470895187338e-01 3.797107233416981420e-01 3.796281949972473702e-01 3.732444617009824106e-01 3.641364641811797309e-01 3.600239051241370114e-01 3.599920969697946727e-01 3.640379309306154831e-01 3.730491239710158613e-01 3.793078672481234315e-01 3.792553703493898865e-01 3.728883299440012844e-01 3.637772906208995294e-01 3.596205500678091305e-01 3.595022146142164421e-01 3.634254841026701155e-01 3.722455311010930967e-01 3.782674544003113426e-01 3.779839266495997330e-01 3.713952490094583614e-01 3.621120335323642081e-01 3.578185816527433283e-01 3.575675486498192668e-01 3.613720511177737627e-01 3.700681313428374475e-01 3.759773918845495388e-01 3.756220398408326444e-01 3.690012747400324700e-01 3.597202159971696345e-01 3.554387496254819978e-01 3.552044175680640348e-01 3.590280327718853859e-01 3.677536464785087222e-01 3.737265744936129619e-01 3.734665205275509159e-01 3.669728838380603153e-01 3.578195537219548417e-01 3.536478049104827548e-01 3.535282044193306938e-01 3.574672595729158076e-01 3.663425626253964396e-01 3.725167403367538044e-01 3.724800561100673479e-01 3.662341124643881396e-01 3.573046451807107560e-01 3.533331380543242028e-01 3.534353135827381087e-01 3.576104685527990990e-01 3.668025807686750572e-01 3.733759710726944903e-01 3.737578201381321907e-01 3.679629474643912879e-01 3.594456013343571565e-01 3.558873258137902895e-01 3.565109804903939805e-01 3.613378927073489510e-01 3.716222536621305861e-01 3.799233418355429936e-01 3.827486503935453310e-01
3.850040191316392302e-01 3.821627454273281987e-01 3.738138585643696055e-01 3.634672188334487353e-01 3.586096627286031180e-01 3.579782123820387518e-01 3.615512398087205037e-01 3.701116792611792161e-01 3.759326773361034713e-01 3.755484384462600689e-01 3.689442429569433912e-01 3.597047544315065126e-01 3.555108630693735727e-01 3.554113013868845372e-01 3.594065707829804945e-01 3.683881459410561776e-01 3.746683286904327059e-01 3.747076321092434048e-01 3.685043532998980575e-01 3.595812745807568378e-01 3.556230867772367521e-01 3.557460090940058328e-01 3.599435336792224938e-01 3.691515916593573476e-01 3.756801879123838894e-01 3.759391733942339942e-01 3.699288482181406490e-01 3.611465588815178096e-01 3.572967164232333515e-01 3.575290826297252145e-01 3.618331456872354579e-01 3.711655648778756089e-01 3.778152226018830495e-01 3.781593291233509846e-01 3.721985855703103252e-01 3.634326364167875245e-01 3.595918196236844722e-01 3.598328120298558419e-01 3.641427961166822658e-01 3.734682225593839999e-01 3.800709431449870723e-01 3.803218553778975886e-01 3.742193593199882318e-01 3.653001394431467652e-01 3.613090515514562617e-01 3.613787461368612175e-01 3.655076206875343403e-01 3.746002773167841915e-01 3.809121598226851702e-01 3.808702330242636491e-01 3.744788025473291815e-01 3.653323225568480548e-01 3.611881693465886500e-01 3.611387483896492667e-01 3.651903657447755913e-01 3.742409262392643599e-01 3.805388582479713455e-01 3.805173193941412402e-01 3.741765104486752258e-01 3.650913527323241814e-01 3.610123244754567806e-01 3.610347427624083783e-01 3.651538999222991300e-01 3.742739183221862054e-01 3.806429133569005918e-01 3.806741983520927075e-01 3.743645698395280941e-01 3.652839408093211393e-01 3.611718921046132014e-01 3.611259523411237682e-01 3.651478187351885341e-01 3.741176928804790802e-01 3.802990887847234602e-01 3.801474606832128678e-01 3.736656136294422281e-01 3.644573099656152060e-01 3.602613537628236995e-01 3.601539463201257063e-01 3.641425931159167351e-01 3.731106035197874204e-01 3.793261760056371723e-01 3.792442499546202495e-01 3.728642256631150564e-01 3.637595361338587518e-01 3.596542890256293479e-01 3.596354991563943115e-01 3.636991573914249432e-01 3.727345826905928972e-01 3.790164565947194419e-01 3.789812841219898920e-01 3.726245604452577687e-01 3.635153254359608233e-01 3.593587872018832452e-01 3.592419543949375571e-01 3.631678276436688946e-01 3.719889757541678388e-01 3.780026883046527231e-01 3.777029398255905002e-01 3.710908319574953707e-01 3.617821837581559619e-01 3.574682044915968304e-01 3.571994491500372071e-01 3.609896314467129219e-01 3.696707923076814062e-01 3.755614275735229546e-01 3.751909553975826817e-01 3.685583755776688508e-01 3.592667036128614488e-01 3.549753235954337671e-01 3.547290759166139562e-01 3.585383714676737554e-01 3.672450597840009601e-01 3.731975607974131748e-01 3.729260915742554916e-01 3.664304523902265909e-01 3.572773225235857941e-01 3.531019692220931372e-01 3.529725554695611889e-01 3.568956889747094130e-01 3.657476606299689403e-01 3.718989079623740701e-01 3.718537123554219725e-01 3.656136768475298782e-01 3.566934215576710310e-01 3.527242180791815285e-01 3.528200849711506382e-01 3.569805197893263227e-01 3.661494009924884385e-01 3.727022639109858204e-01 3.730815092142961142e-01 3.673018570564330898e-01 3.588033364517024260e-01 3.552558754398216223e-01 3.558820329745249755e-01 3.607028373239752339e-01 3.709722783968986692e-01 3.792587468028023046e-01 3.820789482208263310e-01
3.860190483142355578e-01 3.836108501600031806e-01 3.763858562298218469e-01 3.668523977178506645e-01 3.621933049296914842e-01 3.615512398087205037e-01 3.649026707096428845e-01 3.727488594544449696e-01 3.777441604544795606e-01 3.773833528286170136e-01 3.716468110854691531e-01 3.631226728369960632e-01 3.591320497508898035e-01 3.590362907488630628e-01 3.628346947012653367e-01 3.711224440946276348e-01 3.765718231479764921e-01 3.766225418258047353e-01 3.712712957496008825e-01 3.630611648289147619e-01 3.593211641545129287e-01 3.594631081218194746e-01 3.634846930896590278e-01 3.720220538773664209e-01 3.777239507792405360e-01 3.779890441343004004e-01 3.728184355694446062e-01 3.647383804209978209e-01 3.611110302021484086e-01 3.613703281779068188e-01 3.655132706063548564e-01 3.741987214123304595e-01 3.800323923674138737e-01 3.803845088764294391e-01 3.752570734319719548e-01 3.671803432719786819e-01 3.635630225425297013e-01 3.638392583649006640e-01 3.680041433374413584e-01 3.767159437285605428e-01 3.825262061005624270e-01 3.827927388341533788e-01 3.775123363893303496e-01 3.692459909727096590e-01 3.654467597059079531e-01 3.655179548757537811e-01 3.694592753354053460e-01 3.778965500068621752e-01 3.833745179930799774e-01 3.833059533601324009e-01 3.777003697684825356e-01 3.691746254611664169e-01 3.651892897486574974e-01 3.651196435782380623e-01 3.689690917070366227e-01 3.773483501345440416e-01 3.828190752029626553e-01 3.827961325314042651e-01 3.772801228757242664e-01 3.688624665938072811e-01 3.649805107204477927e-01 3.650180553165057185e-01 3.689722963698630620e-01 3.774636735852370806e-01 3.830410082902607760e-01 3.830949209587781734e-01 3.776176018676851709e-01 3.691936608053611457e-01 3.652684738280323473e-01 3.652193378013421921e-01 3.690468529536709008e-01 3.773558441815217379e-01 3.827071277045966946e-01 3.825352692230278295e-01 3.768468795646847114e-01 3.682642221063180954e-01 3.642267900119396939e-01 3.640985633239769981e-01 3.678833462611115213e-01 3.761798610388797925e-01 3.815734304717318670e-01 3.814955052672349134e-01 3.759442857746455591e-01 3.675092999490381374e-01 3.636015283445953594e-01 3.635988691597515365e-01 3.674987165575216430e-01 3.759106098761231807e-01 3.814100323339857379e-01 3.814039943482102624e-01 3.758818842566206686e-01 3.674272323129225692e-01 3.634556516744734123e-01 3.633350213735527245e-01 3.670661413653132366e-01 3.752336160677505195e-01 3.804298288478573098e-01 3.801165575662713847e-01 3.742963081993714858e-01 3.656008866305791583e-01 3.614309079912640943e-01 3.611261103332324973e-01 3.646918983124144975e-01 3.726850380604567747e-01 3.777477579906836636e-01 3.773709740647624433e-01 3.715522832955216459e-01 3.629064812213456670e-01 3.587757230629346483e-01 3.585023433967671758e-01 3.620897459396530405e-01 3.700969963340253743e-01 3.752155734903934725e-01 3.749392946459361164e-01 3.692667590975229897e-01 3.607819301758929953e-01 3.567820166780209523e-01 3.566338808994176657e-01 3.603399258296949847e-01 3.684827451316683988e-01 3.737879516987892559e-01 3.737321397547013202e-01 3.683183140831234881e-01 3.600884891198035676e-01 3.563153516585829128e-01 3.564076156186594124e-01 3.603659805719664488e-01 3.688238057556751381e-01 3.745151072795119829e-01 3.748714206451995157e-01 3.699121726474354221e-01 3.621239081023428508e-01 3.587968452332372937e-01 3.594334178167878369e-01 3.640570565946729675e-01 3.735183097624432125e-01 3.806887751882460091e-01 3.830787966574532022e-01
3.874924838454523179e-01 3.858149558341480434e-01 3.812710215071866138e-01 3.748186518109183352e-01 3.707721704368331372e-01 3.701116792611792161e-01 3.727488594544449696e-01 3.776155924906757222e-01 3.804070704002379122e-01 3.800828127062523820e-01 3.766467255638397682e-01 3.711071455242419548e-01 3.677784956331162092e-01 3.676863370006310250e-01 3.708200527915533895e-01 3.761449687382225071e-01 3.793494725050332028e-01 3.794139111165777956e-01 3.763314771165389150e-01 3.711202199350097097e-01 3.680874493808861114e-01 3.682593267990019181e-01 3.716508673026663878e-01 3.772362091522715732e-01 3.806705032107011721e-01 3.809390023581775697e-01 3.780268896687918323e-01 3.729585226933205266e-01 3.700628325349434311e-01 3.703655810705395179e-01 3.738949005363774170e-01 3.796303364462139118e-01 3.831841893299899326e-01 3.835407118495318124e-01 3.806804813368024343e-01 3.756332605377755707e-01 3.727663260428072389e-01 3.730997318420291586e-01 3.766612112184746231e-01 3.824302087875643408e-01 3.859691639499528426e-01 3.862552207646034463e-01 3.832665525385956506e-01 3.780255117550037069e-01 3.749400231035540099e-01 3.750144207222929071e-01 3.782566142131011944e-01 3.836663758420504888e-01 3.868270718635944405e-01 3.867209539908497140e-01 3.833652452355885143e-01 3.777919141835753836e-01 3.744387206544884106e-01 3.743366355872003171e-01 3.774812576098717787e-01 3.828499274277482600e-01 3.860370193667281291e-01 3.860128700354044096e-01 3.827790788599738092e-01 3.773646112005535347e-01 3.741765902193868176e-01 3.742383784009091774e-01 3.775515865007720295e-01 3.830853439593062681e-01 3.864111806917766567e-01 3.864976310663268411e-01 3.833299682392097840e-01 3.779258483675515534e-01 3.746946055759164396e-01 3.746396772567541222e-01 3.777563696640744983e-01 3.830407465790682808e-01 3.860931594313081749e-01 3.858938569386665685e-01 3.824627580039840491e-01 3.768274334612882193e-01 3.734138561690313884e-01 3.732511001082247093e-01 3.763287652096236613e-01 3.816243882992125247e-01 3.847506204203205438e-01 3.846788946715580249e-01 3.814117077180674276e-01 3.759732287338327095e-01 3.727554025809741156e-01 3.727773921793949286e-01 3.760371086082414660e-01 3.815055767086820704e-01 3.847724017807150898e-01 3.848083111450542049e-01 3.815987792129960643e-01 3.761550619080925029e-01 3.728712234893490907e-01 3.727427963967372970e-01 3.757572782347962659e-01 3.809143284921244765e-01 3.838371830110028360e-01 3.835080826895492234e-01 3.799504520590890611e-01 3.741798562910437220e-01 3.706051946514162254e-01 3.702414289598695007e-01 3.730583287965837935e-01 3.780407341558299494e-01 3.808547254715483055e-01 3.804762319025912221e-01 3.769253756714535664e-01 3.712105124483713881e-01 3.676874846980441314e-01 3.673703554504125779e-01 3.702298929491578683e-01 3.752463283437821873e-01 3.781244849028596033e-01 3.778464984867002663e-01 3.744274845576103794e-01 3.688745005357464413e-01 3.654997381194361461e-01 3.653218686706833918e-01 3.683253777866352663e-01 3.734911941193903573e-01 3.765452654464936932e-01 3.764766323437931383e-01 3.732924018502531971e-01 3.680043380256038388e-01 3.648910957077774464e-01 3.649799585430197335e-01 3.682811444454163197e-01 3.737764824131267205e-01 3.771847060561873688e-01 3.775051690576334273e-01 3.747338643513218326e-01 3.699033840150425245e-01 3.672854786911768366e-01 3.679403774749094858e-01 3.719558993546585590e-01 3.783587333605356040e-01 3.828681134695831600e-01 3.845328580925463924e-01
3.882399563883966453e-01 3.870167308981213306e-01 3.840484865851445107e-01 3.798778422222575668e-01 3.766078896913387375e-01 3.759326773361034713e-01 3.777441604544795606e-01 3.804070704002379122e-01 3.818867095460418692e-01 3.815884863605745192e-01 3.795247190286050731e-01 3.762150938792760413e-01 3.736939101045224088e-01 3.736094582472752612e-01 3.759477151669875505e-01 3.790668060424183250e-01 3.809385441904377667e-01 3.810208065632668673e-01 3.793068855725038602e-01 3.763504116574712954e-01 3.741639551283335585e-01 3.743672681278533698e-01 3.769798716424325180e-01 3.803456736422151097e-01 3.824290792356393465e-01 3.827119963571328221e-01 3.811762048691921811e-01 3.783936562477337451e-01 3.763711125359555099e-01 3.767166110171676352e-01 3.794679957749877430e-01 3.829603643082951092e-01 3.851483110361005879e-01 3.855236565072219235e-01 3.840627733280360667e-01 3.813474272680886235e-01 3.793867818211199561e-01 3.797814629734922454e-01 3.825676150059359459e-01 3.860719223561506208e-01 3.882420685122138226e-01 3.885648724187506509e-01 3.870143994347529648e-01 3.841472868379360861e-01 3.819530695425249478e-01 3.820284658354317076e-01 3.843842897100874789e-01 3.874141115458732965e-01 3.891211858982454586e-01 3.889645984296385417e-01 3.869629728686248549e-01 3.836530234603872103e-01 3.810924755161434474e-01 3.809510416508709030e-01 3.832238201271548905e-01 3.862769378617993410e-01 3.880682843804197923e-01 3.880418303654915024e-01 3.861993729152801702e-01 3.830920524903853042e-01 3.807650775147658484e-01 3.808578163492018498e-01 3.833713819611767604e-01 3.866404517737423441e-01 3.886102928884294094e-01 3.887409000854992747e-01 3.870161442553548548e-01 3.839762581948036324e-01 3.816212896576526292e-01 3.815612681082487523e-01 3.837903008840928276e-01 3.867084466248728591e-01 3.883223471169492402e-01 3.880804851274152201e-01 3.860055820171161001e-01 3.826258566585096776e-01 3.799986395168046815e-01 3.797961439753290702e-01 3.820059721189677515e-01 3.850004400059990894e-01 3.867440268179030416e-01 3.866766040988960929e-01 3.848020656060613942e-01 3.816653575272715426e-01 3.793064915630472989e-01 3.793615388711197856e-01 3.818267112551280151e-01 3.850444813749497874e-01 3.869688083295029779e-01 3.870572844791819733e-01 3.852955813771194449e-01 3.822152259274003150e-01 3.798066714144217593e-01 3.796737503516670609e-01 3.817998565240190989e-01 3.846001567772598384e-01 3.860980983431873681e-01 3.857347481019164359e-01 3.835384359179545011e-01 3.800153532638081422e-01 3.772074299567647060e-01 3.767814901664868210e-01 3.786977934379998079e-01 3.813676992804446164e-01 3.827955256609513746e-01 3.824005060633345887e-01 3.802071666406803829e-01 3.767181937317336526e-01 3.739661100802029181e-01 3.736065300192127348e-01 3.755998119341600328e-01 3.783498031243685000e-01 3.798641233432949460e-01 3.795734161549430552e-01 3.774961024338906457e-01 3.741456804385239754e-01 3.715436633327593996e-01 3.713349575442097539e-01 3.734992432028471643e-01 3.764289523513030811e-01 3.781262948973003191e-01 3.780409370705669625e-01 3.761797846210048202e-01 3.730806674150934921e-01 3.707566917680851781e-01 3.708381479705971095e-01 3.733385588318357540e-01 3.766219183785144420e-01 3.786691076190531469e-01 3.789641347856840814e-01 3.774947825849768179e-01 3.748510476803952884e-01 3.730523476176662023e-01 3.737220674571947732e-01 3.769672522114694280e-01 3.811065375937940369e-01 3.840525112440583699e-01 3.852665485326673411e-01
3.879323250800020828e-01 3.867010885752477090e-01 3.837108137146240106e-01 3.795085252773545137e-01 3.762208478226936048e-01 3.755484384462600689e-01 3.773833528286170136e-01 3.800828127062523820e-01 3.815884863605745192e-01 3.813007760209256580e-01 3.792317991069346639e-01 3.759073503335714217e-01 3.733825594896099109e-01 3.733114234576938584e-01 3.756803211431262723e-01 3.788412683075385590e-01 3.807471513311352362e-01 3.808536428746875369e-01 3.791532358979842754e-01 3.762047668146006885e-01 3.740317234029696403e-01 3.742566623306430307e-01 3.768998057151694558e-01 3.803010555034214146e-01 3.824172037119930589e-01 3.827311579782727846e-01 3.812237972994912405e-01 3.784697778099737620e-01 3.764738626632426199e-01 3.768439903048985129e-01 3.796196063001614496e-01 3.831360094262517557e-01 3.853538947615670618e-01 3.857697894941095607e-01 3.843598654659458602e-01 3.817065895788466778e-01 3.798025113033520750e-01 3.802425492536178342e-01 3.830621465790668423e-01 3.865900900798415751e-01 3.887984890620543310e-01 3.891851736252660010e-01 3.877211065469329254e-01 3.849534124766419430e-01 3.828149603228072628e-01 3.828864489179293895e-01 3.851786922553298020e-01 3.881024806365258040e-01 3.897165362138388933e-01 3.894891525279254862e-01 3.874421578155010093e-01 3.841024566638354676e-01 3.815079563653461792e-01 3.813281708306135442e-01 3.835605024801986840e-01 3.865761827964345199e-01 3.883463095411523458e-01 3.883161516697729021e-01 3.864875078244993101e-01 3.834098181440225850e-01 3.811162838028736011e-01 3.812414687200882391e-01 3.837840818386057395e-01 3.870788000704152854e-01 3.890884038543554468e-01 3.892816994643628070e-01 3.876394531479252503e-01 3.846932874814273373e-01 3.823918905849532646e-01 3.823303710125707244e-01 3.845025370173679735e-01 3.873239658106634731e-01 3.888521610219231039e-01 3.885439155137998535e-01 3.864251546388936531e-01 3.830152873181942308e-01 3.803554269009601363e-01 3.801180889552556175e-01 3.822934777777015070e-01 3.852583149189178768e-01 3.869872891876203203e-01 3.869213722060941829e-01 3.850644592811136024e-01 3.819605941832240337e-01 3.796389792743526947e-01 3.797313790567479197e-01 3.822313032585373804e-01 3.854810222225504845e-01 3.874517165063280366e-01 3.876102903301438807e-01 3.859390099698784549e-01 3.829609923663902515e-01 3.806138213105746959e-01 3.804849078220003400e-01 3.825576456855998009e-01 3.852625221292441671e-01 3.866766543575756998e-01 3.862504221464889143e-01 3.840150582006184310e-01 3.804663420548367592e-01 3.776242738758737172e-01 3.771540758378697511e-01 3.790167086181595590e-01 3.816286383469584265e-01 3.830085021251794508e-01 3.825744312863875729e-01 3.803513530011880528e-01 3.768375465636055188e-01 3.740614309001215054e-01 3.736784206135772557e-01 3.756475706517534707e-01 3.783722289876195188e-01 3.798605147007906302e-01 3.795401685165821215e-01 3.774306120378229101e-01 3.740446423901672701e-01 3.714123850213948974e-01 3.711829515975732519e-01 3.733355218846405310e-01 3.762594232798595617e-01 3.779448502049314595e-01 3.778363612304189156e-01 3.759413640282883162e-01 3.728003905340160351e-01 3.704460742400692563e-01 3.705148133046425873e-01 3.730198304225100236e-01 3.763192114827252355e-01 3.783724092454676113e-01 3.786574229012947823e-01 3.771621360608241047e-01 3.744816514883200775e-01 3.726595201635772292e-01 3.733266362409117800e-01 3.765899459071231914e-01 3.807614740461755520e-01 3.837298777113551385e-01 3.849520264010178883e-01
3.865790042287185480e-01 3.848791450374609568e-01 3.802624089015273490e-01 3.736916746868332306e-01 3.695962242980012080e-01 3.689442429569433912e-01 3.716468110854691531e-01 3.766467255638397682e-01 3.795247190286050731e-01 3.792317991069346639e-01 3.757734739508531430e-01 3.701676941543569632e-01 3.668300242700621716e-01 3.667777147929357495e-01 3.699991455776777682e-01 3.754670551988756877e-01 3.787819042249089829e-01 3.789184306309926753e-01 3.758733321024566032e-01 3.706725687023657012e-01 3.676786367834211089e-01 3.679157930000049870e-01 3.713961496192388911e-01 3.770944471942647147e-01 3.806320757214142203e-01 3.809930855548758211e-01 3.781668655266731682e-01 3.731828792967572528e-01 3.703619697551854828e-01 3.707381048899689446e-01 3.743393180997456327e-01 3.801398521437505673e-01 3.837843239099847370e-01 3.842617930832141759e-01 3.815604449371139961e-01 3.767135489054865283e-01 3.740075044259812964e-01 3.744786824825104832e-01 3.781440028785780783e-01 3.839572813668213902e-01 3.876102938779037443e-01 3.880894958221782765e-01 3.853794674654418828e-01 3.804843396075213158e-01 3.775525304361184165e-01 3.776148039476185381e-01 3.806805723879301273e-01 3.857249814392323395e-01 3.885869946156000343e-01 3.882665859770062511e-01 3.847744681053030802e-01 3.791355035531550066e-01 3.756776504966763408e-01 3.754582088389360472e-01 3.784863952122263786e-01 3.837285422626288134e-01 3.868471694032908914e-01 3.868118101791877539e-01 3.836236635124345429e-01 3.783117977134047849e-01 3.752199948084989911e-01 3.753816235877770469e-01 3.787850773067735211e-01 3.843743579552100775e-01 3.878200875652652035e-01 3.880966051573906950e-01 3.851945931976979431e-01 3.801146855880852549e-01 3.770320397849079574e-01 3.769723177982252094e-01 3.799313252195142820e-01 3.848829007139216718e-01 3.876599760434683573e-01 3.872597202315145593e-01 3.836957450877854781e-01 3.779901168982728321e-01 3.744761074364023612e-01 3.742067192205398851e-01 3.771850708354210768e-01 3.823795900822177796e-01 3.854578802319974518e-01 3.853906732452280215e-01 3.821806660324595373e-01 3.768529312112650631e-01 3.737428516840300419e-01 3.738788028873245572e-01 3.772450753134964363e-01 3.827882654334712198e-01 3.861953939898130073e-01 3.864432977206913589e-01 3.835241596527036445e-01 3.784319133472275887e-01 3.753187071645116002e-01 3.752026039461113793e-01 3.780698972105720479e-01 3.828953161617237311e-01 3.855485194455510189e-01 3.850291701822355916e-01 3.813543863382767296e-01 3.755312206667675845e-01 3.718511201510846242e-01 3.713529772024476427e-01 3.740168771005502046e-01 3.788132387667152989e-01 3.814780354053068367e-01 3.809834887069596943e-01 3.773421129696466481e-01 3.715579577216689966e-01 3.679636354524202790e-01 3.675767143359085498e-01 3.703682627305218689e-01 3.753114026704629791e-01 3.781113568851278139e-01 3.777453533062934410e-01 3.742241034653686071e-01 3.685565658544853740e-01 3.650939860065301468e-01 3.648537339217441389e-01 3.678231980352919539e-01 3.729858114154914195e-01 3.760077403698159904e-01 3.758701153614212309e-01 3.725766386694320254e-01 3.671448815873586402e-01 3.639447227019264042e-01 3.639953347778600579e-01 3.673083369557483824e-01 3.728739697490884297e-01 3.763073270343940679e-01 3.765978504074723454e-01 3.737402298820164948e-01 3.687756693006560837e-01 3.660922761771853162e-01 3.667392643290374732e-01 3.708048537630941333e-01 3.773283497433820854e-01 3.819116296872463456e-01 3.835992048239704189e-01
