1.770772197651243971e+02 1.770772203024060332e+02 1.770772219008604793e+02 1.770772244185115483e+02 1.770772327837190687e+02 1.770772520191868864e+02 1.770772755378865781e+02 1.770773029824402727e+02 1.770773255010343803e+02 1.770773492408993945e+02 1.770773729601107789e+02 1.770774045643544241e+02 1.770774481786654917e+02 1.770774964343350462e+02 1.770775529942817457e+02 1.770776021100020898e+02 1.770776419152331584e+02 1.770776819121238645e+02 1.770777202716186594e+02 1.770777681123142315e+02 1.770778278884008330e+02 1.770778918903672263e+02 1.770779567626047140e+02 1.770780113681301486e+02 1.770780553599707901e+02 1.770780940267480332e+02 1.770781313362096512e+02 1.770781731693013512e+02 1.770782216458019036e+02 1.770782707417642428e+02 1.770783181094358554e+02 1.770783534634826708e+02 1.770783790186385431e+02 1.770783969109455711e+02 1.770784088113523467e+02 1.770784187151830338e+02 1.770784234678285145e+02 1.770784234900489196e+02 1.770784168849752120e+02 1.770784035951364217e+02 1.770783866376890501e+02 1.770783606337288347e+02 1.770783268753085338e+02 1.770782745303853858e+02 1.770782027907485201e+02 1.770781203365735337e+02 1.770780280917588243e+02 1.770779432838816660e+02 1.770778639951867319e+02 1.770777760588554486e+02 1.770776753744042082e+02 1.770775417174920960e+02 1.770773695331658928e+02 1.770771864374594315e+02 1.770769958580246168e+02 1.770768247807036744e+02 1.770766752841757352e+02 1.770765168440993591e+02 1.770763458698978070e+02 1.770761276637410049e+02 1.770758541657230580e+02 1.770755705402548017e+02 1.770752817225988736e+02 1.770750302263913625e+02 1.770748139164823840e+02 1.770745940893697821e+02 1.770743626824161936e+02 1.770740696729997410e+02 1.770737145732064164e+02 1.770733492570485339e+02 1.770729825758994593e+02 1.770726684609031167e+02 1.770724054605105380e+02 1.770721406278825896e+02 1.770718654106272254e+02 1.770715245469422996e+02 1.770711148415861089e+02 1.770706995427564721e+02 1.770702864367957261e+02 1.770699412198198388e+02 1.770696529191887976e+02 1.770693669289407524e+02 1.770690751864435981e+02 1.770687154684751476e+02 1.770682874115952643e+02 1.770678595218988960e+02 1.770674403094958222e+02 1.770670907931524880e+02 1.770668035509334572e+02 1.770665194310232664e+02 1.770662322556687229e+02 1.770658842349855888e+02 1.770654716923197896e+02 1.770650645583674816e+02 1.770646665946285623e+02 1.770643393723316308e+02 1.770640737992784750e+02 1.770638114215712733e+02 1.770635483352333495e+02 1.770632321042952810e+02 1.770628618927535456e+02 1.770624982916633599e+02 1.770621484134163097e+02 1.770618605600031685e+02 1.770616310596060146e+02 1.770614062997375129e+02 1.770611814655950695e+02 1.770609148698587205e+02 1.770606038391592278e+02 1.770603042016033442e+02 1.770600213108216110e+02 1.770597916537356014e+02 1.770596083188497403e+02 1.770594303849474045e+02 1.770592566411947075e+02 1.770590493446196945e+02 1.770588159008328830e+02 1.770585928106256972e+02 1.770583851444968388e+02 1.770582224368063748e+02 1.770580939201213084e+02 1.770579723878836944e+02 1.770578533059366464e+02 1.770577180561203647e+02 1.770575676084021097e+02 1.770574296208537817e+02 1.770573080721774488e+02 1.770572154278554819e+02 1.770571466464030834e+02 1.770570850925208504e+02 1.770570265278182376e+02 1.770569643327088158e+02 1.770569022815237759e+02 1.770568557157585872e+02 1.770568223751709525e+02 1.770568062555454958e+02 1.770567989711999815e+02 1.770567961338770715e+02
1.770772203024060332e+02 1.770772209363526031e+02 1.770772202359774781e+02 1.770772222802888223e+02 1.770772303543475630e+02 1.770772480020868898e+02 1.770772741357081372e+02 1.770773026123376326e+02 1.770773244009397445e+02 1.770773494176756913e+02 1.770773728325383729e+02 1.770774038279230922e+02 1.770774444534366978e+02 1.770774953926914748e+02 1.770775512900065962e+02 1.770776027771237011e+02 1.770776437221489346e+02 1.770776814552494614e+02 1.770777213587328447e+02 1.770777685642119366e+02 1.770778257225107666e+02 1.770778905427144707e+02 1.770779578669437910e+02 1.770780139396525499e+02 1.770780577577936299e+02 1.770780960224802243e+02 1.770781322085191221e+02 1.770781743123302476e+02 1.770782228510629182e+02 1.770782718404684601e+02 1.770783202689886195e+02 1.770783570730965266e+02 1.770783824687895844e+02 1.770783999617823667e+02 1.770784134814151969e+02 1.770784214316889802e+02 1.770784235441403780e+02 1.770784239175161190e+02 1.770784197251826129e+02 1.770784082997903397e+02 1.770783934075788579e+02 1.770783674539627270e+02 1.770783326195183918e+02 1.770782793177325232e+02 1.770782046142336696e+02 1.770781212523153840e+02 1.770780324052799983e+02 1.770779476764944036e+02 1.770778704484367552e+02 1.770777825717020733e+02 1.770776835508797831e+02 1.770775476681314160e+02 1.770773740117668353e+02 1.770771896412991850e+02 1.770769979518318848e+02 1.770768282792582511e+02 1.770766789955525553e+02 1.770765219586498347e+02 1.770763544823930715e+02 1.770761322875438850e+02 1.770758582667158123e+02 1.770755719684964902e+02 1.770752805441217674e+02 1.770750303059896851e+02 1.770748182052422521e+02 1.770746006814246130e+02 1.770743701381328776e+02 1.770740773794380232e+02 1.770737182907202509e+02 1.770733485430232008e+02 1.770729814649639877e+02 1.770726671343156795e+02 1.770724078310284995e+02 1.770721448669682445e+02 1.770718728805246371e+02 1.770715306662488899e+02 1.770711153459359082e+02 1.770706983942232853e+02 1.770702834201647988e+02 1.770699373693470022e+02 1.770696549610111390e+02 1.770693699033826647e+02 1.770690801065133826e+02 1.770687200633669249e+02 1.770682869369221351e+02 1.770678555080398553e+02 1.770674351017159438e+02 1.770670849515011014e+02 1.770668030129854174e+02 1.770665207154706309e+02 1.770662364735767369e+02 1.770658869731969673e+02 1.770654718414868114e+02 1.770650589283426370e+02 1.770646610541328982e+02 1.770643335101306093e+02 1.770640708646771202e+02 1.770638134830105628e+02 1.770635515794132857e+02 1.770632322545147304e+02 1.770628583102435130e+02 1.770624917595775116e+02 1.770621419356945694e+02 1.770618545968274589e+02 1.770616274910697427e+02 1.770614058824721724e+02 1.770611836419873271e+02 1.770609140377821120e+02 1.770606016146297748e+02 1.770602994572728051e+02 1.770600155976324004e+02 1.770597845268598007e+02 1.770596044613311904e+02 1.770594292259781355e+02 1.770592562908792331e+02 1.770590483236213117e+02 1.770588116675150445e+02 1.770585873715730258e+02 1.770583809129300619e+02 1.770582180716288292e+02 1.770580896481907871e+02 1.770579704227360196e+02 1.770578531400728366e+02 1.770577144982112827e+02 1.770575635559811190e+02 1.770574233227465015e+02 1.770573032807126310e+02 1.770572122642998920e+02 1.770571435967438845e+02 1.770570826231694923e+02 1.770570254947291460e+02 1.770569612752514956e+02 1.770568976633612692e+02 1.770568503505439253e+02 1.770568178979454217e+02 1.770568030523297978e+02 1.770567953590255854e+02 1.770567943832222966e+02
1.770772219008604793e+02 1.770772202359774781e+02 1.770772190036645668e+02 1.770772183509830313e+02 1.770772246688058260e+02 1.770772428161032508e+02 1.770772712497263512e+02 1.770773020973847736e+02 1.770773252368666135e+02 1.770773491261326171e+02 1.770773689316559398e+02 1.770773988283314679e+02 1.770774383345599858e+02 1.770774905550194660e+02 1.770775506525193634e+02 1.770776040226106431e+02 1.770776465738125296e+02 1.770776838502791577e+02 1.770777212208464562e+02 1.770777649861852012e+02 1.770778220895710149e+02 1.770778889238211775e+02 1.770779589520130060e+02 1.770780200424960640e+02 1.770780633898184817e+02 1.770781013363458101e+02 1.770781360174608210e+02 1.770781746871338385e+02 1.770782226232967389e+02 1.770782731095069664e+02 1.770783232555251345e+02 1.770783659172363116e+02 1.770783917687398343e+02 1.770784116993692692e+02 1.770784215242707091e+02 1.770784270222280838e+02 1.770784285755299265e+02 1.770784291170497227e+02 1.770784266165940153e+02 1.770784204748547950e+02 1.770784064110423799e+02 1.770783819812409092e+02 1.770783475534520619e+02 1.770782902643316845e+02 1.770782126599210926e+02 1.770781283913353263e+02 1.770780396546841189e+02 1.770779598117368323e+02 1.770778856068684490e+02 1.770778010530186464e+02 1.770777038590134964e+02 1.770775629435450185e+02 1.770773826942690619e+02 1.770771953793723128e+02 1.770770024750277116e+02 1.770768357783279328e+02 1.770766934764020561e+02 1.770765437892148100e+02 1.770763782103253732e+02 1.770761506952736113e+02 1.770758666153790557e+02 1.770755759354616714e+02 1.770752824512827317e+02 1.770750333291997549e+02 1.770748297881537496e+02 1.770746191538032122e+02 1.770743947816786203e+02 1.770740958888816863e+02 1.770737254151855211e+02 1.770733491744797448e+02 1.770729761960581357e+02 1.770726634915339730e+02 1.770724161933543144e+02 1.770721597013007340e+02 1.770718951045831204e+02 1.770715464879970398e+02 1.770711212869545932e+02 1.770706934298989097e+02 1.770702740605131567e+02 1.770699277812690582e+02 1.770696566315525899e+02 1.770693802906412202e+02 1.770690980825478391e+02 1.770687320929897339e+02 1.770682889069849466e+02 1.770678495715718554e+02 1.770674190648137767e+02 1.770670715126405810e+02 1.770668004474066208e+02 1.770665286013755235e+02 1.770662517405770870e+02 1.770658956100771491e+02 1.770654691925045370e+02 1.770650489506126064e+02 1.770646448088674276e+02 1.770643193603928580e+02 1.770640659177539362e+02 1.770638153075809385e+02 1.770635609954661902e+02 1.770632379972145998e+02 1.770628539087418005e+02 1.770624811690628633e+02 1.770621222364999312e+02 1.770618390092251957e+02 1.770616204006009298e+02 1.770614054929699535e+02 1.770611891117173684e+02 1.770609156392852412e+02 1.770605928586166726e+02 1.770602876404927599e+02 1.770599970589818213e+02 1.770597698042133175e+02 1.770595962894182094e+02 1.770594259553175505e+02 1.770592572115972985e+02 1.770590469054226617e+02 1.770588031386864998e+02 1.770585728718708651e+02 1.770583643115275265e+02 1.770582023025682190e+02 1.770580813909407993e+02 1.770579649434302212e+02 1.770578503146224705e+02 1.770577099083631651e+02 1.770575508068935449e+02 1.770574093589488598e+02 1.770572871588045700e+02 1.770572003373663676e+02 1.770571352461351751e+02 1.770570754997879703e+02 1.770570195567335077e+02 1.770569526800355789e+02 1.770568854681330322e+02 1.770568375012929891e+02 1.770568076438815694e+02 1.770567952919768686e+02 1.770567897405220492e+02 1.770567879086940479e+02
1.770772244185115483e+02 1.770772222802888223e+02 1.770772183509830313e+02 1.770772086646788921e+02 1.770772089725722935e+02 1.770772289504515413e+02 1.770772648282368209e+02 1.770773019549765195e+02 1.770773291454089531e+02 1.770773495064801750e+02 1.770773687549042279e+02 1.770773894105003308e+02 1.770774269419154621e+02 1.770774803412053302e+02 1.770775507655842489e+02 1.770776137174962344e+02 1.770776532815816608e+02 1.770776909770822840e+02 1.770777218493385590e+02 1.770777591241055973e+02 1.770778180568589733e+02 1.770778848390144731e+02 1.770779667501248014e+02 1.770780357878577149e+02 1.770780783724030698e+02 1.770781165275823241e+02 1.770781449440900985e+02 1.770781787571481516e+02 1.770782263732728552e+02 1.770782775866759664e+02 1.770783390632753083e+02 1.770783888274204685e+02 1.770784167917300636e+02 1.770784342875952859e+02 1.770784424014075285e+02 1.770784416566316679e+02 1.770784419829538479e+02 1.770784441855484488e+02 1.770784476458852055e+02 1.770784494279756700e+02 1.770784396387936681e+02 1.770784163406935079e+02 1.770783833348282315e+02 1.770783180250472810e+02 1.770782359078648085e+02 1.770781503312049665e+02 1.770780600064005625e+02 1.770779863067463111e+02 1.770779207524283834e+02 1.770778432676750924e+02 1.770777498788205264e+02 1.770776031141762985e+02 1.770774112405306653e+02 1.770772172423222912e+02 1.770770163982281815e+02 1.770768547915131705e+02 1.770767271217889629e+02 1.770765848566217926e+02 1.770764313885375145e+02 1.770761955758977422e+02 1.770758952574196599e+02 1.770755931294193033e+02 1.770752870775446013e+02 1.770750421324795809e+02 1.770748568509975485e+02 1.770746576309223030e+02 1.770744480008153801e+02 1.770741385929116234e+02 1.770737453373538415e+02 1.770733584631163069e+02 1.770729660858291936e+02 1.770726590424035862e+02 1.770724327727878347e+02 1.770721928264561313e+02 1.770719444734121737e+02 1.770715854597068528e+02 1.770711331089868281e+02 1.770706908612952191e+02 1.770702529834449876e+02 1.770699120098760488e+02 1.770696612663615497e+02 1.770694022972429025e+02 1.770691386254115400e+02 1.770687623875344912e+02 1.770682891035105513e+02 1.770678371637436896e+02 1.770673900960975118e+02 1.770670470387213697e+02 1.770667969843503045e+02 1.770665428072502436e+02 1.770662844215057703e+02 1.770659171390426820e+02 1.770654624466226892e+02 1.770650285300674227e+02 1.770646085739474529e+02 1.770642889027996318e+02 1.770640581356076382e+02 1.770638224654977080e+02 1.770635852266720178e+02 1.770632507823095807e+02 1.770628410824654111e+02 1.770624556629572055e+02 1.770620855441761137e+02 1.770618073499767604e+02 1.770616098891729280e+02 1.770614061700305228e+02 1.770612048684421040e+02 1.770609198117963388e+02 1.770605762486250683e+02 1.770602590793026252e+02 1.770599595547315914e+02 1.770597392808309394e+02 1.770595815679722023e+02 1.770594224555619576e+02 1.770592633124430506e+02 1.770590436899628060e+02 1.770587807667279492e+02 1.770585436890683297e+02 1.770583296898163042e+02 1.770581759764693288e+02 1.770580668224476710e+02 1.770579568582779473e+02 1.770578493442022534e+02 1.770576980311575994e+02 1.770575264662511472e+02 1.770573812857249720e+02 1.770572578118997740e+02 1.770571779137184194e+02 1.770571212932728997e+02 1.770570652622348291e+02 1.770570091311724070e+02 1.770569331086589386e+02 1.770568584628696271e+02 1.770568079274733861e+02 1.770567817801845365e+02 1.770567778706075615e+02 1.770567793832256882e+02 1.770567792664065792e+02
1.770772327837190687e+02 1.770772303543475630e+02 1.770772246688058260e+02 1.770772089725722935e+02 1.770772069742162671e+02 1.770772282934060797e+02 1.770772695586988448e+02 1.770773125621340967e+02 1.770773395107305532e+02 1.770773600207170659e+02 1.770773752879700282e+02 1.770773928757445503e+02 1.770774306168475221e+02 1.770774864369222712e+02 1.770775629684351031e+02 1.770776313747594770e+02 1.770776741134912413e+02 1.770777076277779543e+02 1.770777364086762304e+02 1.770777720620117464e+02 1.770778315060340162e+02 1.770779030584583325e+02 1.770779891357789779e+02 1.770780642639766427e+02 1.770781084684893472e+02 1.770781470920243521e+02 1.770781743690846781e+02 1.770782049993640328e+02 1.770782537394234737e+02 1.770783109425229611e+02 1.770783779116739538e+02 1.770784316284994304e+02 1.770784608459694311e+02 1.770784797095808187e+02 1.770784879682869644e+02 1.770784870200259604e+02 1.770784860493170925e+02 1.770784919373660387e+02 1.770784968811200599e+02 1.770785035567837156e+02 1.770784968295997146e+02 1.770784767386894032e+02 1.770784439437767617e+02 1.770783792607515466e+02 1.770782934845425700e+02 1.770782088702593171e+02 1.770781186077776681e+02 1.770780488794168264e+02 1.770779875135030750e+02 1.770779108369058008e+02 1.770778225793470142e+02 1.770776755178552548e+02 1.770774761084912825e+02 1.770772769294456168e+02 1.770770734453513739e+02 1.770769144540429636e+02 1.770767910976161090e+02 1.770766544204737158e+02 1.770765051621230270e+02 1.770762688077741700e+02 1.770759572494420127e+02 1.770756461482887971e+02 1.770753312828449566e+02 1.770750895479667122e+02 1.770749116854323688e+02 1.770747214927042421e+02 1.770745194179997668e+02 1.770742058072393093e+02 1.770737968473600574e+02 1.770733996560216497e+02 1.770729965220880331e+02 1.770726912713911361e+02 1.770724732605788461e+02 1.770722422283969877e+02 1.770720030410053596e+02 1.770716382540479401e+02 1.770711694844990234e+02 1.770707151329101237e+02 1.770702630615206488e+02 1.770699249505079820e+02 1.770696869039104229e+02 1.770694361755994919e+02 1.770691832093187372e+02 1.770687991380466144e+02 1.770683095720367248e+02 1.770678432832379201e+02 1.770673856346169543e+02 1.770670454814028290e+02 1.770668087462269966e+02 1.770665629758796058e+02 1.770663136839891081e+02 1.770659410265226938e+02 1.770654684418937848e+02 1.770650256385209502e+02 1.770645940195350931e+02 1.770642771471260630e+02 1.770640600508372700e+02 1.770638326713190054e+02 1.770636038834467456e+02 1.770632644735152894e+02 1.770628383100724363e+02 1.770624412660781672e+02 1.770620653321653890e+02 1.770617897107862859e+02 1.770616028702274036e+02 1.770614074399626077e+02 1.770612117228739635e+02 1.770609212478539405e+02 1.770605631784136733e+02 1.770602382594298092e+02 1.770599342379750283e+02 1.770597187270304573e+02 1.770595708013231899e+02 1.770594181231219011e+02 1.770592644034341845e+02 1.770590354564012614e+02 1.770587619414822314e+02 1.770585208896484062e+02 1.770583024466673692e+02 1.770581554998919103e+02 1.770580542191422921e+02 1.770579485677332059e+02 1.770578409568646805e+02 1.770576840258252673e+02 1.770575041086139265e+02 1.770573548367098056e+02 1.770572331531277825e+02 1.770571569942571841e+02 1.770571078149447999e+02 1.770570540345389929e+02 1.770569972695968772e+02 1.770569153288158759e+02 1.770568324472849042e+02 1.770567825640034414e+02 1.770567603996486241e+02 1.770567624210600570e+02 1.770567660437158963e+02 1.770567672464463840e+02
1.770772520191868864e+02 1.770772480020868898e+02 1.770772428161032508e+02 1.770772289504515413e+02 1.770772282934060797e+02 1.770772466118037585e+02 1.770772890878944850e+02 1.770773341041503386e+02 1.770773598015687469e+02 1.770773820245972843e+02 1.770773983882098719e+02 1.770774164439906997e+02 1.770774581287087130e+02 1.770775159010219397e+02 1.770775910344933948e+02 1.770776594245887168e+02 1.770777039151213330e+02 1.770777403274947801e+02 1.770777713812240961e+02 1.770778094987798568e+02 1.770778690261680595e+02 1.770779445988029863e+02 1.770780323435811283e+02 1.770781096985970180e+02 1.770781556283516807e+02 1.770781926016076113e+02 1.770782238687441463e+02 1.770782590590206098e+02 1.770783104234411383e+02 1.770783693260259213e+02 1.770784370772128682e+02 1.770784948337045250e+02 1.770785234977310836e+02 1.770785455829318096e+02 1.770785567636680469e+02 1.770785596435330547e+02 1.770785632233368005e+02 1.770785719702741403e+02 1.770785799040819768e+02 1.770785857634308229e+02 1.770785790345876762e+02 1.770785600058183888e+02 1.770785302656430815e+02 1.770784701512394008e+02 1.770783886221611851e+02 1.770783045579964607e+02 1.770782134050531909e+02 1.770781424196641751e+02 1.770780794403816287e+02 1.770780062905008663e+02 1.770779185395882678e+02 1.770777741301797050e+02 1.770775779988180147e+02 1.770773780858827422e+02 1.770771698475195706e+02 1.770770085884276739e+02 1.770768852170447474e+02 1.770767459032285558e+02 1.770765999506712944e+02 1.770763624430619245e+02 1.770760522964993697e+02 1.770757403317629723e+02 1.770754201014079001e+02 1.770751749176500596e+02 1.770749957102846395e+02 1.770748025377604904e+02 1.770746003871225582e+02 1.770742868782049015e+02 1.770738790481606202e+02 1.770734773802641087e+02 1.770730709341723355e+02 1.770727610954277509e+02 1.770725409291015069e+02 1.770723061254688844e+02 1.770720660991838145e+02 1.770717026633805915e+02 1.770712304225316132e+02 1.770707725611961507e+02 1.770703173098253274e+02 1.770699730862547767e+02 1.770697317257550196e+02 1.770694814197945277e+02 1.770692262890846678e+02 1.770688405825880523e+02 1.770683509746513380e+02 1.770678790594795089e+02 1.770674197535832661e+02 1.770670762575985862e+02 1.770668370640365197e+02 1.770665904220599316e+02 1.770663405160335913e+02 1.770659665589760436e+02 1.770654931931440785e+02 1.770650471399903836e+02 1.770646156712967638e+02 1.770642958937608284e+02 1.770640761475660838e+02 1.770638482311395876e+02 1.770636191869757852e+02 1.770632782604292288e+02 1.770628508394591165e+02 1.770624529875907740e+02 1.770620720703336701e+02 1.770617971085432885e+02 1.770616100833451867e+02 1.770614133688752929e+02 1.770612161604569224e+02 1.770609247450392161e+02 1.770605658786151935e+02 1.770602398973156539e+02 1.770599350404648362e+02 1.770597175469237072e+02 1.770595697051676609e+02 1.770594165276249328e+02 1.770592612832294321e+02 1.770590332182236750e+02 1.770587584448955454e+02 1.770585153373234846e+02 1.770582990293524688e+02 1.770581498999349321e+02 1.770580481306712386e+02 1.770579419220772479e+02 1.770578354640342980e+02 1.770576784858334918e+02 1.770574958099242338e+02 1.770573469479721780e+02 1.770572256734992322e+02 1.770571488332111869e+02 1.770570984577777267e+02 1.770570452593394464e+02 1.770569871734542460e+02 1.770569062067532684e+02 1.770568246129447516e+02 1.770567713223872204e+02 1.770567520135273867e+02 1.770567536497158017e+02 1.770567570163512414e+02 1.770567570097953762e+02
1.770772755378865781e+02 1.770772741357081372e+02 1.770772712497263512e+02 1.770772648282368209e+02 1.770772695586988448e+02 1.770772890878944850e+02 1.770773255258219478e+02 1.770773641198312873e+02 1.770773916829743371e+02 1.770774149292249433e+02 1.770774355463037182e+02 1.770774616954703617e+02 1.770775065234183785e+02 1.770775653000541183e+02 1.770776365587715588e+02 1.770777003660716389e+02 1.770777443664515260e+02 1.770777853647194604e+02 1.770778202141564179e+02 1.770778684563113359e+02 1.770779361122888815e+02 1.770780099868636057e+02 1.770780965451234010e+02 1.770781674165661457e+02 1.770782130690758436e+02 1.770782561769571259e+02 1.770782914249075191e+02 1.770783387937397606e+02 1.770783978428500802e+02 1.770784595462420441e+02 1.770785248155213480e+02 1.770785757012605188e+02 1.770786062178829638e+02 1.770786283809031261e+02 1.770786468513448710e+02 1.770786613729395924e+02 1.770786743852304994e+02 1.770786864560014067e+02 1.770786917792397617e+02 1.770786901060266132e+02 1.770786813748455586e+02 1.770786648550730433e+02 1.770786403083183984e+02 1.770785923335028258e+02 1.770785215207537249e+02 1.770784394099372605e+02 1.770783483007664643e+02 1.770782658258512754e+02 1.770781997738180564e+02 1.770781202772937775e+02 1.770780355166907043e+02 1.770778991135999831e+02 1.770777161293398194e+02 1.770775195751311344e+02 1.770773108073311732e+02 1.770771363562541865e+02 1.770770025081396568e+02 1.770768604547692746e+02 1.770767072465438332e+02 1.770764817420812278e+02 1.770761815160911112e+02 1.770758753721257222e+02 1.770755554897963577e+02 1.770752963570042198e+02 1.770751031137662892e+02 1.770749021519164046e+02 1.770746929701886074e+02 1.770743862277976177e+02 1.770739903865573410e+02 1.770735950364007465e+02 1.770731891863862586e+02 1.770728664455438377e+02 1.770726307578999297e+02 1.770723859146996801e+02 1.770721362656128122e+02 1.770717765187157511e+02 1.770713173668344780e+02 1.770708641856680288e+02 1.770704109626444733e+02 1.770700568761524778e+02 1.770697990720485677e+02 1.770695359327458789e+02 1.770692701061825289e+02 1.770688887061346293e+02 1.770684120540057052e+02 1.770679490374199361e+02 1.770674906497557402e+02 1.770671387490424138e+02 1.770668841998443668e+02 1.770666246270523345e+02 1.770663650211229765e+02 1.770659956450901689e+02 1.770655376315452543e+02 1.770650980066135958e+02 1.770646685874534683e+02 1.770643419887765333e+02 1.770641076528278006e+02 1.770638704276739475e+02 1.770636299861580767e+02 1.770632933610824580e+02 1.770628785243453081e+02 1.770624861806415993e+02 1.770621102377451734e+02 1.770618278598404913e+02 1.770616268778893811e+02 1.770614234286290696e+02 1.770612180110387044e+02 1.770609309082295226e+02 1.770605844214170190e+02 1.770602622868844378e+02 1.770599602142400784e+02 1.770597372042787185e+02 1.770595793843984040e+02 1.770594183306853040e+02 1.770592586547439282e+02 1.770590335811719456e+02 1.770587677464577041e+02 1.770585313308430955e+02 1.770583128049326262e+02 1.770581587879302390e+02 1.770580514215805863e+02 1.770579406763383759e+02 1.770578298173174687e+02 1.770576767469473509e+02 1.770575032770061625e+02 1.770573552734369400e+02 1.770572329813599879e+02 1.770571516375835017e+02 1.770570969664029235e+02 1.770570403964799482e+02 1.770569844168441307e+02 1.770569066508566323e+02 1.770568290691626601e+02 1.770567792710024548e+02 1.770567543585885630e+02 1.770567530685778195e+02 1.770567523622945885e+02 1.770567512304619981e+02
1.770773029824402727e+02 1.770773026123376326e+02 1.770773020973847736e+02 1.770773019549765195e+02 1.770773125621340967e+02 1.770773341041503386e+02 1.770773641198312873e+02 1.770773946795881670e+02 1.770774211765350401e+02 1.770774464252924929e+02 1.770774723575474354e+02 1.770775087045524572e+02 1.770775582000700581e+02 1.770776166884184022e+02 1.770776830272023687e+02 1.770777409597497183e+02 1.770777865865476031e+02 1.770778294351835029e+02 1.770778721187954829e+02 1.770779288686332791e+02 1.770779998134875370e+02 1.770780761292529633e+02 1.770781564423787131e+02 1.770782211298430298e+02 1.770782719451649712e+02 1.770783188492173110e+02 1.770783634310428454e+02 1.770784180497941804e+02 1.770784829131525555e+02 1.770785466618112594e+02 1.770786074542402844e+02 1.770786533654974733e+02 1.770786851751154529e+02 1.770787113570390545e+02 1.770787361741316204e+02 1.770787612641280191e+02 1.770787820002906869e+02 1.770787943158051689e+02 1.770788015158222777e+02 1.770787952391998488e+02 1.770787851656571377e+02 1.770787683163094073e+02 1.770787454988233094e+02 1.770787059772987106e+02 1.770786432159926846e+02 1.770785689167957742e+02 1.770784788936622363e+02 1.770783923696541251e+02 1.770783169958029930e+02 1.770782347771060188e+02 1.770781438746208494e+02 1.770780160018566391e+02 1.770778422350993253e+02 1.770776534754946283e+02 1.770774499063764438e+02 1.770772701108824663e+02 1.770771233126531286e+02 1.770769698886051629e+02 1.770768058808197054e+02 1.770765878572935605e+02 1.770763028909288721e+02 1.770760015100888154e+02 1.770756927897356263e+02 1.770754251558613532e+02 1.770752129742882630e+02 1.770749959625346719e+02 1.770747715981035526e+02 1.770744740233695609e+02 1.770740963319133243e+02 1.770737066912070645e+02 1.770733140622925532e+02 1.770729843657778417e+02 1.770727236154470461e+02 1.770724605977772228e+02 1.770721891727146726e+02 1.770718371189252878e+02 1.770713977091738798e+02 1.770709549373108302e+02 1.770705140495582270e+02 1.770701518718364014e+02 1.770698696537855312e+02 1.770695859290445924e+02 1.770692973270400614e+02 1.770689275146667683e+02 1.770684724980729925e+02 1.770680190846447601e+02 1.770675739746722570e+02 1.770672123025146618e+02 1.770669347336462351e+02 1.770666575757821022e+02 1.770663775157232180e+02 1.770660173398940174e+02 1.770655814763191813e+02 1.770651512686728779e+02 1.770647348045069407e+02 1.770644009407237434e+02 1.770641429771664548e+02 1.770638878904239846e+02 1.770636324064679172e+02 1.770633040384094272e+02 1.770629107535249602e+02 1.770625268673675521e+02 1.770621624821080218e+02 1.770618706656717052e+02 1.770616489006568202e+02 1.770614301749218384e+02 1.770612112949301036e+02 1.770609343018949744e+02 1.770606055156137870e+02 1.770602919773448889e+02 1.770599955297058727e+02 1.770597652190304530e+02 1.770595907182243423e+02 1.770594187142984595e+02 1.770592486466048001e+02 1.770590340906647953e+02 1.770587846514988257e+02 1.770585524917206897e+02 1.770583405111159436e+02 1.770581763413540841e+02 1.770580562031059628e+02 1.770579368439142343e+02 1.770578207101316082e+02 1.770576773142066713e+02 1.770575164341004211e+02 1.770573732812832475e+02 1.770572497384785891e+02 1.770571619286374982e+02 1.770570964824299267e+02 1.770570378057699656e+02 1.770569793463110102e+02 1.770569098806234365e+02 1.770568422652411584e+02 1.770567928973962637e+02 1.770567643163420541e+02 1.770567516425036843e+02 1.770567482854964680e+02 1.770567469743835716e+02
1.770773255010343803e+02 1.770773244009397445e+02 1.770773252368666135e+02 1.770773291454089531e+02 1.770773395107305532e+02 1.770773598015687469e+02 1.770773916829743371e+02 1.770774211765350401e+02 1.770774477291592746e+02 1.770774748382996790e+02 1.770775031161219886e+02 1.770775403299223285e+02 1.770775901519268416e+02 1.770776505989542216e+02 1.770777164397924537e+02 1.770777738167712698e+02 1.770778221517737165e+02 1.770778687513953571e+02 1.770779139840655318e+02 1.770779721782730576e+02 1.770780440617712657e+02 1.770781213826254827e+02 1.770782041519949530e+02 1.770782715137132186e+02 1.770783246892914349e+02 1.770783729167528122e+02 1.770784213780886205e+02 1.770784750269159815e+02 1.770785419696580618e+02 1.770786062877967879e+02 1.770786712034065431e+02 1.770787221438610288e+02 1.770787587632953262e+02 1.770787879099211466e+02 1.770788124787134450e+02 1.770788362142763503e+02 1.770788570597138687e+02 1.770788754022923115e+02 1.770788852087252678e+02 1.770788864837864196e+02 1.770788796103923914e+02 1.770788626173536215e+02 1.770788398988786412e+02 1.770787969553123844e+02 1.770787363730076720e+02 1.770786622110993846e+02 1.770785794052989388e+02 1.770784983639286168e+02 1.770784241911850359e+02 1.770783406348557776e+02 1.770782444602748171e+02 1.770781128902683577e+02 1.770779396045379883e+02 1.770777538183447746e+02 1.770775544215385651e+02 1.770773801687839750e+02 1.770772300405431849e+02 1.770770711700654090e+02 1.770769000049816668e+02 1.770766776369826800e+02 1.770763932273211765e+02 1.770760950817721948e+02 1.770757910775034247e+02 1.770755303209505769e+02 1.770753109130467067e+02 1.770750878864833453e+02 1.770748519103030389e+02 1.770745493348483421e+02 1.770741750075098935e+02 1.770737878081000076e+02 1.770733996332993740e+02 1.770730726615180970e+02 1.770728035513384100e+02 1.770725328088558967e+02 1.770722500816603997e+02 1.770718948121486847e+02 1.770714592442215292e+02 1.770710187290956696e+02 1.770705822564241885e+02 1.770702213226668391e+02 1.770699262781713230e+02 1.770696342701420463e+02 1.770693373077414208e+02 1.770689619536209989e+02 1.770685124222434581e+02 1.770680618425245427e+02 1.770676243867339110e+02 1.770672639134872099e+02 1.770669754557364115e+02 1.770666884747824952e+02 1.770663992068884056e+02 1.770660378406451798e+02 1.770656089633603472e+02 1.770651846045292075e+02 1.770647738758057415e+02 1.770644394741119072e+02 1.770641716072195493e+02 1.770639094299025373e+02 1.770636432038567136e+02 1.770633158776429070e+02 1.770629282970477334e+02 1.770625496951229252e+02 1.770621878834766960e+02 1.770618960293659541e+02 1.770616646385711306e+02 1.770614389388746588e+02 1.770612134597996885e+02 1.770609372707815794e+02 1.770606173129013143e+02 1.770603058928572580e+02 1.770600117194498466e+02 1.770597795434880197e+02 1.770595982464111842e+02 1.770594209112256294e+02 1.770592465528650905e+02 1.770590348550763622e+02 1.770587916480874640e+02 1.770585607931454604e+02 1.770583479581042354e+02 1.770581843586190018e+02 1.770580570189432024e+02 1.770579362354018258e+02 1.770578175701774342e+02 1.770576754850373788e+02 1.770575186883438619e+02 1.770573767823426294e+02 1.770572527262508231e+02 1.770571612135545649e+02 1.770570955919502580e+02 1.770570327165008848e+02 1.770569746596888194e+02 1.770569086702755897e+02 1.770568435661998308e+02 1.770567955650678016e+02 1.770567631556982064e+02 1.770567489074669822e+02 1.770567444492548361e+02 1.770567418376307103e+02
1.770773492408993945e+02 1.770773494176756913e+02 1.770773491261326171e+02 1.770773495064801750e+02 1.770773600207170659e+02 1.770773820245972843e+02 1.770774149292249433e+02 1.770774464252924929e+02 1.770774748382996790e+02 1.770775027334665310e+02 1.770775307229139912e+02 1.770775683405982193e+02 1.770776171974416400e+02 1.770776790810869556e+02 1.770777482740110429e+02 1.770778104715722634e+02 1.770778604404745238e+02 1.770779085751098876e+02 1.770779543600231989e+02 1.770780111498910969e+02 1.770780851182979632e+02 1.770781654686527986e+02 1.770782517279174613e+02 1.770783249325526469e+02 1.770783818275249075e+02 1.770784333686881666e+02 1.770784802244615150e+02 1.770785335857952134e+02 1.770785987387964155e+02 1.770786696848864210e+02 1.770787397025662244e+02 1.770787971252655950e+02 1.770788363703354094e+02 1.770788700807168254e+02 1.770788943738219530e+02 1.770789146335123689e+02 1.770789361633446504e+02 1.770789579079211080e+02 1.770789742811156771e+02 1.770789830612046103e+02 1.770789815621224363e+02 1.770789672273355677e+02 1.770789413460035178e+02 1.770788974926085473e+02 1.770788332535054224e+02 1.770787633050955492e+02 1.770786844730066321e+02 1.770786127325700647e+02 1.770785419087980017e+02 1.770784576068945455e+02 1.770783601884959353e+02 1.770782211172630980e+02 1.770780453112301700e+02 1.770778556094512624e+02 1.770776630965693528e+02 1.770774935037908620e+02 1.770773474833214323e+02 1.770771863936798525e+02 1.770770134773837583e+02 1.770767806768291166e+02 1.770764922104748678e+02 1.770761917804300367e+02 1.770758895212935045e+02 1.770756332171731344e+02 1.770754160077935921e+02 1.770751892228532540e+02 1.770749512795711951e+02 1.770746412299616566e+02 1.770742584416133241e+02 1.770738707520738444e+02 1.770734827535739271e+02 1.770731581880029637e+02 1.770728887146127306e+02 1.770726148830941327e+02 1.770723276804511954e+02 1.770719657163083127e+02 1.770715239141211157e+02 1.770710766386756632e+02 1.770706401293023475e+02 1.770702800865525717e+02 1.770699844877007365e+02 1.770696924105877201e+02 1.770693885890268575e+02 1.770690089777910430e+02 1.770685551478402431e+02 1.770681010148963992e+02 1.770676611825290934e+02 1.770673010448884384e+02 1.770670112874437621e+02 1.770667253223346620e+02 1.770664321551825822e+02 1.770660682607572483e+02 1.770656371804412288e+02 1.770652089000975877e+02 1.770647970888620648e+02 1.770644633956663654e+02 1.770641936378370929e+02 1.770639315911106735e+02 1.770636624492939575e+02 1.770633325102071467e+02 1.770629432764305307e+02 1.770625619612286528e+02 1.770621991524358521e+02 1.770619062893065063e+02 1.770616752316463476e+02 1.770614495983533914e+02 1.770612220801266119e+02 1.770609437055566389e+02 1.770606215688885925e+02 1.770603081852652281e+02 1.770600159369594166e+02 1.770597813873779387e+02 1.770595994982754462e+02 1.770594211882634852e+02 1.770592454732771159e+02 1.770590326047666281e+02 1.770587906368177755e+02 1.770585591859862973e+02 1.770583448694527249e+02 1.770581801110704987e+02 1.770580518729636310e+02 1.770579300690182833e+02 1.770578121019619573e+02 1.770576720504677155e+02 1.770575146838689591e+02 1.770573709989612325e+02 1.770572485230210873e+02 1.770571567502160235e+02 1.770570887760430026e+02 1.770570255849162891e+02 1.770569674701549161e+02 1.770569021253025142e+02 1.770568377900889629e+02 1.770567880743733156e+02 1.770567560402160154e+02 1.770567422925506094e+02 1.770567349025168937e+02 1.770567333068639755e+02
1.770773729601107789e+02 1.770773728325383729e+02 1.770773689316559398e+02 1.770773687549042279e+02 1.770773752879700282e+02 1.770773983882098719e+02 1.770774355463037182e+02 1.770774723575474354e+02 1.770775031161219886e+02 1.770775307229139912e+02 1.770775571081574071e+02 1.770775890307959344e+02 1.770776405658930059e+02 1.770777038025762238e+02 1.770777811338338097e+02 1.770778500579993988e+02 1.770779015239855596e+02 1.770779503479041921e+02 1.770779951189361441e+02 1.770780488657510148e+02 1.770781224694589753e+02 1.770782074272753732e+02 1.770783013598344553e+02 1.770783835547154865e+02 1.770784432849034999e+02 1.770784956167161113e+02 1.770785389946126998e+02 1.770785905551534540e+02 1.770786572309475844e+02 1.770787318833250481e+02 1.770788125108660438e+02 1.770788812605130431e+02 1.770789254815118454e+02 1.770789581349794730e+02 1.770789817060195901e+02 1.770789962012966328e+02 1.770790175851482502e+02 1.770790424037967341e+02 1.770790683588950287e+02 1.770790912807628104e+02 1.770790972655447888e+02 1.770790847537963941e+02 1.770790583189779284e+02 1.770790048961258378e+02 1.770789360890300941e+02 1.770788663156966720e+02 1.770787954758528713e+02 1.770787344977834721e+02 1.770786723035396051e+02 1.770785915332789102e+02 1.770784906128414207e+02 1.770783407266458767e+02 1.770781549244714768e+02 1.770779643532160890e+02 1.770777710953941835e+02 1.770776141122577769e+02 1.770774746464760767e+02 1.770773190958628902e+02 1.770771443891321724e+02 1.770768988936707160e+02 1.770765958653670964e+02 1.770762890135405314e+02 1.770759850294950581e+02 1.770757347646359960e+02 1.770755291586266935e+02 1.770753080781717301e+02 1.770750692037411227e+02 1.770747447117429942e+02 1.770743475266694418e+02 1.770739509416723081e+02 1.770735570964644978e+02 1.770732377155375445e+02 1.770729781206561597e+02 1.770727095448381760e+02 1.770724251696967144e+02 1.770720467846838915e+02 1.770715896415041186e+02 1.770711334153785685e+02 1.770706883444514403e+02 1.770703290050950045e+02 1.770700437549654396e+02 1.770697571026635160e+02 1.770694570201542035e+02 1.770690665699655995e+02 1.770685963704010533e+02 1.770681345792878858e+02 1.770676872495392615e+02 1.770673282318005022e+02 1.770670480602632892e+02 1.770667666068324877e+02 1.770664799082966567e+02 1.770661060071828956e+02 1.770656621309526884e+02 1.770652265589957892e+02 1.770648086952375593e+02 1.770644747825845400e+02 1.770642156703236196e+02 1.770639560184984589e+02 1.770636946306527477e+02 1.770633564317221555e+02 1.770629541757534469e+02 1.770625676075356409e+02 1.770621965630600414e+02 1.770619040450580144e+02 1.770616809409202972e+02 1.770614587356986647e+02 1.770612369726658812e+02 1.770609532729987166e+02 1.770606216253237051e+02 1.770603016954739530e+02 1.770600041744817759e+02 1.770597725270025364e+02 1.770595948567467701e+02 1.770594222139957878e+02 1.770592503608571064e+02 1.770590323527483463e+02 1.770587811753285052e+02 1.770585476733105565e+02 1.770583308056268947e+02 1.770581655661876255e+02 1.770580440662677404e+02 1.770579262164895056e+02 1.770578084963043182e+02 1.770576628311068248e+02 1.770575025281599153e+02 1.770573576565698488e+02 1.770572320613980821e+02 1.770571400963850124e+02 1.770570748934810581e+02 1.770570162214853838e+02 1.770569579723448612e+02 1.770568910820877306e+02 1.770568229827808011e+02 1.770567716484827940e+02 1.770567428547791167e+02 1.770567283047533635e+02 1.770567244200227037e+02 1.770567229113044903e+02
