3.891399147510113954e-01 3.883876202217863005e-01 3.865941487139354926e-01 3.840047236311320278e-01 3.817321124777369179e-01 3.810101447108910078e-01 3.817783398026456387e-01 3.829641845367424691e-01 3.835398239335305326e-01 3.832097657634248034e-01 3.819834227870682053e-01 3.800536467045158018e-01 3.784468917770967833e-01 3.782948550125270204e-01 3.795802114771460456e-01 3.811978067505300549e-01 3.821300006389742321e-01 3.821421783420209106e-01 3.812323389053747791e-01 3.796320825903021223e-01 3.783475380648999020e-01 3.784713521169031925e-01 3.800104310464385016e-01 3.818425992119409140e-01 3.829538214248652261e-01 3.831388202283209088e-01 3.823887866935824498e-01 3.809540451955417684e-01 3.798283084112789032e-01 3.800829951242259974e-01 3.817354256436843452e-01 3.836568160870166277e-01 3.848369344660260150e-01 3.850831216217829311e-01 3.843835638525936460e-01 3.829911903216082769e-01 3.818896008416077237e-01 3.821406011841656514e-01 3.837600105569897724e-01 3.856287543585023569e-01 3.867473136996259497e-01 3.869191268658814797e-01 3.861355831225058433e-01 3.846337949930168087e-01 3.833925562983096502e-01 3.834837831056269741e-01 3.849155862959430241e-01 3.865975238858212482e-01 3.875445948290461851e-01 3.875421171299321954e-01 3.865923928893066353e-01 3.849178211616755552e-01 3.835172222743652437e-01 3.834920462933124052e-01 3.848439997080621011e-01 3.864805309796239818e-01 3.874041180648533644e-01 3.873887707722178941e-01 3.864354867542452165e-01 3.847665729088742825e-01 3.833822497729754142e-01 3.833803577790228512e-01 3.847587013791486377e-01 3.864180137269908610e-01 3.873587671937445687e-01 3.873566785996040429e-01 3.864100424816783730e-01 3.847360616993173443e-01 3.833241433107141272e-01 3.832670175146011826e-01 3.845607894772222202e-01 3.861256119198776537e-01 3.869757733998459015e-01 3.868808875127588975e-01 3.858464562337340920e-01 3.840837784229664820e-01 3.825950776247540319e-01 3.824905083056749366e-01 3.837649741447642371e-01 3.853336185121926105e-01 3.862007138723847488e-01 3.861319707806206147e-01 3.851298859150924514e-01 3.834089642138795440e-01 3.819678267813467754e-01 3.819066150620856193e-01 3.832173309326111221e-01 3.848107081266176066e-01 3.856925202018443577e-01 3.856314809689272427e-01 3.846277834533797790e-01 3.828874217521945900e-01 3.813940986236311614e-01 3.812417518757783008e-01 3.824178754606574193e-01 3.838610393310069591e-01 3.845973446981880151e-01 3.843840854928028961e-01 3.832315701753665205e-01 3.813301692658802589e-01 3.796761054982212280e-01 3.793877538174630915e-01 3.804464987668291220e-01 3.817997233342110275e-01 3.824694202591079617e-01 3.822000628673188904e-01 3.810040655955971856e-01 3.790699915609133663e-01 3.774032801369046619e-01 3.771287188894746345e-01 3.782272913543179849e-01 3.796362666188730639e-01 3.803679240307541454e-01 3.801713400804305754e-01 3.790558240415072278e-01 3.772235560049887471e-01 3.756825796163523190e-01 3.755489785627547095e-01 3.768150471188179140e-01 3.783963280739991997e-01 3.792936839689225459e-01 3.792757132985882795e-01 3.783447181556570671e-01 3.767330154085549720e-01 3.754512545304251048e-01 3.755976980324161052e-01 3.771889733548323131e-01 3.791018716427452251e-01 3.803169293383874550e-01 3.806423938226088932e-01 3.800689511628121409e-01 3.788897982191921088e-01 3.781252983758907060e-01 3.788407743949935291e-01 3.810959083960603344e-01 3.836660586808045004e-01 3.854462473883636386e-01 3.861930487238214860e-01
3.883876202217863005e-01 3.874644999088432962e-01 3.852240388471135923e-01 3.820496414217340875e-01 3.794673218581359198e-01 3.787528642233994880e-01 3.798354748769082745e-01 3.815583283122632730e-01 3.824708117429445609e-01 3.821317407972119606e-01 3.805521312609646545e-01 3.780812411024678243e-01 3.761721880289535802e-01 3.760243575345884048e-01 3.776194234376585301e-01 3.797776324199380604e-01 3.810566828239861925e-01 3.810698607470893728e-01 3.798151657488443300e-01 3.776759986173493511e-01 3.760833487061021052e-01 3.762049610398843225e-01 3.780484420217462005e-01 3.804213237643384038e-01 3.818833071045040217e-01 3.820737126480889256e-01 3.809825279130712450e-01 3.790094763471125727e-01 3.775724301822795947e-01 3.778218110504110161e-01 3.797766411259523300e-01 3.822391446185914310e-01 3.837718273997976492e-01 3.840253234106151825e-01 3.829861165705618631e-01 3.810562344836389559e-01 3.796432352409635502e-01 3.798894295921565467e-01 3.818124395053478226e-01 3.842219957253337204e-01 3.856917177214201353e-01 3.858690380096594374e-01 3.847440434622905192e-01 3.827045465270230706e-01 3.811537996707404230e-01 3.812426229687967960e-01 3.829798279191306554e-01 3.851995752098493764e-01 3.864917014505875326e-01 3.864877216222766254e-01 3.851899393664875992e-01 3.829741536939522129e-01 3.812651467339698286e-01 3.812394683308641952e-01 3.828988254876827257e-01 3.850752693377361147e-01 3.863449145095474990e-01 3.863292676128228242e-01 3.850290277240354664e-01 3.828202007859716205e-01 3.811290700322725322e-01 3.811281767163172685e-01 3.828151250403736272e-01 3.850154521098224092e-01 3.863037673351696899e-01 3.863029831913360468e-01 3.850113926728683245e-01 3.827995012950988762e-01 3.810818748598979178e-01 3.810261472096895807e-01 3.826282237754278781e-01 3.847306577240758307e-01 3.859237757380744593e-01 3.858254886960714725e-01 3.844419971305462203e-01 3.821391035397559977e-01 3.803446941770714518e-01 3.802419224688671218e-01 3.818248936708618091e-01 3.839324524527616411e-01 3.851439076419482244e-01 3.850737658954740961e-01 3.837250237427008992e-01 3.814658877287808725e-01 3.797204419293335187e-01 3.796619297120017444e-01 3.812819524538927363e-01 3.834146461066171852e-01 3.846419201598064719e-01 3.845810842728923928e-01 3.832327309387950631e-01 3.809569568731649980e-01 3.791613278697110179e-01 3.790130818495330844e-01 3.804985138488449214e-01 3.824766906176276793e-01 3.835519495959111569e-01 3.833324847214495956e-01 3.818300051687039676e-01 3.793908872187508052e-01 3.774361190530446941e-01 3.771535720251288915e-01 3.785228279152633712e-01 3.804104656647291915e-01 3.814174143390000604e-01 3.811403491507228125e-01 3.795935850974834769e-01 3.771219932391401963e-01 3.751554782791311493e-01 3.748867227164260352e-01 3.762952064043601497e-01 3.782388965171901152e-01 3.793093078087807490e-01 3.791072177734425841e-01 3.776431371821714622e-01 3.752738511707235936e-01 3.734308695353365515e-01 3.732997692714503657e-01 3.748721455922064405e-01 3.769887426606912673e-01 3.782284574439638836e-01 3.782093866961767081e-01 3.769340317240098548e-01 3.747855102166471886e-01 3.731964367027933993e-01 3.733387737955736752e-01 3.752303499142167764e-01 3.776804674616494051e-01 3.792462950421796597e-01 3.795807717898097566e-01 3.786727825627028698e-01 3.769605152157373129e-01 3.758840969980652424e-01 3.765919630184951239e-01 3.791547076986687137e-01 3.823055360450755003e-01 3.845294186911686340e-01 3.854458479255570280e-01
3.865941487139354926e-01 3.852240388471135923e-01 3.815475816789367647e-01 3.763639322072873661e-01 3.730609621828261946e-01 3.723680342105450403e-01 3.742206622558882922e-01 3.778464274744967044e-01 3.798971116544378468e-01 3.795332066701991858e-01 3.767581172792240918e-01 3.723732007111070774e-01 3.697406957377919468e-01 3.696040828208136397e-01 3.719482397726223133e-01 3.760197730055742094e-01 3.784717682413926143e-01 3.784876477352967505e-01 3.760657096218320561e-01 3.720181240970735215e-01 3.696794939442137329e-01 3.697953021219150260e-01 3.723704519203800967e-01 3.766564566379342893e-01 3.793060025212492969e-01 3.795112244824415115e-01 3.772655142827959218e-01 3.733856473472037529e-01 3.711904051973455299e-01 3.714257706457037012e-01 3.741056602718196289e-01 3.784822869620348973e-01 3.812096414078166018e-01 3.814830609738164569e-01 3.792937351889297815e-01 3.754588404920759515e-01 3.732859423705237600e-01 3.735198226527925436e-01 3.761723954220491106e-01 3.804953737103152767e-01 3.831554632889130341e-01 3.833476020508300719e-01 3.810654808482558664e-01 3.771210721977361069e-01 3.748172323821037932e-01 3.748995462829087799e-01 3.773751230193236328e-01 3.815006828917368864e-01 3.839628526597750335e-01 3.839549692470591302e-01 3.814787345192525714e-01 3.773476215821227608e-01 3.748923270686926323e-01 3.748651424268354404e-01 3.772687759073762304e-01 3.813569420131796006e-01 3.837990388441326339e-01 3.837821950727542952e-01 3.813070099080482223e-01 3.771862578949180533e-01 3.747532399396115710e-01 3.747552422761187829e-01 3.771892678431394974e-01 3.813040243901257287e-01 3.837693022905647733e-01 3.837719295879886139e-01 3.813106018338797698e-01 3.771932901544810535e-01 3.747361753933713957e-01 3.746845423135174991e-01 3.770347961971930451e-01 3.810419508571727398e-01 3.833970169477696754e-01 3.832894257623922218e-01 3.807235786767239616e-01 3.765087523021265481e-01 3.739772529655829292e-01 3.738789757999004260e-01 3.762106256992251430e-01 3.802261138160759613e-01 3.826036260713545634e-01 3.825295879619045047e-01 3.800059968320685932e-01 3.758410307581901977e-01 3.733612969196936082e-01 3.733104827088305488e-01 3.756804880711785422e-01 3.797217174729942135e-01 3.821182562051178011e-01 3.820577286915977644e-01 3.795402306732471032e-01 3.753673325095066016e-01 3.728423197623552676e-01 3.727050776592000791e-01 3.749446012484832780e-01 3.788184015347649258e-01 3.810419988628719334e-01 3.808054180775982678e-01 3.781165661967115232e-01 3.737748123854881532e-01 3.710982709811453395e-01 3.708310339991367499e-01 3.729584914897620673e-01 3.767403551372881521e-01 3.788887338152192585e-01 3.785906470815906810e-01 3.758554031799895556e-01 3.714819718107247315e-01 3.687972891304382994e-01 3.685442461725898511e-01 3.707075303124182653e-01 3.745458509541260694e-01 3.767622995423640098e-01 3.765448937840613075e-01 3.739007407270678041e-01 3.696316140816616191e-01 3.670631558731479727e-01 3.669388589168506853e-01 3.692528212856151515e-01 3.732646532501361358e-01 3.756631219506381125e-01 3.756411504337197060e-01 3.732009398914605813e-01 3.691528763149387049e-01 3.668206038859589957e-01 3.669522232289762487e-01 3.695623577351797029e-01 3.739129192518746425e-01 3.766655372323866602e-01 3.770245489466175215e-01 3.749866479473194514e-01 3.713851516407628561e-01 3.695444079263140447e-01 3.702312436056492406e-01 3.735093463062368890e-01 3.786548450728335902e-01 3.823042377909803835e-01 3.836642610981931267e-01
3.840047236311320278e-01 3.820496414217340875e-01 3.763639322072873661e-01 3.690952313222359837e-01 3.654335895409163149e-01 3.647643939769456001e-01 3.670807362758498615e-01 3.726800051261469071e-01 3.762860388159762759e-01 3.758864847710244317e-01 3.714585114483210937e-01 3.651057996468607403e-01 3.620860876014279084e-01 3.619624945084780610e-01 3.647337190035329080e-01 3.707820602452401859e-01 3.748500821719964460e-01 3.748707635447373621e-01 3.708427021006339697e-01 3.648233178899820683e-01 3.620607345993658299e-01 3.621709388706283450e-01 3.651487242145349255e-01 3.714109341382615948e-01 3.757048422961035139e-01 3.759327892510702096e-01 3.721004813453936411e-01 3.662418080119602681e-01 3.636023864811032680e-01 3.638235367738625325e-01 3.668974496688371389e-01 3.732553866492276384e-01 3.776428221996839807e-01 3.779467780384883624e-01 3.741753629905716916e-01 3.683563560487045363e-01 3.657345713933520259e-01 3.659567378421028638e-01 3.690129432946226973e-01 3.753256418463220001e-01 3.796430105778886843e-01 3.798584776532196727e-01 3.759773494305609365e-01 3.700440215151015177e-01 3.672989020834095397e-01 3.673739050748646151e-01 3.702683293589750235e-01 3.763790016986666154e-01 3.804622085147707500e-01 3.804469174052775848e-01 3.763348307498124434e-01 3.702073877703718763e-01 3.673246252163447356e-01 3.672944322064423672e-01 3.701218139549216635e-01 3.761976967966013108e-01 3.802616393773113890e-01 3.802429001682719467e-01 3.761414796858715270e-01 3.700334062979813154e-01 3.671801231199680604e-01 3.671866231056648555e-01 3.700491982967974436e-01 3.761583837890098425e-01 3.802561304381594787e-01 3.802648764016420269e-01 3.761837244166553185e-01 3.700825903380925985e-01 3.672057045407552955e-01 3.671584656336476793e-01 3.699419726740383330e-01 3.759343483874044711e-01 3.798956561972174351e-01 3.797729577465990269e-01 3.755644549121873177e-01 3.693608925663734444e-01 3.664148255774960505e-01 3.663204401449780545e-01 3.690834405469946011e-01 3.750835541061032785e-01 3.790721207833782636e-01 3.789923887025734572e-01 3.748418580992268212e-01 3.686983631203507583e-01 3.658077639062639053e-01 3.657668494156146033e-01 3.685722123072595613e-01 3.746032808462755326e-01 3.786205905055721188e-01 3.785618781393975674e-01 3.744237431228955026e-01 3.682774170054015084e-01 3.653443428711112273e-01 3.652195048828889012e-01 3.679045024507404671e-01 3.737579342972903729e-01 3.775663575129131200e-01 3.773032521882763168e-01 3.729621140929464396e-01 3.666439229066289496e-01 3.635720382682260388e-01 3.633199110827300959e-01 3.658977530380269072e-01 3.716519440367077043e-01 3.753695291476120688e-01 3.750393077959729426e-01 3.706524715926967639e-01 3.643119116108816669e-01 3.612392975016041619e-01 3.610024680312173273e-01 3.636092318922576339e-01 3.694134760299579989e-01 3.732041378113355456e-01 3.729635077685752864e-01 3.686852793393634031e-01 3.624544287514293028e-01 3.594882284320447541e-01 3.593704341503303201e-01 3.621064521222569499e-01 3.680764004335405626e-01 3.720689085829566034e-01 3.720420353557497006e-01 3.679968834212085649e-01 3.619866928163090747e-01 3.592314473525523577e-01 3.593507464319156131e-01 3.623457905135860635e-01 3.686496654922053473e-01 3.730429841619058995e-01 3.734372454859364865e-01 3.698552804980586028e-01 3.642950608874187535e-01 3.619943983635885432e-01 3.626577013603328736e-01 3.662918787435883172e-01 3.735070488771917163e-01 3.791509128021491315e-01 3.810916136528907372e-01
3.817321124777369179e-01 3.794673218581359198e-01 3.730609621828261946e-01 3.654335895409163149e-01 3.617267891557164328e-01 3.610680076005327588e-01 3.634518391644164792e-01 3.693152557789863288e-01 3.733823958499967177e-01 3.729626129938930501e-01 3.680373828339838504e-01 3.614277343110824381e-01 3.583710749244776728e-01 3.582569954881640872e-01 3.610864977654307251e-01 3.674035914851247475e-01 3.719615562546066401e-01 3.719890440590017944e-01 3.674842521358036018e-01 3.612050278403611814e-01 3.583921803509049764e-01 3.585040875151975226e-01 3.615336422714031661e-01 3.680688099168550331e-01 3.728678788641284769e-01 3.731146472303551453e-01 3.688117177447050588e-01 3.626868962051732481e-01 3.599884993588852167e-01 3.602079488147089670e-01 3.633337294487712921e-01 3.699726331107370814e-01 3.748769443143976643e-01 3.752064306995262499e-01 3.709647955984288759e-01 3.648748344580245995e-01 3.621923721076589220e-01 3.624166419486809509e-01 3.655337258609171469e-01 3.721395054284697412e-01 3.769791575821083152e-01 3.772162516196246873e-01 3.728523885103728341e-01 3.666370926645562411e-01 3.638256870062178128e-01 3.638963833464439745e-01 3.668472785433639083e-01 3.732362118837688758e-01 3.778094614140573015e-01 3.777816539302258358e-01 3.731556938236189058e-01 3.667327658050206218e-01 3.637813124866069447e-01 3.637436067749089674e-01 3.666255547504433943e-01 3.729786973402282602e-01 3.775362907200466855e-01 3.775159531059752438e-01 3.729176850156752931e-01 3.665314479262045677e-01 3.636237915742747684e-01 3.636371968284939915e-01 3.665674543349864423e-01 3.729695200676892974e-01 3.775778440041816508e-01 3.775972114189584117e-01 3.730256208500515314e-01 3.666464219128756086e-01 3.637120567567839191e-01 3.636667153306869515e-01 3.665123965282533480e-01 3.727835351338952274e-01 3.772292894600742796e-01 3.770902776108840393e-01 3.723670030482878479e-01 3.658725573006977871e-01 3.628638013709832855e-01 3.627663056292826371e-01 3.655874746721721746e-01 3.718652520619553647e-01 3.763443751931760950e-01 3.762616470965741700e-01 3.716155682265801508e-01 3.651977101842063811e-01 3.622574382460386766e-01 3.622273320744751612e-01 3.651043817328437635e-01 3.714295371413131042e-01 3.759548280694631761e-01 3.759053359548950590e-01 3.712775572110676436e-01 3.648566657197129248e-01 3.618712157433223164e-01 3.617532809432042473e-01 3.645066619251572382e-01 3.706402635507271559e-01 3.749262280436646000e-01 3.746397985551182530e-01 3.697787744129881760e-01 3.631713970543177794e-01 3.600419290460070698e-01 3.597894965762263864e-01 3.624291142201487292e-01 3.684525616529255587e-01 3.726358728058097314e-01 3.722794223868046148e-01 3.673792054105996518e-01 3.607612744960417839e-01 3.576391894446727115e-01 3.574052591954299807e-01 3.600714976808078172e-01 3.661397927971568045e-01 3.703973816025571963e-01 3.701377299271227383e-01 3.653582355666263326e-01 3.588577233933443744e-01 3.558411517820579961e-01 3.557224530130202456e-01 3.585089348959550337e-01 3.647366265835253474e-01 3.692020697604654900e-01 3.691683896043951307e-01 3.646372900515147397e-01 3.583611432534321017e-01 3.555487185306239750e-01 3.556588035437588946e-01 3.586906950868847255e-01 3.652495099476115725e-01 3.701361901292550827e-01 3.705505798950529117e-01 3.665113040035775649e-01 3.606893334387847871e-01 3.583218807154328611e-01 3.589749694339426922e-01 3.626540063300147665e-01 3.702248522013961707e-01 3.765836736475373092e-01 3.788316860982762213e-01
3.810101447108910078e-01 3.787528642233994880e-01 3.723680342105450403e-01 3.647643939769456001e-01 3.610680076005327588e-01 3.604065229326606223e-01 3.627747324551085506e-01 3.686101105234880770e-01 3.726556205505694996e-01 3.722383410722437946e-01 3.673397466834109060e-01 3.607626410383142912e-01 3.577254079221409144e-01 3.576178363420007833e-01 3.604406279439265615e-01 3.667397959815276165e-01 3.712860428076769637e-01 3.713225413323898438e-01 3.668471886755122480e-01 3.606009082716133407e-01 3.578088882862650588e-01 3.579311085644449886e-01 3.609602602529742299e-01 3.674869124089776840e-01 3.722823737819538903e-01 3.725411561005490535e-01 3.682654626220607241e-01 3.621692803779593128e-01 3.594903098025314381e-01 3.597226735633159422e-01 3.628546593694022548e-01 3.694961611425077175e-01 3.744071773733345099e-01 3.747529828225265591e-01 3.705371830085019691e-01 3.644724574326818622e-01 3.618101224834202601e-01 3.620536157778408426e-01 3.651884189605738573e-01 3.718126168757834304e-01 3.766714894028381777e-01 3.769265050145278462e-01 3.725782649722208517e-01 3.663719844679324544e-01 3.635628834774561891e-01 3.636321770430477329e-01 3.665781617590382346e-01 3.729556731673349668e-01 3.775111941845137320e-01 3.774646610461037666e-01 3.728197796557394805e-01 3.663799343904604600e-01 3.634136641363971409e-01 3.633616398020709792e-01 3.662308675568617389e-01 3.725706871213006477e-01 3.771174623920160451e-01 3.770957230237336200e-01 3.725053706945316567e-01 3.661300546536196410e-01 3.632329157698129252e-01 3.632577367893959908e-01 3.661996082553231058e-01 3.726141872704092362e-01 3.772372287750194730e-01 3.772726187213701898e-01 3.727173554289395785e-01 3.663491774129778999e-01 3.634188208436789913e-01 3.633728807206873523e-01 3.662132540119116819e-01 3.724717743129032921e-01 3.768995035930784443e-01 3.767430705344765873e-01 3.720041795830842379e-01 3.654965214741415225e-01 3.624756527561325270e-01 3.623658424322889759e-01 3.651752950668521458e-01 3.714401545500519153e-01 3.759095642822135597e-01 3.758273386075238198e-01 3.711921782310337870e-01 3.647884416462452428e-01 3.618610896700003021e-01 3.618448027791927313e-01 3.647355713361724594e-01 3.710758458424806561e-01 3.756185605435760633e-01 3.755876942154521836e-01 3.709785428066701418e-01 3.645705712810533572e-01 3.615909300890222111e-01 3.614745983166436916e-01 3.642249755541462353e-01 3.703483634184615569e-01 3.746179064139171233e-01 3.743139543137852243e-01 3.694352073106493828e-01 3.628114094886488172e-01 3.596654206344496729e-01 3.593944632729051958e-01 3.620137542963670629e-01 3.680112670878283310e-01 3.721685432160006246e-01 3.717963719157357239e-01 3.668908496197575975e-01 3.602722180902825366e-01 3.571450258999731564e-01 3.568989797786747964e-01 3.595458923745984969e-01 3.655852485898228310e-01 3.698155010077079918e-01 3.695445344584505354e-01 3.647697467378532288e-01 3.582790478258358613e-01 3.552637780952434543e-01 3.551353664486401884e-01 3.579010203120864819e-01 3.640956682426881308e-01 3.685317720195906976e-01 3.684895810009336525e-01 3.639709978187964934e-01 3.577134757780024987e-01 3.549082610731421616e-01 3.550122376997441043e-01 3.580247029698203076e-01 3.645510748222839936e-01 3.694110193653139529e-01 3.698232058687244139e-01 3.658057592444149964e-01 3.600122272162328829e-01 3.576606951047017202e-01 3.583165878342431943e-01 3.619850104710249927e-01 3.695318243309094752e-01 3.758690167594577747e-01 3.781093193456862012e-01
3.817783398026456387e-01 3.798354748769082745e-01 3.742206622558882922e-01 3.670807362758498615e-01 3.634518391644164792e-01 3.627747324551085506e-01 3.650404049153731512e-01 3.704881682155850009e-01 3.740096857679041653e-01 3.736177396673676654e-01 3.692889995462420583e-01 3.631005078619622406e-01 3.601440803543394242e-01 3.600401112118660207e-01 3.627881000688816249e-01 3.687199779059925353e-01 3.727345218767654234e-01 3.727823363063094142e-01 3.688602156565579104e-01 3.630003469821090900e-01 3.603043515783045936e-01 3.604452928859501748e-01 3.634203668980179880e-01 3.696025573148978838e-01 3.738702194173935678e-01 3.741347096243859416e-01 3.703988314280022287e-01 3.646775463025341280e-01 3.620985049212901430e-01 3.623576007267717003e-01 3.654509280819689954e-01 3.717728984294664807e-01 3.761682292109874703e-01 3.765221450311793117e-01 3.728390508657843383e-01 3.671353073684229806e-01 3.645745056654550176e-01 3.648543435018321013e-01 3.679686126258929213e-01 3.743107258014389815e-01 3.786808472268732850e-01 3.789530843100502033e-01 3.751256353162162882e-01 3.692421895862021963e-01 3.665019821749182505e-01 3.665726754341431248e-01 3.694538698914325292e-01 3.755061389084731749e-01 3.795289481180881830e-01 3.794538755513878203e-01 3.752903334569783200e-01 3.691386808007169895e-01 3.662061621073694484e-01 3.661327105437502394e-01 3.689222317474922797e-01 3.749203889546094404e-01 3.789418616447812194e-01 3.789188183325757908e-01 3.748514608148114102e-01 3.688142067360102860e-01 3.659916770181032009e-01 3.660330255621370710e-01 3.689349474767582571e-01 3.750535277202176609e-01 3.791894170148883414e-01 3.792494366236269787e-01 3.752253783770027051e-01 3.691840478418367266e-01 3.663176892749483438e-01 3.662686527333220976e-01 3.690377381834005766e-01 3.749652165374456891e-01 3.788639373145276656e-01 3.786857712420208522e-01 3.744364293032478308e-01 3.682225728753364957e-01 3.652355617799016851e-01 3.651036308214839488e-01 3.678315834106304361e-01 3.737537869840995008e-01 3.777024988231755254e-01 3.776243738753510271e-01 3.735172124957724660e-01 3.674547388228979194e-01 3.646030987124075917e-01 3.646043437109332541e-01 3.674558679900111202e-01 3.735039551549387826e-01 3.775677268318890500e-01 3.775679969834572214e-01 3.734936546039872018e-01 3.674121234070694131e-01 3.644952756770655222e-01 3.643753461221010403e-01 3.670535346849606584e-01 3.728515915874117126e-01 3.766032391444663063e-01 3.762843625088345134e-01 3.718956654012747221e-01 3.655555497294494804e-01 3.624298957623468542e-01 3.621217949532499758e-01 3.646380542305491246e-01 3.702738863803284874e-01 3.739018523276696482e-01 3.735234686362056689e-01 3.691336302404218950e-01 3.628354294976829930e-01 3.597472952741249674e-01 3.594745176518351903e-01 3.620212014833121827e-01 3.676864595204588082e-01 3.713804923723281748e-01 3.711050163265865454e-01 3.668566292153381259e-01 3.607103920685990062e-01 3.577495995215111413e-01 3.576026660893841802e-01 3.602725955118136203e-01 3.660824295881511259e-01 3.699690962961016405e-01 3.699162884284850072e-01 3.659270118016636486e-01 3.600358806595366223e-01 3.573055685893659073e-01 3.574060426624050546e-01 3.603380024550977279e-01 3.664776573072973664e-01 3.707716429032835714e-01 3.711589948429734331e-01 3.676626445438890833e-01 3.622550290352812841e-01 3.600057354283283662e-01 3.606771493067499890e-01 3.642782829333178762e-01 3.713638792110104947e-01 3.769360470823878151e-01 3.788642315626801205e-01
3.829641845367424691e-01 3.815583283122632730e-01 3.778464274744967044e-01 3.726800051261469071e-01 3.693152557789863288e-01 3.686101105234880770e-01 3.704881682155850009e-01 3.740407290871324286e-01 3.760720822391799278e-01 3.757198900602586877e-01 3.729875578216813037e-01 3.687014749845360928e-01 3.660727742417166919e-01 3.659723061277292411e-01 3.683884505107348217e-01 3.724390440401367242e-01 3.749154625393203433e-01 3.749772970148860796e-01 3.726177400062027911e-01 3.686748963491738862e-01 3.663524859070325657e-01 3.665229596702314074e-01 3.692003325454347729e-01 3.735124531492190481e-01 3.762194609245249066e-01 3.764868565529836952e-01 3.743006235857166963e-01 3.705055734240040310e-01 3.683232460992518220e-01 3.686250908404846705e-01 3.714385397952104650e-01 3.758970490831280431e-01 3.787227148156932510e-01 3.790810366459229641e-01 3.769535931452682731e-01 3.731899018398810997e-01 3.710450407301754683e-01 3.713834497939940693e-01 3.742323629837916443e-01 3.787262371532111871e-01 3.815406101066537436e-01 3.818347752986576693e-01 3.795867042402096270e-01 3.756362031214815489e-01 3.732747917891891531e-01 3.733484872530355436e-01 3.758648995130124404e-01 3.799821169339290816e-01 3.824004099466782880e-01 3.822848807874928423e-01 3.796538520436746889e-01 3.753572448252618377e-01 3.727172161472835921e-01 3.726095234285505819e-01 3.750293652984288961e-01 3.791102962020848066e-01 3.815625944388416624e-01 3.815384448634837611e-01 3.790392461466063345e-01 3.749123166697563292e-01 3.724489749903184821e-01 3.725165690692326392e-01 3.751169098867878082e-01 3.793749396110823735e-01 3.819762935203661613e-01 3.820717542137634926e-01 3.796453938848121101e-01 3.755325195366995272e-01 3.730259574818079460e-01 3.729713288529084569e-01 3.753641385745601355e-01 3.793583670655394369e-01 3.816699758664330866e-01 3.814618624276671088e-01 3.787543461726041727e-01 3.743930508205649543e-01 3.716915410867290825e-01 3.715234776810881212e-01 3.738787600967479752e-01 3.778904388083700883e-01 3.802841748611166528e-01 3.802125489964029437e-01 3.776778576482186511e-01 3.735228232368405510e-01 3.710275795747393635e-01 3.710556750252346214e-01 3.736055215095521187e-01 3.778031576758062449e-01 3.803486970340543838e-01 3.803939177888085998e-01 3.779232926048882724e-01 3.737660278308712614e-01 3.712045743003035692e-01 3.710772484142115801e-01 3.733722462859285218e-01 3.772462468144621162e-01 3.794330975687257301e-01 3.790961881380766063e-01 3.762589446227516121e-01 3.717560825578331007e-01 3.688899917824690622e-01 3.685217214115012463e-01 3.706215418788977867e-01 3.743291057094246810e-01 3.764153030280332213e-01 3.760353095813179225e-01 3.732081464910926294e-01 3.687617213244738235e-01 3.659501699669162611e-01 3.656343433519450570e-01 3.677857113515217713e-01 3.715381166712945493e-01 3.736956872445996169e-01 3.734190040076777461e-01 3.707223824734363626e-01 3.664338316260708495e-01 3.637683429544962821e-01 3.635921767170725571e-01 3.658908181869571230e-01 3.697976091903013574e-01 3.721342954825829774e-01 3.720684662183056934e-01 3.696071280597588160e-01 3.655842985104918452e-01 3.631834341549323719e-01 3.632807073429891176e-01 3.658873367064136573e-01 3.701384647657328109e-01 3.728484259779762389e-01 3.731966237019032628e-01 3.711798513559755319e-01 3.676539557095502841e-01 3.657894806173868640e-01 3.664889330511257315e-01 3.698276166630859452e-01 3.749542904229556384e-01 3.786377281451134835e-01 3.800328986057786573e-01
3.835398239335305326e-01 3.824708117429445609e-01 3.798971116544378468e-01 3.762860388159762759e-01 3.733823958499967177e-01 3.726556205505694996e-01 3.740096857679041653e-01 3.760720822391799278e-01 3.771915347136777785e-01 3.768672791577147851e-01 3.751121351459721920e-01 3.723447515123887719e-01 3.702176075772384278e-01 3.701247453524588171e-01 3.720504393318907477e-01 3.746064634832032558e-01 3.761464499540737583e-01 3.762263079261933818e-01 3.748391316136563400e-01 3.724399159308577900e-01 3.706586108317685424e-01 3.708599199589278639e-01 3.730632629035167125e-01 3.758672980493668603e-01 3.776197514607069761e-01 3.779013648168257911e-01 3.766944188495821022e-01 3.744718300480853745e-01 3.728566389845545115e-01 3.732009335731222288e-01 3.755423566381060896e-01 3.784722571898812005e-01 3.803304516847849093e-01 3.807083979844673727e-01 3.795829680243449911e-01 3.774371932144802155e-01 3.758942134816731229e-01 3.762964012926852120e-01 3.786800008067397472e-01 3.816284483459764232e-01 3.834762534922209198e-01 3.838113705098806228e-01 3.826066648010624238e-01 3.803187363639042862e-01 3.785448893273193893e-01 3.786195834732535292e-01 3.805528323107050248e-01 3.830016646775917244e-01 3.843611679847697693e-01 3.841908636140178857e-01 3.825107765307625418e-01 3.797563837327594949e-01 3.775979852236138190e-01 3.774481402025215426e-01 3.793016473136435196e-01 3.817836880012686063e-01 3.832397783920745704e-01 3.832134234924637339e-01 3.817062211934853511e-01 3.791700766703242631e-01 3.772624713826999154e-01 3.773640193172349000e-01 3.794757335397009324e-01 3.821897440267072454e-01 3.838382438799218810e-01 3.839822668926854976e-01 3.826043810705660464e-01 3.801447829061980199e-01 3.782113882149940598e-01 3.781518655375742388e-01 3.799602228135794402e-01 3.822990778741983675e-01 3.835668065725871823e-01 3.833118280215552787e-01 3.815582648403177957e-01 3.787332983436835776e-01 3.765079317073845022e-01 3.762975255375949901e-01 3.780896808351160709e-01 3.805151690351516458e-01 3.819246978276367166e-01 3.818576740866865271e-01 3.803173934305562054e-01 3.777502637305404920e-01 3.758096692700826358e-01 3.758738261348634757e-01 3.779391458134948034e-01 3.806043541224100046e-01 3.822088397505490343e-01 3.823113323916328410e-01 3.808956025448391736e-01 3.783938388316068768e-01 3.764060608103356742e-01 3.762746409024064209e-01 3.779832724463081384e-01 3.802082828568409956e-01 3.813627536938740126e-01 3.809875893644038558e-01 3.791120206208672405e-01 3.761418010916462440e-01 3.737345326519325162e-01 3.733015847783757724e-01 3.748035181285187534e-01 3.769079464141408820e-01 3.780029163876072462e-01 3.776055954082763733e-01 3.757401101838684365e-01 3.728102097892969646e-01 3.704657908740730532e-01 3.701077147125178546e-01 3.716970392363152520e-01 3.738913646443641770e-01 3.750794357214397023e-01 3.747902324901490889e-01 3.730417737844752279e-01 3.702494236744333089e-01 3.680540701586088037e-01 3.678475674140701535e-01 3.696100974674118023e-01 3.719869423257896601e-01 3.733600367415705334e-01 3.732772825102588787e-01 3.717455859098430238e-01 3.692055408970792985e-01 3.672915317565224602e-01 3.673813977844284095e-01 3.694909643869744298e-01 3.722362771456760311e-01 3.739772397457262199e-01 3.742981993940259766e-01 3.731863370149289261e-01 3.711387215853593213e-01 3.697942437773504842e-01 3.705151265332448096e-01 3.733967983202561847e-01 3.769807063458024410e-01 3.795350317396312678e-01 3.805959547121272601e-01
3.832097657634248034e-01 3.821317407972119606e-01 3.795332066701991858e-01 3.758864847710244317e-01 3.729626129938930501e-01 3.722383410722437946e-01 3.736177396673676654e-01 3.757198900602586877e-01 3.768672791577147851e-01 3.765534365830432995e-01 3.747908802512436854e-01 3.720051683797778730e-01 3.698721142544169060e-01 3.697925678603545263e-01 3.717510049691972740e-01 3.743521897829936718e-01 3.759284229807371980e-01 3.760326105140601727e-01 3.746573457161022080e-01 3.722633303593987364e-01 3.704937365266653959e-01 3.707169717075849968e-01 3.729525574164955226e-01 3.757949437111946511e-01 3.775820418545804413e-01 3.778951932480990039e-01 3.767158765979774504e-01 3.745204141792525809e-01 3.729310507020519583e-01 3.733004743150381555e-01 3.756678315122348732e-01 3.786243698939380509e-01 3.805148066405037444e-01 3.809357046968556149e-01 3.798634356315231941e-01 3.777825345249348765e-01 3.762998253214089872e-01 3.767511746831753716e-01 3.791720252571257888e-01 3.821481144387662288e-01 3.840391781324588028e-01 3.844449843062360817e-01 3.833352947495157204e-01 3.811562969922769883e-01 3.794441222308834183e-01 3.795148083052081178e-01 3.813788696047515359e-01 3.837118583171491570e-01 3.849698319700530780e-01 3.847219223883874273e-01 3.829914599396629371e-01 3.802033099288326667e-01 3.780072536990803367e-01 3.778155528991494760e-01 3.796257103138432343e-01 3.820686116817513245e-01 3.835026812753131176e-01 3.834725236749028099e-01 3.819799354798101843e-01 3.794751235913737530e-01 3.776038617983969448e-01 3.777413599182646853e-01 3.798860272588188702e-01 3.826296911148557855e-01 3.843229608762611105e-01 3.845365801275203999e-01 3.832496143031015601e-01 3.808930478949502652e-01 3.790189306715199824e-01 3.789578100914565706e-01 3.807037939629316914e-01 3.829366212062585983e-01 3.841102341145238852e-01 3.837820635440463146e-01 3.819794361066554123e-01 3.791202222790825416e-01 3.768583077568795070e-01 3.766096538979827879e-01 3.783644670081519612e-01 3.807587229548917152e-01 3.821529385677155388e-01 3.820873212013929376e-01 3.805653656921480499e-01 3.780325811049756179e-01 3.761322409240166476e-01 3.762370546311551989e-01 3.783409308534598225e-01 3.810420940114417343e-01 3.826981529258939307e-01 3.828774513318026762e-01 3.815606545696252350e-01 3.791706404289298948e-01 3.772498528483966274e-01 3.771224405080795816e-01 3.787718970134058005e-01 3.808921712240198598e-01 3.819544227504790279e-01 3.815095674434358930e-01 3.795899406977403800e-01 3.765899823003878155e-01 3.741446638616781062e-01 3.736637533791899446e-01 3.751084117421207842e-01 3.771521618331327708e-01 3.781970663206615790e-01 3.777584913519854704e-01 3.758608637504641248e-01 3.729034272351253732e-01 3.705330741954770413e-01 3.701511662709884298e-01 3.717170605658497440e-01 3.738876551122174985e-01 3.750505935812052383e-01 3.747313503350234720e-01 3.729486468924032017e-01 3.701178452529443885e-01 3.678903493614477660e-01 3.676630191150417892e-01 3.694154357917152631e-01 3.717892774253368504e-01 3.731522579466951539e-01 3.730461728360182083e-01 3.714786284678212591e-01 3.688934233087574066e-01 3.669467703924704227e-01 3.670240196662065690e-01 3.691403957876732145e-01 3.719052346852644297e-01 3.736545084164375474e-01 3.739656548034941408e-01 3.728259556726260526e-01 3.707382867180357144e-01 3.693684750179182519e-01 3.700870546456490051e-01 3.729893547208510962e-01 3.766095110130284196e-01 3.791890699152332678e-01 3.802592048824559590e-01
3.819834227870682053e-01 3.805521312609646545e-01 3.767581172792240918e-01 3.714585114483210937e-01 3.680373828339838504e-01 3.673397466834109060e-01 3.692889995462420583e-01 3.729875578216813037e-01 3.751121351459721920e-01 3.747908802512436854e-01 3.720286001565101253e-01 3.676630990662740905e-01 3.650188704982881838e-01 3.649583503902142922e-01 3.674681179058429392e-01 3.716744212059023278e-01 3.742683934399061441e-01 3.744029164817455624e-01 3.720749871006670539e-01 3.681324224980032644e-01 3.658445445913599547e-01 3.660807975430655503e-01 3.688521930286813300e-01 3.732877827022368367e-01 3.761043332057507627e-01 3.764658410384931209e-01 3.743632959942020388e-01 3.706474181251811495e-01 3.685387688150493224e-01 3.689157020520597019e-01 3.718051506425844588e-01 3.763371690273775161e-01 3.792605637912599970e-01 3.797466397759365897e-01 3.777859873021789383e-01 3.742327306677438736e-01 3.722608734619055615e-01 3.727491701732739693e-01 3.757123378665396807e-01 3.802596060436697067e-01 3.832021552097912842e-01 3.837104912618335417e-01 3.817698950811052594e-01 3.781998467495004124e-01 3.760099361606297208e-01 3.760715080546683797e-01 3.783936745601100826e-01 3.821109990702452053e-01 3.842017753051352180e-01 3.838511289252156677e-01 3.810693725307649493e-01 3.766975174024357886e-01 3.739428157513124407e-01 3.737066533606979712e-01 3.760000485836039186e-01 3.799476506651305874e-01 3.823279814545548216e-01 3.822926219714913865e-01 3.798424705141993929e-01 3.758247491831299136e-01 3.734674362995227814e-01 3.736459845491618692e-01 3.763470847839081035e-01 3.806703529964082788e-01 3.834063188005925604e-01 3.837126721137039675e-01 3.815801968258212273e-01 3.778247741745303645e-01 3.754840300621570259e-01 3.754246072132853551e-01 3.776425109226984600e-01 3.812707988748286203e-01 3.832789357693970889e-01 3.828489431430794343e-01 3.799938320740908759e-01 3.755520183165374504e-01 3.727394626650364362e-01 3.724536539945875746e-01 3.746999110197118954e-01 3.786043794718017552e-01 3.809470709072323991e-01 3.808799632514626721e-01 3.784053555103401023e-01 3.743672709478242377e-01 3.719891856331134505e-01 3.721421565200723203e-01 3.748089724543596235e-01 3.790914434353822582e-01 3.817918056138450700e-01 3.820699465241143566e-01 3.799178499931163966e-01 3.761454968598120785e-01 3.737720972649478113e-01 3.736571950977163881e-01 3.757874833095476985e-01 3.792964108195810979e-01 3.811852742239292269e-01 3.806372903979766686e-01 3.776686749073087657e-01 3.731034307098925473e-01 3.701212873090057864e-01 3.696065253508115656e-01 3.715417303572373098e-01 3.750538408174283744e-01 3.769834336931266461e-01 3.764804792763343233e-01 3.735553874416976949e-01 3.690311588666631559e-01 3.661437077649552507e-01 3.657564877968422223e-01 3.678411685662605346e-01 3.715258869612582671e-01 3.736078589432724195e-01 3.732415575793397444e-01 3.704363920104342678e-01 3.660224740992975012e-01 3.632639625423751406e-01 3.630249127825940780e-01 3.652938153887503314e-01 3.692079173111979529e-01 3.715182694993732215e-01 3.713828480960454925e-01 3.688050547546393165e-01 3.646256161137921281e-01 3.621319280881718505e-01 3.621909499967801427e-01 3.648158041365033855e-01 3.691507446389212799e-01 3.718934505289137604e-01 3.722123088529175061e-01 3.701024122038136244e-01 3.664294206123487885e-01 3.644937498317030178e-01 3.651860931495661822e-01 3.685825536618928533e-01 3.738446085126391205e-01 3.776114581786914060e-01 3.790324628961958542e-01
