1.770357002506518995e+02 1.770356973056127572e+02 1.770356943006873394e+02 1.770356952922682297e+02 1.770357091112531975e+02 1.770357469757846047e+02 1.770358071577764179e+02 1.770358768146276986e+02 1.770359402875977821e+02 1.770360031767946509e+02 1.770360627191607819e+02 1.770361306710754263e+02 1.770362181422614185e+02 1.770363215197444902e+02 1.770364472750578955e+02 1.770365719317632056e+02 1.770366842044961118e+02 1.770367942042700236e+02 1.770368993605420940e+02 1.770370169854014364e+02 1.770371526380609168e+02 1.770372958950584632e+02 1.770374557839257648e+02 1.770376063987060604e+02 1.770377381569298336e+02 1.770378688259856688e+02 1.770379911946447180e+02 1.770381245173566072e+02 1.770382693815511459e+02 1.770384130657845105e+02 1.770385598673314291e+02 1.770386925837123329e+02 1.770388043359287451e+02 1.770389128792288602e+02 1.770390101409171848e+02 1.770391120996522432e+02 1.770392123352746978e+02 1.770393005932826043e+02 1.770393799928071132e+02 1.770394427022065145e+02 1.770394873278262082e+02 1.770395245986449027e+02 1.770395518845424760e+02 1.770395692375527972e+02 1.770395697457540507e+02 1.770395504303132554e+02 1.770395077443108107e+02 1.770394526258500321e+02 1.770393900507410763e+02 1.770393165066778920e+02 1.770392312365654846e+02 1.770391190038914146e+02 1.770389742604497485e+02 1.770388068021565289e+02 1.770386080868590568e+02 1.770384032590503125e+02 1.770382098341193853e+02 1.770380002176030132e+02 1.770377816156427002e+02 1.770375182947514361e+02 1.770372120135810974e+02 1.770368911461848711e+02 1.770365377409296173e+02 1.770361972454762167e+02 1.770358835821160426e+02 1.770355554176904036e+02 1.770352219695148221e+02 1.770348323986031289e+02 1.770343980913733617e+02 1.770339635832572185e+02 1.770335043738149352e+02 1.770330747484014751e+02 1.770326881426248065e+02 1.770322878959037780e+02 1.770318846084095981e+02 1.770314237891284677e+02 1.770309166972650416e+02 1.770304259797420627e+02 1.770299216425570137e+02 1.770294587660569618e+02 1.770290470374152392e+02 1.770286216951595009e+02 1.770281989330450472e+02 1.770277184516322393e+02 1.770271970476881052e+02 1.770267033907088035e+02 1.770262088951980104e+02 1.770257610136564210e+02 1.770253649671934681e+02 1.770249578258083432e+02 1.770245545637219777e+02 1.770240977849723265e+02 1.770236098983553461e+02 1.770231556594782489e+02 1.770227079409376927e+02 1.770223083087514908e+02 1.770219565617182411e+02 1.770215959696835739e+02 1.770212383425413805e+02 1.770208332910072500e+02 1.770204071031472779e+02 1.770200159343911537e+02 1.770196379286626609e+02 1.770193051005755649e+02 1.770190128889453263e+02 1.770187133502226118e+02 1.770184146465404069e+02 1.770180801740345657e+02 1.770177289994948922e+02 1.770174150460533440e+02 1.770171190892256163e+02 1.770168618876005269e+02 1.770166380158638049e+02 1.770164075527971761e+02 1.770161775368870281e+02 1.770159181301260105e+02 1.770156531341295363e+02 1.770154243975983945e+02 1.770152165389030472e+02 1.770150408115896425e+02 1.770148894082892923e+02 1.770147322336055709e+02 1.770145754821272988e+02 1.770143995102966983e+02 1.770142248212367804e+02 1.770140837947604950e+02 1.770139697056603438e+02 1.770138809541222997e+02 1.770138052121943701e+02 1.770137262778156071e+02 1.770136447589476916e+02 1.770135565954047649e+02 1.770134777935963371e+02 1.770134315990643756e+02 1.770134151535657168e+02 1.770134172749185666e+02 1.770134222753993072e+02 1.770134260789783127e+02
1.770356973056127572e+02 1.770356943095188456e+02 1.770356868568518109e+02 1.770356784188340953e+02 1.770356885761327135e+02 1.770357230689772905e+02 1.770357890088925785e+02 1.770358662458160097e+02 1.770359353826496545e+02 1.770359986563002792e+02 1.770360548793757403e+02 1.770361184401106129e+02 1.770361992034686978e+02 1.770363008068627835e+02 1.770364283627548616e+02 1.770365613035679360e+02 1.770366804254233557e+02 1.770367932640633342e+02 1.770368961869915267e+02 1.770370091691019923e+02 1.770371380925031133e+02 1.770372796578504051e+02 1.770374403723911314e+02 1.770375994032096401e+02 1.770377383913295262e+02 1.770378707995481591e+02 1.770379932928806284e+02 1.770381222062463280e+02 1.770382623606217294e+02 1.770384027701812499e+02 1.770385514454814029e+02 1.770386910805392802e+02 1.770388083772493815e+02 1.770389190190055331e+02 1.770390163778550061e+02 1.770391143011582642e+02 1.770392120312121733e+02 1.770392982335925467e+02 1.770393798517834796e+02 1.770394460876131575e+02 1.770394962958465044e+02 1.770395342218692747e+02 1.770395593032113197e+02 1.770395729615636355e+02 1.770395726198997863e+02 1.770395532562819199e+02 1.770395152224042761e+02 1.770394630786878167e+02 1.770394021583442452e+02 1.770393273403491605e+02 1.770392397156015818e+02 1.770391236214509831e+02 1.770389788449450919e+02 1.770388158635129514e+02 1.770386207285296507e+02 1.770384198188693006e+02 1.770382227095849998e+02 1.770380094470606309e+02 1.770377849750789494e+02 1.770375183688148297e+02 1.770372135224393162e+02 1.770368984677249387e+02 1.770365533418792836e+02 1.770362135273988997e+02 1.770358962091322041e+02 1.770355593407020649e+02 1.770352173997339378e+02 1.770348222750440357e+02 1.770343911068636373e+02 1.770339646443312347e+02 1.770335152602100095e+02 1.770330902656299088e+02 1.770326969217646820e+02 1.770322873298704565e+02 1.770318735502825120e+02 1.770314048471761055e+02 1.770309019551263816e+02 1.770304204488554660e+02 1.770299280116622924e+02 1.770294701798762844e+02 1.770290516378904613e+02 1.770286180772961302e+02 1.770281818969888263e+02 1.770276934232928454e+02 1.770271761539306965e+02 1.770266927233890897e+02 1.770262084991136646e+02 1.770257664882048800e+02 1.770253651746799051e+02 1.770249495552050405e+02 1.770245337479922512e+02 1.770240679048401375e+02 1.770235826548398279e+02 1.770231379405511518e+02 1.770227025694754275e+02 1.770223094923582607e+02 1.770219545893350528e+02 1.770215852609956357e+02 1.770212152800267518e+02 1.770208028702505203e+02 1.770203778809840003e+02 1.770199936573447133e+02 1.770196268049644175e+02 1.770193010312399053e+02 1.770190082732094368e+02 1.770187018942567079e+02 1.770183922989185135e+02 1.770180481844893450e+02 1.770176981006640631e+02 1.770173895707210363e+02 1.770171029725336780e+02 1.770168553614948621e+02 1.770166316322040245e+02 1.770163957951531586e+02 1.770161551291722617e+02 1.770158881923489389e+02 1.770156217056388357e+02 1.770153964768799142e+02 1.770151968819167507e+02 1.770150313646209952e+02 1.770148814682524119e+02 1.770147212252483939e+02 1.770145554061195128e+02 1.770143698136343744e+02 1.770141928877304451e+02 1.770140546764125133e+02 1.770139477310524683e+02 1.770138676435882417e+02 1.770137954649271705e+02 1.770137142906744430e+02 1.770136274338788951e+02 1.770135293312456213e+02 1.770134470500017869e+02 1.770134023591983521e+02 1.770133916758370276e+02 1.770134034353398249e+02 1.770134140415586899e+02 1.770134192329303460e+02
1.770356943006873394e+02 1.770356868568518109e+02 1.770356590626986133e+02 1.770356200885241549e+02 1.770356142962248782e+02 1.770356471640623397e+02 1.770357240814258546e+02 1.770358329011281739e+02 1.770359227177539196e+02 1.770359906417506295e+02 1.770360364915329683e+02 1.770360706025159914e+02 1.770361322800935397e+02 1.770362281229884616e+02 1.770363637928055311e+02 1.770365284394213177e+02 1.770366708761529821e+02 1.770367912562562083e+02 1.770368894291670188e+02 1.770369753119868790e+02 1.770370844096775045e+02 1.770372202501647507e+02 1.770373851297919146e+02 1.770375719120188478e+02 1.770377367334930625e+02 1.770378790340265596e+02 1.770379983591960809e+02 1.770381057286068938e+02 1.770382260110970094e+02 1.770383606965643537e+02 1.770385130583595696e+02 1.770386785671931591e+02 1.770388183232877850e+02 1.770389368651980817e+02 1.770390324783363099e+02 1.770391123053072988e+02 1.770391940559070179e+02 1.770392766285570190e+02 1.770393657820646069e+02 1.770394537808753910e+02 1.770395172415637148e+02 1.770395604785428247e+02 1.770395790456990426e+02 1.770395771441102966e+02 1.770395675400667130e+02 1.770395519817728882e+02 1.770395252937613861e+02 1.770394903358223644e+02 1.770394356690438826e+02 1.770393564595511862e+02 1.770392547348327525e+02 1.770391225623306752e+02 1.770389788517596230e+02 1.770388243065031588e+02 1.770386517689999550e+02 1.770384628163064065e+02 1.770382608980787040e+02 1.770380340660329068e+02 1.770377837838446453e+02 1.770374982105148547e+02 1.770372021095154196e+02 1.770369049015380369e+02 1.770365889921844200e+02 1.770362625776840844e+02 1.770359314136859439e+02 1.770355738242091377e+02 1.770351945972588794e+02 1.770347773599411596e+02 1.770343605744624824e+02 1.770339548730828767e+02 1.770335445871959337e+02 1.770331337405740442e+02 1.770327233757319334e+02 1.770322864145888389e+02 1.770318294175512790e+02 1.770313326496043658e+02 1.770308489030523731e+02 1.770303924003793838e+02 1.770299420794167418e+02 1.770295033264370090e+02 1.770290673556012848e+02 1.770286052633716736e+02 1.770281238442504161e+02 1.770276027667763969e+02 1.770271037428421153e+02 1.770266438927595516e+02 1.770262045955441295e+02 1.770257857949697211e+02 1.770253710743657223e+02 1.770249295756148342e+02 1.770244658283736214e+02 1.770239656817623484e+02 1.770234962866572630e+02 1.770230743810206491e+02 1.770226797899395592e+02 1.770223156527339654e+02 1.770219508844191409e+02 1.770215599517745773e+02 1.770211446805230366e+02 1.770206954348023771e+02 1.770202800890768060e+02 1.770199165539001456e+02 1.770195893186413514e+02 1.770192942163199632e+02 1.770189975559949289e+02 1.770186729990961965e+02 1.770183234239739249e+02 1.770179408178381948e+02 1.770175952043257155e+02 1.770173034290452563e+02 1.770170522507186490e+02 1.770168372760706745e+02 1.770166155471959542e+02 1.770163658171634040e+02 1.770160898930593021e+02 1.770157834276642177e+02 1.770155163163103396e+02 1.770153039634350591e+02 1.770151340513075411e+02 1.770150038830223025e+02 1.770148612702600417e+02 1.770146913474121106e+02 1.770144946754660964e+02 1.770142715846617136e+02 1.770140878953129686e+02 1.770139571749099900e+02 1.770138745792253872e+02 1.770138304851494411e+02 1.770137729401223794e+02 1.770136866022522781e+02 1.770135738024249008e+02 1.770134381719565511e+02 1.770133443067622352e+02 1.770133024585130670e+02 1.770133099889814616e+02 1.770133591244402567e+02 1.770133934569174983e+02 1.770134035176812404e+02
1.770356952922682297e+02 1.770356784188340953e+02 1.770356200885241549e+02 1.770355312075128609e+02 1.770355062083603741e+02 1.770355376794983613e+02 1.770356236542740760e+02 1.770357801544129188e+02 1.770359087626351027e+02 1.770359844583628615e+02 1.770360101065113270e+02 1.770359968300061269e+02 1.770360338916536875e+02 1.770361257183065788e+02 1.770362644779510219e+02 1.770364764090769825e+02 1.770366634654890845e+02 1.770367955007798741e+02 1.770368842621657279e+02 1.770369247423115837e+02 1.770370044353768151e+02 1.770371337117656765e+02 1.770373001094475853e+02 1.770375344492086640e+02 1.770377441897499864e+02 1.770379012170695034e+02 1.770380151149569201e+02 1.770380801271458608e+02 1.770381705978396951e+02 1.770382984964655861e+02 1.770384549627062825e+02 1.770386644275391177e+02 1.770388479251423632e+02 1.770389782046379707e+02 1.770390660039442139e+02 1.770391070238719635e+02 1.770391637884392253e+02 1.770392455560404130e+02 1.770393433065090676e+02 1.770394731841044802e+02 1.770395690712529131e+02 1.770396168471398823e+02 1.770396203050946440e+02 1.770395811824057546e+02 1.770395594288434324e+02 1.770395443832652802e+02 1.770395404342257848e+02 1.770395443270389251e+02 1.770395052774229896e+02 1.770394213108502584e+02 1.770392872425191513e+02 1.770391199685162462e+02 1.770389761373130568e+02 1.770388321167054926e+02 1.770386960524742790e+02 1.770385462561625616e+02 1.770383396111744503e+02 1.770380929086603317e+02 1.770377906877429552e+02 1.770374692415417996e+02 1.770371869557163791e+02 1.770369074535040284e+02 1.770366425356471325e+02 1.770363554771996917e+02 1.770360016146552766e+02 1.770356128834717424e+02 1.770351625381439931e+02 1.770347062760724270e+02 1.770343152606259594e+02 1.770339363590434232e+02 1.770335853564836839e+02 1.770332174209694642e+02 1.770327767960641836e+02 1.770323017713109266e+02 1.770317630682496599e+02 1.770312245952780472e+02 1.770307730524744159e+02 1.770303456514256197e+02 1.770299604055112184e+02 1.770295687565322567e+02 1.770291003948652246e+02 1.770285977569240004e+02 1.770280305250970230e+02 1.770274654793327613e+02 1.770270006497858333e+02 1.770265706799269196e+02 1.770261967652139674e+02 1.770258285733005721e+02 1.770253853914793467e+02 1.770249047831227642e+02 1.770243584526760117e+02 1.770238112685445628e+02 1.770233721398593900e+02 1.770229786885959697e+02 1.770226464881273500e+02 1.770223335645109159e+02 1.770219506002842138e+02 1.770215248174866360e+02 1.770210314971235448e+02 1.770205327778567437e+02 1.770201445458066587e+02 1.770198049816577281e+02 1.770195325700930766e+02 1.770192915922794725e+02 1.770189845676018479e+02 1.770186326769096468e+02 1.770182112398546224e+02 1.770177782190299638e+02 1.770174501309513460e+02 1.770171789522446204e+02 1.770169753480115276e+02 1.770168146998149723e+02 1.770165932860914495e+02 1.770163223071653533e+02 1.770159846608142971e+02 1.770156266720306917e+02 1.770153673758704258e+02 1.770151685656541076e+02 1.770150393105674880e+02 1.770149626314467639e+02 1.770148334297639678e+02 1.770146478444479783e+02 1.770143983847855225e+02 1.770141221845321411e+02 1.770139380407203760e+02 1.770138167991562739e+02 1.770137635541854877e+02 1.770137740607329988e+02 1.770137383402594935e+02 1.770136448955742026e+02 1.770134900428409139e+02 1.770133009225683907e+02 1.770131965335846189e+02 1.770131580505721445e+02 1.770131867755234794e+02 1.770132925788406055e+02 1.770133622347520088e+02 1.770133819945370703e+02
1.770357091112531975e+02 1.770356885761327135e+02 1.770356142962248782e+02 1.770355062083603741e+02 1.770354724904471766e+02 1.770355040349648448e+02 1.770355951724724264e+02 1.770357703631951836e+02 1.770359166589342408e+02 1.770359953795128831e+02 1.770360131137587132e+02 1.770359818803319740e+02 1.770360094931021990e+02 1.770360991379196776e+02 1.770362440285930177e+02 1.770364745099919901e+02 1.770366838957556865e+02 1.770368249840993258e+02 1.770369072940504509e+02 1.770369325597918646e+02 1.770370015827916461e+02 1.770371276391606159e+02 1.770372990333480914e+02 1.770375538690791473e+02 1.770377897218812961e+02 1.770379574106628979e+02 1.770380674776301930e+02 1.770381151544894180e+02 1.770381954528519088e+02 1.770383222926848532e+02 1.770384862234687091e+02 1.770387175341776924e+02 1.770389249228498159e+02 1.770390677982102829e+02 1.770391490740172173e+02 1.770391738932272858e+02 1.770392204625148338e+02 1.770393013647460805e+02 1.770394093453652431e+02 1.770395628944943951e+02 1.770396814713672882e+02 1.770397347247456139e+02 1.770397269107955367e+02 1.770396706804188511e+02 1.770396382246985922e+02 1.770396280892208836e+02 1.770396394855720246e+02 1.770396680527290130e+02 1.770396431797518062e+02 1.770395570829286100e+02 1.770394039688176804e+02 1.770392171576192197e+02 1.770390680293431842e+02 1.770389310037403732e+02 1.770388123248272620e+02 1.770386875782637901e+02 1.770384856970360374e+02 1.770382253917817081e+02 1.770378943283527065e+02 1.770375494810196813e+02 1.770372680267581416e+02 1.770369963653287755e+02 1.770367538890073149e+02 1.770364885355482727e+02 1.770361293993872778e+02 1.770357178231924138e+02 1.770352301052160442e+02 1.770347517438906948e+02 1.770343654318530184e+02 1.770339956382837840e+02 1.770336719486132608e+02 1.770333221351321242e+02 1.770328710206298126e+02 1.770323701757315291e+02 1.770317897234247368e+02 1.770312315006206916e+02 1.770307881814545681e+02 1.770303725328648170e+02 1.770300144468557164e+02 1.770296406985746671e+02 1.770291615543656008e+02 1.770286323488767266e+02 1.770280245885625732e+02 1.770274399202407096e+02 1.770269850707194905e+02 1.770265708943404945e+02 1.770262210877714892e+02 1.770258698056699700e+02 1.770254168820410712e+02 1.770249117654735187e+02 1.770243263806592893e+02 1.770237629504396750e+02 1.770233337513290905e+02 1.770229525713728265e+02 1.770226452038724290e+02 1.770223502956185655e+02 1.770219603907042654e+02 1.770215133649838606e+02 1.770209860996991722e+02 1.770204712611965476e+02 1.770200900919072353e+02 1.770197624052358947e+02 1.770195120224458663e+02 1.770192889702369428e+02 1.770189790438230091e+02 1.770186095695285360e+02 1.770181572503448990e+02 1.770177089052792212e+02 1.770173866764915545e+02 1.770171253554844668e+02 1.770169397935181053e+02 1.770167969454134891e+02 1.770165773089341883e+02 1.770162935422387136e+02 1.770159281992785907e+02 1.770155546443569392e+02 1.770152986214905866e+02 1.770151077895639276e+02 1.770149922203326582e+02 1.770149344669088407e+02 1.770148090502870275e+02 1.770146157948606174e+02 1.770143445151777826e+02 1.770140518619309944e+02 1.770138658344303337e+02 1.770137508099909667e+02 1.770137089150637735e+02 1.770137385794072031e+02 1.770137115680173565e+02 1.770136136280157473e+02 1.770134406922542496e+02 1.770132361075270069e+02 1.770131273571016379e+02 1.770130908253729274e+02 1.770131274284501615e+02 1.770132504413680863e+02 1.770133360170009666e+02 1.770133618480562063e+02
1.770357469757846047e+02 1.770357230689772905e+02 1.770356471640623397e+02 1.770355376794983613e+02 1.770355040349648448e+02 1.770355359995035656e+02 1.770356295248610934e+02 1.770358079835638421e+02 1.770359572413488252e+02 1.770360391838235614e+02 1.770360567622102792e+02 1.770360233244404640e+02 1.770360518152045870e+02 1.770361451277116487e+02 1.770362938424002550e+02 1.770365299501152379e+02 1.770367461104704319e+02 1.770368913328347844e+02 1.770369729867621231e+02 1.770369967134620026e+02 1.770370672522391544e+02 1.770371971990405484e+02 1.770373762731833835e+02 1.770376408065159524e+02 1.770378849645517221e+02 1.770380582084324317e+02 1.770381690895760869e+02 1.770382156761014585e+02 1.770382973859965716e+02 1.770384302655531883e+02 1.770386014298721022e+02 1.770388464589738078e+02 1.770390653173060116e+02 1.770392130765347645e+02 1.770392937080224272e+02 1.770393142353808287e+02 1.770393625771224890e+02 1.770394492771051205e+02 1.770395659058439719e+02 1.770397341680472039e+02 1.770398654407148626e+02 1.770399236220329726e+02 1.770399130343809588e+02 1.770398483450642573e+02 1.770398141667415928e+02 1.770398083777391776e+02 1.770398293074237301e+02 1.770398727926412903e+02 1.770398601322557681e+02 1.770397754734830187e+02 1.770396164407720789e+02 1.770394180582615604e+02 1.770392647600789928e+02 1.770391271474760515e+02 1.770390156118835989e+02 1.770389006747854239e+02 1.770387084198336538e+02 1.770384460465031964e+02 1.770381026108139224e+02 1.770377419870230540e+02 1.770374514823813286e+02 1.770371769358232257e+02 1.770369362073429613e+02 1.770366770997678429e+02 1.770363208461478166e+02 1.770359031890438928e+02 1.770354035991481396e+02 1.770349074265819240e+02 1.770345105474168577e+02 1.770341364088281750e+02 1.770338107331527056e+02 1.770334654091224706e+02 1.770330152267850394e+02 1.770325074439019772e+02 1.770319150352707140e+02 1.770313427719824233e+02 1.770308925691128650e+02 1.770304723382116379e+02 1.770301123842153572e+02 1.770297400236201497e+02 1.770292576799887456e+02 1.770287244697339020e+02 1.770281054214219125e+02 1.770275120070357104e+02 1.770270519694898894e+02 1.770266310355267763e+02 1.770262817235891362e+02 1.770259302069084413e+02 1.770254757719720544e+02 1.770249656961676124e+02 1.770243743290138241e+02 1.770238038326604908e+02 1.770233709755761424e+02 1.770229884837729912e+02 1.770226781866502961e+02 1.770223832463668714e+02 1.770219914466362638e+02 1.770215406733298380e+02 1.770210094358120330e+02 1.770204914613735809e+02 1.770201058453952214e+02 1.770197784792591165e+02 1.770195261115186440e+02 1.770193029560107902e+02 1.770189924970422339e+02 1.770186209020674823e+02 1.770181670071564781e+02 1.770177150523903720e+02 1.770173932096744522e+02 1.770171298772212936e+02 1.770169448650430866e+02 1.770168006632922868e+02 1.770165807293515741e+02 1.770162944305643009e+02 1.770159281420512798e+02 1.770155535623308367e+02 1.770152959035984281e+02 1.770151054795856851e+02 1.770149906840232745e+02 1.770149317775636746e+02 1.770148061183066091e+02 1.770146120594472450e+02 1.770143393701883099e+02 1.770140455700415600e+02 1.770138600688179054e+02 1.770137434506341947e+02 1.770137036292350388e+02 1.770137307546787895e+02 1.770137044751106430e+02 1.770136062453100294e+02 1.770134319905198481e+02 1.770132272150503923e+02 1.770131186663047345e+02 1.770130818785039253e+02 1.770131193679854391e+02 1.770132417045869033e+02 1.770133289359370679e+02 1.770133543486486474e+02
1.770358071577764179e+02 1.770357890088925785e+02 1.770357240814258546e+02 1.770356236542740760e+02 1.770355951724724264e+02 1.770356295248610934e+02 1.770357232441476469e+02 1.770358960096438068e+02 1.770360353051503068e+02 1.770361153271877299e+02 1.770361405963349739e+02 1.770361187266625507e+02 1.770361572492087134e+02 1.770362543977326482e+02 1.770364086417734200e+02 1.770366461107330167e+02 1.770368527659368283e+02 1.770369957237101346e+02 1.770370820438000123e+02 1.770371154929955537e+02 1.770371965953356437e+02 1.770373373512706507e+02 1.770375271550850300e+02 1.770377994109842632e+02 1.770380395806935496e+02 1.770382104238751992e+02 1.770383228814894494e+02 1.770383745731388387e+02 1.770384679321393833e+02 1.770386103758565639e+02 1.770387975141294419e+02 1.770390576245152943e+02 1.770392813140042563e+02 1.770394286567547510e+02 1.770395087886033707e+02 1.770395260180020500e+02 1.770395799890244746e+02 1.770396757499214857e+02 1.770398069470377322e+02 1.770399989840157104e+02 1.770401375416555538e+02 1.770401984422442467e+02 1.770401859478522226e+02 1.770401086985207542e+02 1.770400737156595881e+02 1.770400707092599362e+02 1.770401021204199310e+02 1.770401715169665522e+02 1.770401734893615640e+02 1.770400975132976384e+02 1.770399353996458842e+02 1.770397160015909037e+02 1.770395485407091201e+02 1.770394073152842225e+02 1.770392962034488846e+02 1.770392028426415436e+02 1.770390273924120663e+02 1.770387736979886029e+02 1.770384283687217248e+02 1.770380415087178960e+02 1.770377262388361714e+02 1.770374359761566438e+02 1.770371832197872948e+02 1.770369346657823826e+02 1.770365941057333146e+02 1.770361872984484819e+02 1.770356906775685388e+02 1.770351690350457261e+02 1.770347436843375135e+02 1.770343478779720670e+02 1.770340010773581128e+02 1.770336553287486083e+02 1.770332198742646312e+02 1.770327262709415379e+02 1.770321476955387823e+02 1.770315562574380692e+02 1.770310773032036593e+02 1.770306345308400182e+02 1.770302495468728523e+02 1.770298689236263669e+02 1.770294000540050661e+02 1.770288815920154661e+02 1.770282824567125033e+02 1.770276794569483343e+02 1.770271934403963030e+02 1.770267531369320295e+02 1.770263758225160302e+02 1.770260123688874785e+02 1.770255655437229905e+02 1.770250732711927526e+02 1.770245043721381535e+02 1.770239334818520263e+02 1.770234814716928895e+02 1.770230786021700737e+02 1.770227438435305771e+02 1.770224330452254549e+02 1.770220460899970192e+02 1.770216113313135509e+02 1.770211048748193150e+02 1.770205908464123183e+02 1.770201935253113561e+02 1.770198500392691585e+02 1.770195762881468795e+02 1.770193358822238849e+02 1.770190255997497957e+02 1.770186684434236781e+02 1.770182376267138693e+02 1.770177964946120426e+02 1.770174644610929988e+02 1.770171915037576014e+02 1.770169871443110878e+02 1.770168259463052038e+02 1.770166021516133128e+02 1.770163271723302501e+02 1.770159831433004740e+02 1.770156219875694035e+02 1.770153598319719208e+02 1.770151605802781773e+02 1.770150316364436378e+02 1.770149540915706154e+02 1.770148209954775780e+02 1.770146350536039392e+02 1.770143826112909835e+02 1.770141050848505699e+02 1.770139185519381613e+02 1.770137973765240247e+02 1.770137455542528926e+02 1.770137551403377358e+02 1.770137176016149851e+02 1.770136225640929695e+02 1.770134662954528437e+02 1.770132788451510635e+02 1.770131738240699235e+02 1.770131338018412634e+02 1.770131639668679497e+02 1.770132694156504556e+02 1.770133391921173711e+02 1.770133584322613274e+02
1.770358768146276986e+02 1.770358662458160097e+02 1.770358329011281739e+02 1.770357801544129188e+02 1.770357703631951836e+02 1.770358079835638421e+02 1.770358960096438068e+02 1.770360251134271721e+02 1.770361313480507874e+02 1.770362074312324125e+02 1.770362541089140791e+02 1.770362833266707412e+02 1.770363475036469936e+02 1.770364558936018398e+02 1.770366132969781461e+02 1.770368130871107439e+02 1.770369816656521778e+02 1.770371197277792135e+02 1.770372223997884475e+02 1.770373072397707404e+02 1.770374241271450160e+02 1.770375789193350045e+02 1.770377796995267659e+02 1.770380189898671119e+02 1.770382211123042566e+02 1.770383892420530287e+02 1.770385164455992140e+02 1.770386181689012517e+02 1.770387495509659175e+02 1.770389100714402844e+02 1.770391103188730710e+02 1.770393434434736548e+02 1.770395319215703580e+02 1.770396782929720985e+02 1.770397777957703340e+02 1.770398413545711378e+02 1.770399306994025039e+02 1.770400391645113700e+02 1.770401762518627038e+02 1.770403398607259362e+02 1.770404540306666092e+02 1.770405175812808807e+02 1.770405296693233197e+02 1.770404940896302719e+02 1.770404821488426705e+02 1.770404845927188546e+02 1.770405056734464608e+02 1.770405464858263542e+02 1.770405376143033607e+02 1.770404706339078018e+02 1.770403465809681052e+02 1.770401618241152732e+02 1.770399966671391496e+02 1.770398467471793822e+02 1.770397022310627904e+02 1.770395721259342565e+02 1.770393946392496218e+02 1.770391567844161784e+02 1.770388613635531101e+02 1.770384991030379922e+02 1.770381612760207304e+02 1.770378443056074786e+02 1.770375342664757738e+02 1.770372386563978750e+02 1.770369082631031290e+02 1.770365200572417450e+02 1.770360823616270807e+02 1.770355831985765747e+02 1.770351162749535945e+02 1.770346854069670428e+02 1.770342687923542258e+02 1.770338718092164072e+02 1.770334517741462719e+02 1.770329840003113873e+02 1.770324765114960144e+02 1.770319107432503927e+02 1.770313828615719274e+02 1.770309038970534061e+02 1.770304452123905037e+02 1.770300095188421210e+02 1.770295615877784030e+02 1.770290714384565547e+02 1.770285471421195211e+02 1.770279728240353165e+02 1.770274426010854825e+02 1.770269647588691839e+02 1.770265158794456966e+02 1.770260957426576454e+02 1.770256687038200312e+02 1.770252040166023733e+02 1.770247112858513390e+02 1.770241759248499420e+02 1.770236830477744263e+02 1.770232496141258878e+02 1.770228504988453722e+02 1.770224826131530449e+02 1.770221079825822983e+02 1.770217013301812869e+02 1.770212667191933633e+02 1.770207932928621801e+02 1.770203641335169209e+02 1.770199960908479113e+02 1.770196662403998289e+02 1.770193684238670642e+02 1.770190649309399191e+02 1.770187302436817731e+02 1.770183668722619075e+02 1.770179706220103810e+02 1.770176178765017596e+02 1.770173246670450453e+02 1.770170720407248837e+02 1.770168555056400521e+02 1.770166280446296696e+02 1.770163718750021644e+02 1.770160879073090143e+02 1.770157736903155978e+02 1.770155009677108069e+02 1.770152882061428556e+02 1.770151193216685499e+02 1.770149870628809765e+02 1.770148426213580137e+02 1.770146690151956079e+02 1.770144667286440949e+02 1.770142390304514208e+02 1.770140521806289939e+02 1.770139225563483762e+02 1.770138394207449153e+02 1.770137954236825806e+02 1.770137365369206464e+02 1.770136482824925395e+02 1.770135330885742917e+02 1.770133971936935779e+02 1.770133000269958927e+02 1.770132580573261123e+02 1.770132695076074754e+02 1.770133189136203100e+02 1.770133540418781877e+02 1.770133648721887027e+02
1.770359402875977821e+02 1.770359353826496545e+02 1.770359227177539196e+02 1.770359087626351027e+02 1.770359166589342408e+02 1.770359572413488252e+02 1.770360353051503068e+02 1.770361313480507874e+02 1.770362145497668678e+02 1.770362918098120701e+02 1.770363580828569070e+02 1.770364267195029697e+02 1.770365180399585938e+02 1.770366348125865841e+02 1.770367884179525220e+02 1.770369524131877199e+02 1.770370997046746879e+02 1.770372366225293206e+02 1.770373611545000472e+02 1.770374917414438301e+02 1.770376431818967262e+02 1.770378115968682948e+02 1.770380110635271080e+02 1.770382146406478796e+02 1.770383944143403028e+02 1.770385646661557359e+02 1.770387148774850630e+02 1.770388732255347861e+02 1.770390431053453142e+02 1.770392212727997787e+02 1.770394193543190795e+02 1.770396109662273147e+02 1.770397767409590131e+02 1.770399269546872176e+02 1.770400570621311829e+02 1.770401840386183210e+02 1.770403134093435824e+02 1.770404372660995875e+02 1.770405632463872792e+02 1.770406788505695204e+02 1.770407675664856413e+02 1.770408372963310626e+02 1.770408855396646004e+02 1.770409175747560653e+02 1.770409400460883376e+02 1.770409508029111123e+02 1.770409494019792476e+02 1.770409355233696260e+02 1.770409031977155507e+02 1.770408440924999809e+02 1.770407626839258057e+02 1.770406465674196568e+02 1.770405063659149505e+02 1.770403510818791233e+02 1.770401661690977733e+02 1.770399706103006849e+02 1.770397687807722491e+02 1.770395367672690554e+02 1.770392841847222201e+02 1.770389828462795947e+02 1.770386491565587903e+02 1.770383107516970824e+02 1.770379433383031085e+02 1.770375784788935221e+02 1.770372272528518636e+02 1.770368451434777342e+02 1.770364495095963377e+02 1.770359976631826271e+02 1.770355179054040491e+02 1.770350583302755467e+02 1.770345790343649810e+02 1.770341205532101014e+02 1.770336884762341185e+02 1.770332306038033323e+02 1.770327654001126234e+02 1.770322407939172535e+02 1.770316956702856714e+02 1.770311862698177663e+02 1.770306655248568291e+02 1.770301779944562384e+02 1.770297246917632208e+02 1.770292456710845101e+02 1.770287630931746321e+02 1.770282269479162665e+02 1.770276759048834947e+02 1.770271693850859833e+02 1.770266675970624419e+02 1.770262016642599292e+02 1.770257703404849110e+02 1.770253196852481210e+02 1.770248660443084532e+02 1.770243644489237340e+02 1.770238561909793589e+02 1.770233969235773657e+02 1.770229507047940274e+02 1.770225431160386336e+02 1.770221672161746653e+02 1.770217742731831265e+02 1.770213758745529731e+02 1.770209373782041666e+02 1.770204960325722539e+02 1.770201056295877322e+02 1.770197374565760526e+02 1.770194043158940076e+02 1.770190979729634364e+02 1.770187754294173033e+02 1.770184477881058172e+02 1.770180848202171262e+02 1.770177247028173042e+02 1.770174152318336667e+02 1.770171294292844664e+02 1.770168792561436248e+02 1.770166481518349144e+02 1.770164009805983767e+02 1.770161476668287719e+02 1.770158660187028659e+02 1.770155933732023357e+02 1.770153676881666058e+02 1.770151723246329709e+02 1.770150067246554499e+02 1.770148543253225455e+02 1.770146872082869720e+02 1.770145113068566900e+02 1.770143164803669720e+02 1.770141338196152105e+02 1.770139965647964573e+02 1.770138951236544642e+02 1.770138170410452574e+02 1.770137456476489888e+02 1.770136617992974379e+02 1.770135681919704780e+02 1.770134635833153709e+02 1.770133757845381410e+02 1.770133312249199946e+02 1.770133263204122613e+02 1.770133450588716073e+02 1.770133599226642502e+02 1.770133676254581587e+02
1.770360031767946509e+02 1.770359986563002792e+02 1.770359906417506295e+02 1.770359844583628615e+02 1.770359953795128831e+02 1.770360391838235614e+02 1.770361153271877299e+02 1.770362074312324125e+02 1.770362918098120701e+02 1.770363734729882310e+02 1.770364466210701835e+02 1.770365246658774367e+02 1.770366244236344926e+02 1.770367479552103021e+02 1.770369012906258206e+02 1.770370638309694868e+02 1.770372111686108383e+02 1.770373567191414281e+02 1.770374939004919383e+02 1.770376432391194896e+02 1.770378085640907670e+02 1.770379857472334493e+02 1.770381872838891013e+02 1.770383869460019071e+02 1.770385688424343300e+02 1.770387491735448862e+02 1.770389218758139691e+02 1.770391060315328389e+02 1.770392978870065406e+02 1.770394851494964428e+02 1.770396820130733886e+02 1.770398665545657195e+02 1.770400315123273458e+02 1.770401960464216415e+02 1.770403526772472560e+02 1.770405147803734280e+02 1.770406699711479348e+02 1.770408024415235957e+02 1.770409218961617341e+02 1.770410205444235032e+02 1.770411031775059598e+02 1.770411842665862991e+02 1.770412576807293021e+02 1.770413291887110177e+02 1.770413779410368136e+02 1.770413972563236200e+02 1.770413828336046151e+02 1.770413443279195462e+02 1.770412994914036631e+02 1.770412483578837737e+02 1.770411927265767815e+02 1.770411162846374111e+02 1.770410016319899285e+02 1.770408460569947806e+02 1.770406391697936783e+02 1.770404054451116735e+02 1.770401802068956840e+02 1.770399438102748775e+02 1.770397065434696344e+02 1.770394322591313880e+02 1.770391118086349991e+02 1.770387670051057114e+02 1.770383701430680219e+02 1.770379634576149783e+02 1.770375803401558130e+02 1.770371843913349892e+02 1.770367919336543991e+02 1.770363549783215831e+02 1.770358795483192580e+02 1.770354086365660464e+02 1.770349024203114539e+02 1.770344084960691191e+02 1.770339514698147809e+02 1.770334800041467247e+02 1.770330133251629832e+02 1.770324970249890555e+02 1.770319529451268465e+02 1.770314331239966350e+02 1.770308920410006124e+02 1.770303769298155316e+02 1.770299033828891595e+02 1.770294134049543686e+02 1.770289289945417579e+02 1.770283945301047765e+02 1.770278416559089862e+02 1.770273282339134653e+02 1.770268103746255974e+02 1.770263245602942845e+02 1.770258811366316820e+02 1.770254199809668876e+02 1.770249637813002153e+02 1.770244621048099134e+02 1.770239508229255421e+02 1.770234863407304431e+02 1.770230310169197310e+02 1.770226121999404825e+02 1.770222285120122194e+02 1.770218274569309642e+02 1.770214266446223803e+02 1.770209877190117140e+02 1.770205445756153892e+02 1.770201515877638485e+02 1.770197772913889480e+02 1.770194386135188438e+02 1.770191277935154233e+02 1.770188000186699639e+02 1.770184703372319746e+02 1.770181062544287727e+02 1.770177458298615818e+02 1.770174327532999428e+02 1.770171464448318943e+02 1.770168921879276809e+02 1.770166584857451255e+02 1.770164086329287159e+02 1.770161542663929310e+02 1.770158722005773484e+02 1.770155968458772406e+02 1.770153711984256972e+02 1.770151746098232763e+02 1.770150072491993569e+02 1.770148543743646883e+02 1.770146856917968705e+02 1.770145088035441745e+02 1.770143120153403515e+02 1.770141286517916797e+02 1.770139916406215548e+02 1.770138874949336127e+02 1.770138126125048643e+02 1.770137398126753965e+02 1.770136548689050642e+02 1.770135605170941915e+02 1.770134548464287150e+02 1.770133671839121803e+02 1.770133224602842006e+02 1.770133178899594384e+02 1.770133353784124211e+02 1.770133527114219305e+02 1.770133592239594407e+02
1.770360627191607819e+02 1.770360548793757403e+02 1.770360364915329683e+02 1.770360101065113270e+02 1.770360131137587132e+02 1.770360567622102792e+02 1.770361405963349739e+02 1.770362541089140791e+02 1.770363580828569070e+02 1.770364466210701835e+02 1.770365189101534611e+02 1.770365866120466762e+02 1.770366781717440006e+02 1.770367994277131913e+02 1.770369597979808418e+02 1.770371414951690383e+02 1.770373143859428069e+02 1.770374753221674666e+02 1.770376224590530114e+02 1.770377719962855281e+02 1.770379325792432326e+02 1.770381111181859239e+02 1.770383127144517914e+02 1.770385284699549402e+02 1.770387351642707188e+02 1.770389357670104005e+02 1.770391320972484834e+02 1.770393337919408907e+02 1.770395271350133726e+02 1.770397185462263963e+02 1.770399139282921510e+02 1.770401033288067083e+02 1.770402869567211894e+02 1.770404739491252997e+02 1.770406592806302228e+02 1.770408559423356962e+02 1.770410188348795089e+02 1.770411564274258751e+02 1.770412742511769011e+02 1.770413582321645549e+02 1.770414451694594504e+02 1.770415401443331689e+02 1.770416427680960965e+02 1.770417557924343157e+02 1.770418212389711243e+02 1.770418467451177946e+02 1.770418318033123626e+02 1.770417671682353387e+02 1.770417104708627960e+02 1.770416650611670661e+02 1.770416306649752869e+02 1.770416004185434247e+02 1.770415079748530047e+02 1.770413619233058853e+02 1.770411518613543933e+02 1.770408753873214494e+02 1.770406140225654781e+02 1.770403607414192209e+02 1.770401216163528488e+02 1.770398758357078748e+02 1.770395791621688488e+02 1.770392407730655293e+02 1.770388441819290790e+02 1.770383888976851665e+02 1.770379539834352443e+02 1.770375244307549281e+02 1.770371048727198513e+02 1.770366743695976766e+02 1.770362193660175478e+02 1.770357560322262884e+02 1.770352608708113280e+02 1.770347328845692800e+02 1.770342277008388407e+02 1.770337194473090392e+02 1.770332156492997342e+02 1.770326922501638478e+02 1.770321691582554138e+02 1.770316599286110488e+02 1.770311403975264852e+02 1.770306066539934591e+02 1.770300911987539507e+02 1.770295657467168837e+02 1.770290377325259499e+02 1.770284848503783905e+02 1.770279489570619376e+02 1.770274483243879615e+02 1.770269563889753215e+02 1.770264695390870600e+02 1.770259943455045004e+02 1.770255036462605176e+02 1.770250020544638403e+02 1.770244732630492024e+02 1.770239744208255104e+02 1.770235256558412971e+02 1.770230968107720173e+02 1.770226888791852389e+02 1.770222859053877755e+02 1.770218597037678876e+02 1.770214179227347131e+02 1.770209464200993636e+02 1.770205118822653390e+02 1.770201339206707303e+02 1.770197869027327329e+02 1.770194692590391412e+02 1.770191508388392947e+02 1.770188052976955362e+02 1.770184373653620753e+02 1.770180395953443906e+02 1.770176817287520237e+02 1.770173822991358747e+02 1.770171217050979635e+02 1.770168944610636288e+02 1.770166603131025340e+02 1.770163962482101567e+02 1.770161070391633018e+02 1.770157911445286629e+02 1.770155151426183409e+02 1.770152969304315320e+02 1.770151253205504247e+02 1.770149888015966155e+02 1.770148415401918669e+02 1.770146632679665402e+02 1.770144587914325598e+02 1.770142258657384957e+02 1.770140370506533145e+02 1.770139043022282408e+02 1.770138221967521588e+02 1.770137777702436779e+02 1.770137181775859290e+02 1.770136289705102399e+02 1.770135113254480927e+02 1.770133701218062754e+02 1.770132726994197867e+02 1.770132302339934824e+02 1.770132411203754828e+02 1.770132941658313257e+02 1.770133311246103460e+02 1.770133437585114109e+02
