1.770679132803585958e+02 1.770679135541853384e+02 1.770679142213210184e+02 1.770679171401466476e+02 1.770679344303226230e+02 1.770679668583226487e+02 1.770680183422578580e+02 1.770680778347349360e+02 1.770681325259373864e+02 1.770681915035113718e+02 1.770682487343580647e+02 1.770683179742554216e+02 1.770684017319335339e+02 1.770684978203091475e+02 1.770686096652381423e+02 1.770687216780586084e+02 1.770688248593240530e+02 1.770689287204008338e+02 1.770690302542930965e+02 1.770691477785606764e+02 1.770692770669549816e+02 1.770694095826607395e+02 1.770695558034268799e+02 1.770696926690629027e+02 1.770698156596613444e+02 1.770699381399682295e+02 1.770700558270867475e+02 1.770701871844724167e+02 1.770703268060898665e+02 1.770704590837672754e+02 1.770705934275952984e+02 1.770707116289393355e+02 1.770708149369755517e+02 1.770709163644835087e+02 1.770710117747894117e+02 1.770711118946659894e+02 1.770712083596410764e+02 1.770712890045173538e+02 1.770713571487154638e+02 1.770714085041870476e+02 1.770714469348436069e+02 1.770714808212044034e+02 1.770715064176477824e+02 1.770715240582425736e+02 1.770715266146754345e+02 1.770715027461167210e+02 1.770714556713649017e+02 1.770713926212345086e+02 1.770713254711782838e+02 1.770712511330129360e+02 1.770711682323830303e+02 1.770710618095362463e+02 1.770709235252263625e+02 1.770707586888435969e+02 1.770705588069891689e+02 1.770703542576403891e+02 1.770701589140093120e+02 1.770699509352304517e+02 1.770697386607455996e+02 1.770694882568432433e+02 1.770691937065896013e+02 1.770688834140625261e+02 1.770685384450887909e+02 1.770682001806891606e+02 1.770678893072975768e+02 1.770675657130217644e+02 1.770672420350992411e+02 1.770668694704884274e+02 1.770664533662334463e+02 1.770660359306692158e+02 1.770655893761188793e+02 1.770651663620347449e+02 1.770647856866738437e+02 1.770643917506978084e+02 1.770640029387168966e+02 1.770635600620263688e+02 1.770630768003375692e+02 1.770626057055354750e+02 1.770621176696457724e+02 1.770616626781388732e+02 1.770612589618450556e+02 1.770608426738599803e+02 1.770604345647551554e+02 1.770599741520444468e+02 1.770594798691376468e+02 1.770590069506729094e+02 1.770585278303017560e+02 1.770580906701480330e+02 1.770577016996251984e+02 1.770573047333484453e+02 1.770569155141459134e+02 1.770564810226831014e+02 1.770560179477653833e+02 1.770555853333173673e+02 1.770551516649528025e+02 1.770547611131653412e+02 1.770544165627599398e+02 1.770540646499533182e+02 1.770537215347341373e+02 1.770533357627902262e+02 1.770529321722522695e+02 1.770525593042412709e+02 1.770521928147215931e+02 1.770518657122713364e+02 1.770515786685301407e+02 1.770512867525209799e+02 1.770510003182736511e+02 1.770506819625420007e+02 1.770503506229768789e+02 1.770500511250732529e+02 1.770497621949890856e+02 1.770495097844521126e+02 1.770492865549945520e+02 1.770490615597556996e+02 1.770488416118024873e+02 1.770485982524081408e+02 1.770483482228050036e+02 1.770481288216503231e+02 1.770479248693209513e+02 1.770477505744975417e+02 1.770476001258303427e+02 1.770474470676826684e+02 1.770472975333411796e+02 1.770471338290429344e+02 1.770469719467071457e+02 1.770468386600604163e+02 1.770467238597961739e+02 1.770466343476497286e+02 1.770465567107674474e+02 1.770464807273453118e+02 1.770464070628693207e+02 1.770463285475254622e+02 1.770462588913284776e+02 1.770462169370675838e+02 1.770461967382013029e+02 1.770461928253186272e+02 1.770461946958977819e+02 1.770461944375714154e+02
1.770679135541853384e+02 1.770679119858247930e+02 1.770679110267199974e+02 1.770679128316917286e+02 1.770679267265855685e+02 1.770679595496285685e+02 1.770680105999774412e+02 1.770680732473515206e+02 1.770681312720904543e+02 1.770681904278878278e+02 1.770682490135002354e+02 1.770683169559997623e+02 1.770683982601950959e+02 1.770684916841793779e+02 1.770686033892887679e+02 1.770687176814705595e+02 1.770688231148545242e+02 1.770689312281799062e+02 1.770690345314319813e+02 1.770691496085618439e+02 1.770692766554735158e+02 1.770694084541312066e+02 1.770695516268527285e+02 1.770696908182026164e+02 1.770698171245246328e+02 1.770699432456304692e+02 1.770700648327195950e+02 1.770701956406420550e+02 1.770703322126972239e+02 1.770704624073692344e+02 1.770705942655205831e+02 1.770707146172955220e+02 1.770708217016657784e+02 1.770709255250306171e+02 1.770710233442039510e+02 1.770711253841915322e+02 1.770712198941874078e+02 1.770712991576201887e+02 1.770713674390107428e+02 1.770714183853739314e+02 1.770714581676149919e+02 1.770714916390734857e+02 1.770715186936712655e+02 1.770715391940591417e+02 1.770715416314343429e+02 1.770715210510800262e+02 1.770714724489143634e+02 1.770714088099008165e+02 1.770713408778211999e+02 1.770712646649529916e+02 1.770711809315724281e+02 1.770710746241508673e+02 1.770709403565668367e+02 1.770707802317426456e+02 1.770705828611410766e+02 1.770703753487411802e+02 1.770701759119691303e+02 1.770699637312911818e+02 1.770697468792247946e+02 1.770694953302737531e+02 1.770692077066291006e+02 1.770689049558589261e+02 1.770685638202564292e+02 1.770682232697691916e+02 1.770679041175153827e+02 1.770675734447936520e+02 1.770672434143262990e+02 1.770668685901612776e+02 1.770664588672156583e+02 1.770660510284962470e+02 1.770656122366226271e+02 1.770651883784594247e+02 1.770647975917023871e+02 1.770643955427576657e+02 1.770639955737656805e+02 1.770635503607853138e+02 1.770630756844067548e+02 1.770626140737186631e+02 1.770621359882081549e+02 1.770616821628408388e+02 1.770612672365555795e+02 1.770608416341338796e+02 1.770604218059775405e+02 1.770599589843646413e+02 1.770594719920421767e+02 1.770590103224255643e+02 1.770585421296651703e+02 1.770581021272502369e+02 1.770577069916093365e+02 1.770573010630788531e+02 1.770569018455108221e+02 1.770564621654734481e+02 1.770560069952264257e+02 1.770555830586511661e+02 1.770551605358394340e+02 1.770547704440571692e+02 1.770544191379484289e+02 1.770540590587448548e+02 1.770537053283373154e+02 1.770533167818355480e+02 1.770529180188140685e+02 1.770525537480046410e+02 1.770521964774055732e+02 1.770518706547890133e+02 1.770515794062370674e+02 1.770512788466522807e+02 1.770509839027327246e+02 1.770506621649166448e+02 1.770503348813745390e+02 1.770500420049872616e+02 1.770497613045195919e+02 1.770495101730624867e+02 1.770492852644230197e+02 1.770490552826937858e+02 1.770488269824043357e+02 1.770485802781894336e+02 1.770483322762430305e+02 1.770481181946754816e+02 1.770479196937728261e+02 1.770477485632540038e+02 1.770475961971618517e+02 1.770474394962539293e+02 1.770472850651271983e+02 1.770471177979604818e+02 1.770469562193288482e+02 1.770468253200122035e+02 1.770467168567061833e+02 1.770466274919254772e+02 1.770465521678256664e+02 1.770464733041769136e+02 1.770463956395477112e+02 1.770463134733298318e+02 1.770462448191306919e+02 1.770462034653010619e+02 1.770461854197266405e+02 1.770461853692773673e+02 1.770461893393036803e+02 1.770461907668447168e+02
1.770679142213210184e+02 1.770679110267199974e+02 1.770679045655208768e+02 1.770678987395298520e+02 1.770679086235147679e+02 1.770679390771661019e+02 1.770679917385195381e+02 1.770680594189521173e+02 1.770681273322810512e+02 1.770681912379984624e+02 1.770682508832059341e+02 1.770683126820729854e+02 1.770683860301492984e+02 1.770684740683904863e+02 1.770685818077209888e+02 1.770687050196921177e+02 1.770688224108761801e+02 1.770689377200498598e+02 1.770690480536913469e+02 1.770691607468510256e+02 1.770692769039216046e+02 1.770694003298619350e+02 1.770695376452052301e+02 1.770696838075605513e+02 1.770698232635967031e+02 1.770699598769725753e+02 1.770700900552998860e+02 1.770702207663701415e+02 1.770703477977725697e+02 1.770704719332517243e+02 1.770705967722571188e+02 1.770707214649124523e+02 1.770708377300551888e+02 1.770709513437901990e+02 1.770710580897318493e+02 1.770711625388815378e+02 1.770712534666438103e+02 1.770713288009221174e+02 1.770713931145317019e+02 1.770714442315722579e+02 1.770714880620615759e+02 1.770715260484197415e+02 1.770715566943696331e+02 1.770715813793867710e+02 1.770715850817050807e+02 1.770715662081358062e+02 1.770715231766429270e+02 1.770714561776620712e+02 1.770713810133616448e+02 1.770713000319960884e+02 1.770712119883732214e+02 1.770711122699884186e+02 1.770709866512153212e+02 1.770708370915867249e+02 1.770706549961735732e+02 1.770704396148557578e+02 1.770702214512784280e+02 1.770699938024933999e+02 1.770697620472134588e+02 1.770695134001810800e+02 1.770692436369984932e+02 1.770689593625949101e+02 1.770686407718489761e+02 1.770682927962583051e+02 1.770679481923265826e+02 1.770675933428591122e+02 1.770672357026618045e+02 1.770668588002804711e+02 1.770664774861989201e+02 1.770660935699740435e+02 1.770656843154401372e+02 1.770652547309875331e+02 1.770648326529129690e+02 1.770644013795579212e+02 1.770639693932947978e+02 1.770635184569178193e+02 1.770630725460738972e+02 1.770626407488987013e+02 1.770621947156685394e+02 1.770617379621940870e+02 1.770612920170851794e+02 1.770608372929546022e+02 1.770603808811067097e+02 1.770599091790724628e+02 1.770594532335568374e+02 1.770590189740767073e+02 1.770585838737820552e+02 1.770581477300565609e+02 1.770577220769127109e+02 1.770572879003733533e+02 1.770568527732178552e+02 1.770564036957929375e+02 1.770559752419356698e+02 1.770555777013502166e+02 1.770551864746774413e+02 1.770548015328270139e+02 1.770544258613074646e+02 1.770540418569987082e+02 1.770536540235254392e+02 1.770532554507552732e+02 1.770528803444001085e+02 1.770525372884666524e+02 1.770522087199430814e+02 1.770518886179422680e+02 1.770515792962166017e+02 1.770512589255023386e+02 1.770509371486938051e+02 1.770506016966729419e+02 1.770502929709196849e+02 1.770500175389664150e+02 1.770497606626122433e+02 1.770495169784256859e+02 1.770492796152734911e+02 1.770490336520857113e+02 1.770487828194872293e+02 1.770485231406181015e+02 1.770482887372958487e+02 1.770480875451582676e+02 1.770479086066551702e+02 1.770477451394866932e+02 1.770475865089682941e+02 1.770474197758792627e+02 1.770472466417984094e+02 1.770470681866625569e+02 1.770469132806318271e+02 1.770467899828340705e+02 1.770466935231708590e+02 1.770466155291224197e+02 1.770465406133652380e+02 1.770464565375298207e+02 1.770463668258719281e+02 1.770462725878601020e+02 1.770462043607869589e+02 1.770461645998532560e+02 1.770461545028505554e+02 1.770461647468261219e+02 1.770461758919528279e+02 1.770461802154854354e+02
1.770679171401466476e+02 1.770679128316917286e+02 1.770678987395298520e+02 1.770678828154992743e+02 1.770678889767117425e+02 1.770679170235708852e+02 1.770679650886836214e+02 1.770680440062704690e+02 1.770681273106916649e+02 1.770681966588057321e+02 1.770682596896655525e+02 1.770683120168379219e+02 1.770683749443303157e+02 1.770684564318065952e+02 1.770685570814503365e+02 1.770686874198958094e+02 1.770688285983757453e+02 1.770689557057949628e+02 1.770690762494542128e+02 1.770691791559185049e+02 1.770692811064618581e+02 1.770693986800398534e+02 1.770695237243147631e+02 1.770696781601522503e+02 1.770698423699252260e+02 1.770699929781242759e+02 1.770701379344709778e+02 1.770702626883672224e+02 1.770703747492262323e+02 1.770704905143392409e+02 1.770706068407620819e+02 1.770707385166034840e+02 1.770708785464714197e+02 1.770710035200268919e+02 1.770711229512618274e+02 1.770712212128878491e+02 1.770713004670335238e+02 1.770713720444038870e+02 1.770714353672568393e+02 1.770714928310456173e+02 1.770715490980223876e+02 1.770715932622564139e+02 1.770716257407110561e+02 1.770716480650334006e+02 1.770716496784178844e+02 1.770716323353242956e+02 1.770716007128578156e+02 1.770715404185758644e+02 1.770714621529956503e+02 1.770713741546109645e+02 1.770712722023936294e+02 1.770711690744065265e+02 1.770710555975879572e+02 1.770709178927222922e+02 1.770707601237794506e+02 1.770705534309813913e+02 1.770703105102190591e+02 1.770700622271287159e+02 1.770697942916982583e+02 1.770695429863613981e+02 1.770693013075756710e+02 1.770690357122109333e+02 1.770687580095483327e+02 1.770684186358998318e+02 1.770680300719747891e+02 1.770676409293486984e+02 1.770672312391616856e+02 1.770668511338299140e+02 1.770665093287842922e+02 1.770661508775067716e+02 1.770657918591522844e+02 1.770653725248154728e+02 1.770648978267517748e+02 1.770644261459920017e+02 1.770639305123491454e+02 1.770634750072614167e+02 1.770630782586945031e+02 1.770626752623454649e+02 1.770622837376359655e+02 1.770618375932120614e+02 1.770613390569580474e+02 1.770608409019334886e+02 1.770603194280285209e+02 1.770598423853703025e+02 1.770594344682806707e+02 1.770590318647399215e+02 1.770586495195574912e+02 1.770582264785333564e+02 1.770577514735789464e+02 1.770572762020956645e+02 1.770567777408804773e+02 1.770563230095059453e+02 1.770559419592871961e+02 1.770555733891284262e+02 1.770552298583336039e+02 1.770548586088079901e+02 1.770544399801256361e+02 1.770540205541542775e+02 1.770535773220973965e+02 1.770531701648322098e+02 1.770528362514623950e+02 1.770525189835373396e+02 1.770522303918975240e+02 1.770519266300364052e+02 1.770515816022809474e+02 1.770512324523774623e+02 1.770508611315409553e+02 1.770505195982665612e+02 1.770502441251616403e+02 1.770499885090408725e+02 1.770497646361740181e+02 1.770495351561191626e+02 1.770492740377660823e+02 1.770490062575591423e+02 1.770487157970670751e+02 1.770484473146216828e+02 1.770482371576499645e+02 1.770480502898267900e+02 1.770478953458482749e+02 1.770477466115808909e+02 1.770475752262587150e+02 1.770473920036340587e+02 1.770471907057570604e+02 1.770470015629886689e+02 1.770468620042271084e+02 1.770467489923205164e+02 1.770466654579356316e+02 1.770466011206167138e+02 1.770465232083622880e+02 1.770464321521782836e+02 1.770463231261121280e+02 1.770462184378183679e+02 1.770461553647798496e+02 1.770461193670079467e+02 1.770461126769743885e+02 1.770461368908812574e+02 1.770461568418655247e+02 1.770461642865217584e+02
1.770679344303226230e+02 1.770679267265855685e+02 1.770679086235147679e+02 1.770678889767117425e+02 1.770678923674908845e+02 1.770679203086914981e+02 1.770679691304207779e+02 1.770680504428543998e+02 1.770681408897993947e+02 1.770682160170270834e+02 1.770682798678586778e+02 1.770683290089610296e+02 1.770683881297723588e+02 1.770684681321592961e+02 1.770685661708837983e+02 1.770687027293582503e+02 1.770688555646434281e+02 1.770689917592323752e+02 1.770691152401278998e+02 1.770692163694296823e+02 1.770693129302441946e+02 1.770694268380433130e+02 1.770695519545787420e+02 1.770697139098538742e+02 1.770698928760940873e+02 1.770700550684469476e+02 1.770702043819106564e+02 1.770703252007178889e+02 1.770704310498257996e+02 1.770705463630511929e+02 1.770706640600914454e+02 1.770708062524514617e+02 1.770709612059822859e+02 1.770710971622263514e+02 1.770712193967017924e+02 1.770713122951633522e+02 1.770713864945967373e+02 1.770714579377675761e+02 1.770715252766690071e+02 1.770715958262849483e+02 1.770716640348680357e+02 1.770717138346587660e+02 1.770717459593180934e+02 1.770717584991921001e+02 1.770717568459947131e+02 1.770717456099260403e+02 1.770717205953526729e+02 1.770716752615545317e+02 1.770716030955084932e+02 1.770715125938591825e+02 1.770714002706892529e+02 1.770712883587155204e+02 1.770711746973202878e+02 1.770710450961121296e+02 1.770708998867233106e+02 1.770707056542350131e+02 1.770704607319198089e+02 1.770701972696226107e+02 1.770699080012457500e+02 1.770696466380702248e+02 1.770694105101546825e+02 1.770691549719295210e+02 1.770688931909272981e+02 1.770685643627153354e+02 1.770681630781422484e+02 1.770677497557387881e+02 1.770673106929381504e+02 1.770669213092380403e+02 1.770665893042246353e+02 1.770662427105434915e+02 1.770659031790193296e+02 1.770654917315577279e+02 1.770649988970838820e+02 1.770644975937841821e+02 1.770639706169127408e+02 1.770635088447522207e+02 1.770631259031089826e+02 1.770627366353718060e+02 1.770623653465148095e+02 1.770619277370360862e+02 1.770614073163638409e+02 1.770608787543773701e+02 1.770603262702875327e+02 1.770598465183566361e+02 1.770594548555170604e+02 1.770590681690815984e+02 1.770587044702947139e+02 1.770582869700041329e+02 1.770577916397100466e+02 1.770572902018260777e+02 1.770567643275222451e+02 1.770563066824926182e+02 1.770559422608546356e+02 1.770555875497852014e+02 1.770552634227829572e+02 1.770548954385351692e+02 1.770544607287590111e+02 1.770540163589257361e+02 1.770535490286261506e+02 1.770531418838460240e+02 1.770528220767495213e+02 1.770525181144097076e+02 1.770522455397053818e+02 1.770519450610551928e+02 1.770515874468005961e+02 1.770512190656605753e+02 1.770508266011826777e+02 1.770504855138418634e+02 1.770502222815986784e+02 1.770499778203683263e+02 1.770497665924581270e+02 1.770495409334679948e+02 1.770492700388479079e+02 1.770489864148807158e+02 1.770486811186264333e+02 1.770484123076345782e+02 1.770482121382164564e+02 1.770480325925941827e+02 1.770478859865485219e+02 1.770477404368256771e+02 1.770475634091550035e+02 1.770473710597363208e+02 1.770471576411762555e+02 1.770469676606474252e+02 1.770468342628221023e+02 1.770467260216241243e+02 1.770466484982955251e+02 1.770465863561970252e+02 1.770465063546437250e+02 1.770464111471613933e+02 1.770462953675663300e+02 1.770461900587002901e+02 1.770461284226448697e+02 1.770460948459858344e+02 1.770460900711098589e+02 1.770461170661033350e+02 1.770461404785627337e+02 1.770461485990628603e+02
1.770679668583226487e+02 1.770679595496285685e+02 1.770679390771661019e+02 1.770679170235708852e+02 1.770679203086914981e+02 1.770679475195370571e+02 1.770679982151758907e+02 1.770680848086294361e+02 1.770681773909414289e+02 1.770682549096601406e+02 1.770683175464631063e+02 1.770683660342967585e+02 1.770684255303764587e+02 1.770685078885515793e+02 1.770686109358414910e+02 1.770687530730695585e+02 1.770689122577979617e+02 1.770690512704273658e+02 1.770691756818189901e+02 1.770692755922990500e+02 1.770693728313148085e+02 1.770694905957213621e+02 1.770696218905097510e+02 1.770697941930184527e+02 1.770699824060730521e+02 1.770701502445320159e+02 1.770703009022301160e+02 1.770704197975656768e+02 1.770705252274452448e+02 1.770706463299362099e+02 1.770707719594747118e+02 1.770709276502107059e+02 1.770710955741378996e+02 1.770712376772075629e+02 1.770713578135586772e+02 1.770714458461472702e+02 1.770715196069161266e+02 1.770715976513347698e+02 1.770716737524689677e+02 1.770717614038291856e+02 1.770718432962740110e+02 1.770718959885514892e+02 1.770719232752306596e+02 1.770719296257702240e+02 1.770719250846594264e+02 1.770719150851545010e+02 1.770719016692912930e+02 1.770718726294678618e+02 1.770718130654108222e+02 1.770717246811661028e+02 1.770716050229530936e+02 1.770714804535668634e+02 1.770713618044882764e+02 1.770712303451904290e+02 1.770710951850344372e+02 1.770709119328426482e+02 1.770706750925180586e+02 1.770704104379315140e+02 1.770701091149583988e+02 1.770698313235069463e+02 1.770695852651384996e+02 1.770693253769490525e+02 1.770690678900323292e+02 1.770687463054091779e+02 1.770683485230691190e+02 1.770679286171051103e+02 1.770674749463510125e+02 1.770670704149527808e+02 1.770667263904316826e+02 1.770663749009952426e+02 1.770660360562482651e+02 1.770656293046089047e+02 1.770651367373584435e+02 1.770646289602050558e+02 1.770640896606718684e+02 1.770636147638170712e+02 1.770632234890230166e+02 1.770628300029839579e+02 1.770624572795457823e+02 1.770620204020612789e+02 1.770614986549351499e+02 1.770609660517839075e+02 1.770604044667138339e+02 1.770599135012341208e+02 1.770595160958189069e+02 1.770591243177992169e+02 1.770587607225311615e+02 1.770583446989813012e+02 1.770578462788312777e+02 1.770573415820406638e+02 1.770568089432157421e+02 1.770563443879678402e+02 1.770559758514368411e+02 1.770556183202191107e+02 1.770552926053539409e+02 1.770549266076671415e+02 1.770544888897838121e+02 1.770540429377224143e+02 1.770535708820982848e+02 1.770531602857516589e+02 1.770528381978301695e+02 1.770525312462771410e+02 1.770522582570256702e+02 1.770519588400802888e+02 1.770515992503800362e+02 1.770512282479249393e+02 1.770508340511367749e+02 1.770504910173745259e+02 1.770502254040364107e+02 1.770499806933449634e+02 1.770497681341963698e+02 1.770495424528230615e+02 1.770492705134699634e+02 1.770489866445990970e+02 1.770486795853840647e+02 1.770484090254362570e+02 1.770482088131256830e+02 1.770480303289850497e+02 1.770478835097683543e+02 1.770477367600784362e+02 1.770475580851469886e+02 1.770473654671133659e+02 1.770471515479327707e+02 1.770469614696768019e+02 1.770468280962253971e+02 1.770467195310200168e+02 1.770466413360823879e+02 1.770465796965924312e+02 1.770464987488474833e+02 1.770464025511527950e+02 1.770462872541818058e+02 1.770461828868896532e+02 1.770461210081707009e+02 1.770460873945310709e+02 1.770460812052847643e+02 1.770461076387610433e+02 1.770461321751820947e+02 1.770461394596681828e+02
1.770680183422578580e+02 1.770680105999774412e+02 1.770679917385195381e+02 1.770679650886836214e+02 1.770679691304207779e+02 1.770679982151758907e+02 1.770680542298960063e+02 1.770681467474025226e+02 1.770682417633703949e+02 1.770683174606834882e+02 1.770683775912637543e+02 1.770684229977007078e+02 1.770684855811638272e+02 1.770685748903437116e+02 1.770686884250624757e+02 1.770688430499911874e+02 1.770690041489239661e+02 1.770691413386080058e+02 1.770692611135370953e+02 1.770693570048654237e+02 1.770694608953943998e+02 1.770695883822600081e+02 1.770697364432579377e+02 1.770699264719093833e+02 1.770701230982144239e+02 1.770702883778384660e+02 1.770704307129604729e+02 1.770705404121844708e+02 1.770706530606661318e+02 1.770707843959885111e+02 1.770709302025689169e+02 1.770711160685676475e+02 1.770712949462211725e+02 1.770714377110415967e+02 1.770715480751324264e+02 1.770716208970078185e+02 1.770716949185993485e+02 1.770717814744887448e+02 1.770718789032348468e+02 1.770719990718300778e+02 1.770721006342932355e+02 1.770721577615875333e+02 1.770721722929834243e+02 1.770721515727240671e+02 1.770721408979038927e+02 1.770721373295573073e+02 1.770721376667675884e+02 1.770721464584278237e+02 1.770721138334386922e+02 1.770720324846304834e+02 1.770718995713576760e+02 1.770717402333899884e+02 1.770716046497374236e+02 1.770714683791604784e+02 1.770713377067401950e+02 1.770711880708030037e+02 1.770709791798172148e+02 1.770707242168992650e+02 1.770704119910260772e+02 1.770700921236900456e+02 1.770698181433938885e+02 1.770695419851086285e+02 1.770692756512080734e+02 1.770689765913375027e+02 1.770686058750780489e+02 1.770681983545971718e+02 1.770677402814615959e+02 1.770672951454887709e+02 1.770669155061706022e+02 1.770665439800635284e+02 1.770661882069925070e+02 1.770657940505594468e+02 1.770653255569462203e+02 1.770648348036260700e+02 1.770642966326068404e+02 1.770637904603437391e+02 1.770633639388454128e+02 1.770629482380250295e+02 1.770625564558967255e+02 1.770621244162109349e+02 1.770616252535659783e+02 1.770611096493216792e+02 1.770605568200026596e+02 1.770600421333624013e+02 1.770596153186514243e+02 1.770592022818386511e+02 1.770588174535066912e+02 1.770584003288553276e+02 1.770579218061714641e+02 1.770574343851280048e+02 1.770569156571748977e+02 1.770564367162218673e+02 1.770560422045492430e+02 1.770556667669011688e+02 1.770553214232551511e+02 1.770549514121443337e+02 1.770545301533362590e+02 1.770541007825766542e+02 1.770536438974199598e+02 1.770532231654694613e+02 1.770528805354293524e+02 1.770525598469117483e+02 1.770522700338636071e+02 1.770519664693937330e+02 1.770516186787276638e+02 1.770512630308823816e+02 1.770508830613782152e+02 1.770505350918544138e+02 1.770502546302357700e+02 1.770499991599895395e+02 1.770497740434396974e+02 1.770495422796101082e+02 1.770492786652652342e+02 1.770490068637326999e+02 1.770487115833063854e+02 1.770484401709047404e+02 1.770482293946057268e+02 1.770480425418841435e+02 1.770478852215885581e+02 1.770477343952642286e+02 1.770475594100089438e+02 1.770473752499010516e+02 1.770471715134368651e+02 1.770469827376697651e+02 1.770468432157392726e+02 1.770467291187569856e+02 1.770466455721211787e+02 1.770465784472453379e+02 1.770464976941962618e+02 1.770464060495863237e+02 1.770462980048622512e+02 1.770461941293728785e+02 1.770461313322749675e+02 1.770460960354264444e+02 1.770460883702905335e+02 1.770461116458154720e+02 1.770461315175494121e+02 1.770461376224062064e+02
1.770680778347349360e+02 1.770680732473515206e+02 1.770680594189521173e+02 1.770680440062704690e+02 1.770680504428543998e+02 1.770680848086294361e+02 1.770681467474025226e+02 1.770682357710634847e+02 1.770683176955063800e+02 1.770683893289462389e+02 1.770684503708313287e+02 1.770685084722220779e+02 1.770685843892096045e+02 1.770686840287952180e+02 1.770688146854932086e+02 1.770689690546728627e+02 1.770691133136826068e+02 1.770692451442489812e+02 1.770693615248906383e+02 1.770694710306354978e+02 1.770695971359342593e+02 1.770697395686076163e+02 1.770699112665352004e+02 1.770701077113938027e+02 1.770702856746267457e+02 1.770704468151163269e+02 1.770705863010431074e+02 1.770707101428068029e+02 1.770708487081836608e+02 1.770709970718394857e+02 1.770711681294400819e+02 1.770713627521916465e+02 1.770715298528201913e+02 1.770716698421334740e+02 1.770717801612912581e+02 1.770718655713614851e+02 1.770719627647571599e+02 1.770720633188248314e+02 1.770721764699126766e+02 1.770723061896975707e+02 1.770724011159419149e+02 1.770724613317633782e+02 1.770724831426644243e+02 1.770724707652470897e+02 1.770724696786712400e+02 1.770724703993991511e+02 1.770724735326462849e+02 1.770724877677857592e+02 1.770724603083732802e+02 1.770723919064122924e+02 1.770722794546652210e+02 1.770721205649146555e+02 1.770719739776696429e+02 1.770718284840138779e+02 1.770716749294206238e+02 1.770715233905496291e+02 1.770713309876275900e+02 1.770710920742685346e+02 1.770708128468588995e+02 1.770704830853357805e+02 1.770701712168298059e+02 1.770698705251389526e+02 1.770695576517566394e+02 1.770692443232696860e+02 1.770689027702244687e+02 1.770685166121177758e+02 1.770680987611310400e+02 1.770676397789744954e+02 1.770672074778290153e+02 1.770667969987172228e+02 1.770663834496448317e+02 1.770659709671857911e+02 1.770655410380941817e+02 1.770650772809554780e+02 1.770645906340688498e+02 1.770640711416449165e+02 1.770635840216586416e+02 1.770631289340212504e+02 1.770626751751503036e+02 1.770622238036824285e+02 1.770617666129066379e+02 1.770612820466124333e+02 1.770607845850910564e+02 1.770602617181131961e+02 1.770597736470537313e+02 1.770593243317283623e+02 1.770588805019568781e+02 1.770584433035563166e+02 1.770580056498357919e+02 1.770575486289744447e+02 1.770570839713142561e+02 1.770566011807964344e+02 1.770561538332085263e+02 1.770557458321299578e+02 1.770553486351688832e+02 1.770549597342121899e+02 1.770545744128889964e+02 1.770541734439586321e+02 1.770537666604388107e+02 1.770533469093977317e+02 1.770529582985403749e+02 1.770526119512110768e+02 1.770522799211707650e+02 1.770519564315948173e+02 1.770516391665148888e+02 1.770513091079168930e+02 1.770509742676643441e+02 1.770506274070976929e+02 1.770503127452828949e+02 1.770500353025334732e+02 1.770497769485615720e+02 1.770495291059012004e+02 1.770492877614739484e+02 1.770490347306047170e+02 1.770487763262723888e+02 1.770485107935876670e+02 1.770482731712128555e+02 1.770480706915848828e+02 1.770478907525948387e+02 1.770477247681525910e+02 1.770475635793122535e+02 1.770473913414834897e+02 1.770472158111750787e+02 1.770470333726060232e+02 1.770468781798923885e+02 1.770467560351930558e+02 1.770466571990545219e+02 1.770465772169964680e+02 1.770464992763055818e+02 1.770464137085997720e+02 1.770463226187760881e+02 1.770462291267024284e+02 1.770461613216830017e+02 1.770461209691494560e+02 1.770461109396506458e+02 1.770461218165021080e+02 1.770461320972146666e+02 1.770461369354821670e+02
1.770681325259373864e+02 1.770681312720904543e+02 1.770681273322810512e+02 1.770681273106916649e+02 1.770681408897993947e+02 1.770681773909414289e+02 1.770682417633703949e+02 1.770683176955063800e+02 1.770683896621752638e+02 1.770684623966502045e+02 1.770685306581782470e+02 1.770686073397473024e+02 1.770686994348278063e+02 1.770688088106804514e+02 1.770689444559575634e+02 1.770690866641624268e+02 1.770692195208539772e+02 1.770693524784202566e+02 1.770694772861265278e+02 1.770696137031243040e+02 1.770697618811344682e+02 1.770699204608026776e+02 1.770701003547707160e+02 1.770702820596705180e+02 1.770704484806589676e+02 1.770706110776596915e+02 1.770707635896077932e+02 1.770709245076309344e+02 1.770710943193890046e+02 1.770712596622812214e+02 1.770714393689355575e+02 1.770716129170179443e+02 1.770717649885027072e+02 1.770719099082072034e+02 1.770720404258930216e+02 1.770721730845257582e+02 1.770723023611902818e+02 1.770724174740807086e+02 1.770725285723848970e+02 1.770726275081366339e+02 1.770727075490337938e+02 1.770727738991607794e+02 1.770728239752677098e+02 1.770728614965762802e+02 1.770728884480158456e+02 1.770728967761269530e+02 1.770728860585765290e+02 1.770728604143947109e+02 1.770728190153125468e+02 1.770727582866140608e+02 1.770726817799820196e+02 1.770725757311159327e+02 1.770724457594580485e+02 1.770722943568506196e+02 1.770721060620838330e+02 1.770719045162038583e+02 1.770716986210929917e+02 1.770714675747176727e+02 1.770712223956834066e+02 1.770709359331050052e+02 1.770706198371578068e+02 1.770702955517764678e+02 1.770699324732422326e+02 1.770695662147949747e+02 1.770692134049176900e+02 1.770688354927122532e+02 1.770684512774720361e+02 1.770680205481348537e+02 1.770675668676203713e+02 1.770671252560447613e+02 1.770666569205405096e+02 1.770661993453778678e+02 1.770657683924181072e+02 1.770653151697040073e+02 1.770648630718091852e+02 1.770643651380281369e+02 1.770638488663489625e+02 1.770633616000422421e+02 1.770628564823837792e+02 1.770623695250403387e+02 1.770619177552831616e+02 1.770614477448649779e+02 1.770609823741673097e+02 1.770604738655907795e+02 1.770599561321668602e+02 1.770594742821920704e+02 1.770589857569195544e+02 1.770585230379215602e+02 1.770580971341815371e+02 1.770576550658259123e+02 1.770572196505244733e+02 1.770567496121829834e+02 1.770562734469544353e+02 1.770558381203648253e+02 1.770554035027713553e+02 1.770549968111065482e+02 1.770546232848725481e+02 1.770542374467462139e+02 1.770538568315933503e+02 1.770534462046871624e+02 1.770530345046690002e+02 1.770526669004226790e+02 1.770523034186859377e+02 1.770519684499097650e+02 1.770516619065095938e+02 1.770513451888064651e+02 1.770510322910748471e+02 1.770506967491735963e+02 1.770503625687005069e+02 1.770500692974756873e+02 1.770497871608707214e+02 1.770495306315375501e+02 1.770492969424442720e+02 1.770490544576187801e+02 1.770488148656266674e+02 1.770485578899309189e+02 1.770483063969932971e+02 1.770480939489549428e+02 1.770478960847048313e+02 1.770477221242420285e+02 1.770475646791064150e+02 1.770474005803924911e+02 1.770472368141898016e+02 1.770470643567501270e+02 1.770469013181626110e+02 1.770467722302628317e+02 1.770466633834470542e+02 1.770465766354579102e+02 1.770464974866786179e+02 1.770464156721996289e+02 1.770463348042424911e+02 1.770462486831864908e+02 1.770461778270665718e+02 1.770461367543843210e+02 1.770461221387766102e+02 1.770461243388837431e+02 1.770461296684095203e+02 1.770461329026213946e+02
1.770681915035113718e+02 1.770681904278878278e+02 1.770681912379984624e+02 1.770681966588057321e+02 1.770682160170270834e+02 1.770682549096601406e+02 1.770683174606834882e+02 1.770683893289462389e+02 1.770684623966502045e+02 1.770685390807510373e+02 1.770686140986398982e+02 1.770687023007468497e+02 1.770688040333731692e+02 1.770689171120903893e+02 1.770690528776524673e+02 1.770691947020345367e+02 1.770693284576827295e+02 1.770694679957997550e+02 1.770696081801522439e+02 1.770697618503995443e+02 1.770699264089112717e+02 1.770700916844157007e+02 1.770702725109489393e+02 1.770704501397673596e+02 1.770706188452474521e+02 1.770707936629371488e+02 1.770709674947920007e+02 1.770711560199968631e+02 1.770713478349964873e+02 1.770715238485261125e+02 1.770717007622782830e+02 1.770718646333754975e+02 1.770720175537316834e+02 1.770721773731587803e+02 1.770723352946709781e+02 1.770725038021885780e+02 1.770726617291038849e+02 1.770727858557420404e+02 1.770728900343448800e+02 1.770729695000726736e+02 1.770730414386087546e+02 1.770731185774123446e+02 1.770731970769952852e+02 1.770732771449925735e+02 1.770733326851643312e+02 1.770733485035806325e+02 1.770733241626576557e+02 1.770732710647490933e+02 1.770732156474918213e+02 1.770731630506254533e+02 1.770731144092417821e+02 1.770730518057992811e+02 1.770729477795600246e+02 1.770727984388082064e+02 1.770725863469591559e+02 1.770723431544410005e+02 1.770721113288267361e+02 1.770718752266845684e+02 1.770716466482528517e+02 1.770713902235863770e+02 1.770710903847632096e+02 1.770707583658140436e+02 1.770703640286175471e+02 1.770699530160000847e+02 1.770695670003396458e+02 1.770691738874872954e+02 1.770687933964968295e+02 1.770683789248558924e+02 1.770679308860514141e+02 1.770674793244394607e+02 1.770669823862743044e+02 1.770664881523922816e+02 1.770660280253848669e+02 1.770655626897114132e+02 1.770651100671228164e+02 1.770646205234619117e+02 1.770641058855354117e+02 1.770636093360305381e+02 1.770630807799722106e+02 1.770625667432389605e+02 1.770620950157068592e+02 1.770616128399957461e+02 1.770611438695353854e+02 1.770606405887862707e+02 1.770601199498921119e+02 1.770596319432734447e+02 1.770591282065359735e+02 1.770586459096765282e+02 1.770582052091455978e+02 1.770577532069053461e+02 1.770573158638559903e+02 1.770568452596925511e+02 1.770563678795400051e+02 1.770559284794998405e+02 1.770554829885890342e+02 1.770550654794945160e+02 1.770546827585300775e+02 1.770542896068419054e+02 1.770539065075485610e+02 1.770534956542162206e+02 1.770530830262877942e+02 1.770527102325930571e+02 1.770523429493369747e+02 1.770520013269204185e+02 1.770516897064272257e+02 1.770513688969439556e+02 1.770510552840701166e+02 1.770507162497375475e+02 1.770503827448028460e+02 1.770500866188186819e+02 1.770498017049249313e+02 1.770495414340483649e+02 1.770493060639884106e+02 1.770490611232111462e+02 1.770488207896609083e+02 1.770485612196137026e+02 1.770483095684847115e+02 1.770480945434380260e+02 1.770478963718607019e+02 1.770477208083626977e+02 1.770475630467775261e+02 1.770473971478989768e+02 1.770472333071574553e+02 1.770470582268790452e+02 1.770468936980910826e+02 1.770467632861507070e+02 1.770466563966097340e+02 1.770465672933937640e+02 1.770464905617606348e+02 1.770464073600903134e+02 1.770463252203842330e+02 1.770462383708353684e+02 1.770461654014224848e+02 1.770461250169071263e+02 1.770461115652328772e+02 1.770461145686626878e+02 1.770461214439237096e+02 1.770461235374613125e+02
1.770682487343580647e+02 1.770682490135002354e+02 1.770682508832059341e+02 1.770682596896655525e+02 1.770682798678586778e+02 1.770683175464631063e+02 1.770683775912637543e+02 1.770684503708313287e+02 1.770685306581782470e+02 1.770686140986398982e+02 1.770687025494024738e+02 1.770688000212296345e+02 1.770689024885170966e+02 1.770690148669509938e+02 1.770691447031592531e+02 1.770692860399567792e+02 1.770694322500486635e+02 1.770695893210323106e+02 1.770697498532200314e+02 1.770699269397936177e+02 1.770700939730153038e+02 1.770702606430501476e+02 1.770704326535567077e+02 1.770706059136157080e+02 1.770707882880961677e+02 1.770709852780494487e+02 1.770711926476043914e+02 1.770714199385273275e+02 1.770716199764115402e+02 1.770717997462560049e+02 1.770719662538016053e+02 1.770721158376472033e+02 1.770722762787470401e+02 1.770724585437172607e+02 1.770726595002685144e+02 1.770728797854807510e+02 1.770730534215739169e+02 1.770731838299404615e+02 1.770732742194313971e+02 1.770733213761414220e+02 1.770733880820479840e+02 1.770734807392751122e+02 1.770735990069419756e+02 1.770737394408608054e+02 1.770738193423671873e+02 1.770738426092012503e+02 1.770738083989435836e+02 1.770737085060458469e+02 1.770736337099976936e+02 1.770735858418640873e+02 1.770735695016937541e+02 1.770735714047285398e+02 1.770734984855400569e+02 1.770733572509580540e+02 1.770731362752720202e+02 1.770728302259234965e+02 1.770725498038405590e+02 1.770722964929704517e+02 1.770720756091621411e+02 1.770718690300548133e+02 1.770716010645861616e+02 1.770712766404198817e+02 1.770708756950965324e+02 1.770703980480913060e+02 1.770699476923880411e+02 1.770695176003047493e+02 1.770691204683620583e+02 1.770687322224200955e+02 1.770683144664590145e+02 1.770678723624507711e+02 1.770673778601375545e+02 1.770668296272227167e+02 1.770663111923445001e+02 1.770658063998091052e+02 1.770653243799256984e+02 1.770648481018317284e+02 1.770643653397682442e+02 1.770638817678043040e+02 1.770633658885035402e+02 1.770628151552341478e+02 1.770622880341696543e+02 1.770617677166327724e+02 1.770612656163931433e+02 1.770607638555432004e+02 1.770602726141793539e+02 1.770597988763352078e+02 1.770593136145585333e+02 1.770588086652307993e+02 1.770583238455614605e+02 1.770578410672742109e+02 1.770573679512740171e+02 1.770568935455152939e+02 1.770564404368483906e+02 1.770560154890225704e+02 1.770555926510828897e+02 1.770551624136922726e+02 1.770547478756431587e+02 1.770543286679291839e+02 1.770539135551711922e+02 1.770534934774854605e+02 1.770531016422492598e+02 1.770527447015556390e+02 1.770523965323280891e+02 1.770520540726118668e+02 1.770517207841139111e+02 1.770513801775063030e+02 1.770510383217267076e+02 1.770506912724603126e+02 1.770503711653199161e+02 1.770500875115704957e+02 1.770498209280399351e+02 1.770495646515917372e+02 1.770493141866250539e+02 1.770490554264838750e+02 1.770487925648470480e+02 1.770485216291855295e+02 1.770482819777896282e+02 1.770480756041225163e+02 1.770478924981029252e+02 1.770477234962258990e+02 1.770475569985744926e+02 1.770473824690560605e+02 1.770472018477738914e+02 1.770470154176703375e+02 1.770468568763862720e+02 1.770467323302342493e+02 1.770466341335139475e+02 1.770465554268119206e+02 1.770464768347757172e+02 1.770463894591189558e+02 1.770462964222313929e+02 1.770461987249317701e+02 1.770461265411462364e+02 1.770460874488257446e+02 1.770460782399425455e+02 1.770460912494781383e+02 1.770461038439306947e+02 1.770461094619058997e+02
