1.770528303377566317e+02 1.770528291853559892e+02 1.770528248762314263e+02 1.770528214282188344e+02 1.770528239753319326e+02 1.770528403751854682e+02 1.770528681611211823e+02 1.770528995052751497e+02 1.770529250163605184e+02 1.770529512807484309e+02 1.770529747486910424e+02 1.770530042745179173e+02 1.770530474796179590e+02 1.770531022839864761e+02 1.770531653221210888e+02 1.770532230712245223e+02 1.770532716335881105e+02 1.770533166679477404e+02 1.770533564239914881e+02 1.770534074764307491e+02 1.770534688910956618e+02 1.770535388938246228e+02 1.770536175039250395e+02 1.770536847627317343e+02 1.770537340781831972e+02 1.770537811277960145e+02 1.770538211779029041e+02 1.770538671321254469e+02 1.770539209690416271e+02 1.770539787921983077e+02 1.770540385136488908e+02 1.770540859759421437e+02 1.770541184029758313e+02 1.770541441922496517e+02 1.770541599550995784e+02 1.770541727647185724e+02 1.770541816558414041e+02 1.770541894856840770e+02 1.770541955218494081e+02 1.770541924547693782e+02 1.770541833100249391e+02 1.770541621697803976e+02 1.770541289252475394e+02 1.770540775602387100e+02 1.770540058636918843e+02 1.770539291805119433e+02 1.770538438199248219e+02 1.770537664689493624e+02 1.770536908023432545e+02 1.770536030937079488e+02 1.770535001408232461e+02 1.770533642062991078e+02 1.770531884236089297e+02 1.770530043781041627e+02 1.770528132906590031e+02 1.770526440289117147e+02 1.770524934315015173e+02 1.770523316074096272e+02 1.770521554946627987e+02 1.770519270987081768e+02 1.770516453687935154e+02 1.770513534869688215e+02 1.770510594071286903e+02 1.770508047132994704e+02 1.770505857167669603e+02 1.770503563728840959e+02 1.770501160501760012e+02 1.770498100306979552e+02 1.770494390332056867e+02 1.770490620187620152e+02 1.770486878700411921e+02 1.770483686115681223e+02 1.770480990745227245e+02 1.770478238017488195e+02 1.770475371162278009e+02 1.770471806314793355e+02 1.770467537777901157e+02 1.770463263693519025e+02 1.770459050699586498e+02 1.770455518122873002e+02 1.770452573026647087e+02 1.770449619184635139e+02 1.770446563580542829e+02 1.770442812934016956e+02 1.770438373455230874e+02 1.770433986529899926e+02 1.770429706023806773e+02 1.770426149029991620e+02 1.770423239001074478e+02 1.770420294828051340e+02 1.770417316916378354e+02 1.770413679267708744e+02 1.770409409271555603e+02 1.770405226061767223e+02 1.770401203486004817e+02 1.770397894211563425e+02 1.770395173034874006e+02 1.770392477329767758e+02 1.770389774584519955e+02 1.770386466322648289e+02 1.770382637532692911e+02 1.770378918851534422e+02 1.770375383192946117e+02 1.770372497103124090e+02 1.770370169410558958e+02 1.770367854203809941e+02 1.770365542280162572e+02 1.770362751409368514e+02 1.770359560290240495e+02 1.770356505508080147e+02 1.770353639556009000e+02 1.770351338410251572e+02 1.770349492324037612e+02 1.770347685199923546e+02 1.770345883402806351e+02 1.770343735020247777e+02 1.770341308829144964e+02 1.770339043763800646e+02 1.770336990886281114e+02 1.770335368143806818e+02 1.770334094987973970e+02 1.770332843302421111e+02 1.770331622509899034e+02 1.770330184753944707e+02 1.770328611968949701e+02 1.770327236768202397e+02 1.770326068260362433e+02 1.770325178451542456e+02 1.770324531952780660e+02 1.770323903736801014e+02 1.770323305719666394e+02 1.770322629484704748e+02 1.770321984266536504e+02 1.770321542261062859e+02 1.770321300821066473e+02 1.770321237832102383e+02 1.770321204228729357e+02 1.770321199571693569e+02
1.770528291853559892e+02 1.770528250785035596e+02 1.770528191621446865e+02 1.770528141405361851e+02 1.770528144876539898e+02 1.770528312228646826e+02 1.770528627869240381e+02 1.770528952783686236e+02 1.770529236255538308e+02 1.770529473383375318e+02 1.770529697621387299e+02 1.770529975123611734e+02 1.770530390221572929e+02 1.770530928956864045e+02 1.770531616638161552e+02 1.770532219928655024e+02 1.770532708896769236e+02 1.770533145124167618e+02 1.770533546999144505e+02 1.770534011705746025e+02 1.770534629471379162e+02 1.770535341446920370e+02 1.770536125474334597e+02 1.770536815191215680e+02 1.770537353883944149e+02 1.770537802060586330e+02 1.770538207703999660e+02 1.770538639496772930e+02 1.770539149240362917e+02 1.770539738891857269e+02 1.770540365176493935e+02 1.770540856609249829e+02 1.770541213025563252e+02 1.770541462600807847e+02 1.770541603007702633e+02 1.770541708619912242e+02 1.770541800999517363e+02 1.770541863385143131e+02 1.770541933980101419e+02 1.770541964360443501e+02 1.770541872452991470e+02 1.770541657361744114e+02 1.770541308562198139e+02 1.770540774864033153e+02 1.770540050910354068e+02 1.770539275273394253e+02 1.770538451815795611e+02 1.770537689741912288e+02 1.770536959720870414e+02 1.770536079237374167e+02 1.770535052669500828e+02 1.770533671333201937e+02 1.770531878291342593e+02 1.770530012945604881e+02 1.770528123271783727e+02 1.770526441188486899e+02 1.770524961063776743e+02 1.770523357515239411e+02 1.770521604845966692e+02 1.770519309797150527e+02 1.770516435812743339e+02 1.770513505014048974e+02 1.770510577017965375e+02 1.770508045126706236e+02 1.770505883232008841e+02 1.770503618125624712e+02 1.770501225724144945e+02 1.770498132400817326e+02 1.770494384613170951e+02 1.770490576600435304e+02 1.770486832026469699e+02 1.770483641883290886e+02 1.770480986347370163e+02 1.770478253300325662e+02 1.770475405283489749e+02 1.770471817926136850e+02 1.770467503810559151e+02 1.770463202534602090e+02 1.770458974053687484e+02 1.770455448149312474e+02 1.770452554234088609e+02 1.770449610592695535e+02 1.770446580649735608e+02 1.770442816365301724e+02 1.770438334073707551e+02 1.770433890458826909e+02 1.770429628844190404e+02 1.770426075667554926e+02 1.770423203491211552e+02 1.770420305861392762e+02 1.770417319481479410e+02 1.770413670162384676e+02 1.770409349343131566e+02 1.770405138029318550e+02 1.770401103424817109e+02 1.770397811433048787e+02 1.770395139279108889e+02 1.770392467011103008e+02 1.770389754016282780e+02 1.770386425977188196e+02 1.770382547570426368e+02 1.770378802680832564e+02 1.770375262260873228e+02 1.770372409027401943e+02 1.770370109810171186e+02 1.770367826792058565e+02 1.770365519496785680e+02 1.770362702052157431e+02 1.770359467595669969e+02 1.770356380832713796e+02 1.770353515652677743e+02 1.770351253279081334e+02 1.770349429658966471e+02 1.770347650044336092e+02 1.770345840489979139e+02 1.770343671788473046e+02 1.770341212005128853e+02 1.770338936467931035e+02 1.770336872042712173e+02 1.770335276384082590e+02 1.770334025450728745e+02 1.770332807103430071e+02 1.770331561923985646e+02 1.770330119443832189e+02 1.770328522565058051e+02 1.770327106978078575e+02 1.770325950163922926e+02 1.770325108012976614e+02 1.770324447648168587e+02 1.770323846081967361e+02 1.770323240838817753e+02 1.770322547555134918e+02 1.770321883362790345e+02 1.770321431839063280e+02 1.770321220862840050e+02 1.770321150656768623e+02 1.770321151906604769e+02 1.770321162317520418e+02
1.770528248762314263e+02 1.770528191621446865e+02 1.770528107739630457e+02 1.770527955776111639e+02 1.770527916284881371e+02 1.770528065730452454e+02 1.770528461269146021e+02 1.770528863459595357e+02 1.770529169862314802e+02 1.770529417209593532e+02 1.770529583733104744e+02 1.770529793673686640e+02 1.770530173574553032e+02 1.770530729218424142e+02 1.770531470384870261e+02 1.770532153014332550e+02 1.770532664668422171e+02 1.770533094687969822e+02 1.770533456645613910e+02 1.770533850275349437e+02 1.770534421341747020e+02 1.770535151551339936e+02 1.770536028091487708e+02 1.770536811944820101e+02 1.770537350162454686e+02 1.770537818099512890e+02 1.770538159114753114e+02 1.770538537676803514e+02 1.770539011822178566e+02 1.770539604891407350e+02 1.770540308596654313e+02 1.770540892811832236e+02 1.770541276735208385e+02 1.770541524204312793e+02 1.770541642146650645e+02 1.770541655699201158e+02 1.770541690547093197e+02 1.770541783517104761e+02 1.770541916150257578e+02 1.770542012588836656e+02 1.770541982529722418e+02 1.770541774046280636e+02 1.770541422970806309e+02 1.770540800531032346e+02 1.770540014641234734e+02 1.770539222026521600e+02 1.770538429093720936e+02 1.770537751577254539e+02 1.770537077774245915e+02 1.770536241372200550e+02 1.770535210735898204e+02 1.770533726223602287e+02 1.770531849810727749e+02 1.770529977936220973e+02 1.770528087377029181e+02 1.770526477510916550e+02 1.770525091576288901e+02 1.770523536107543805e+02 1.770521791221991066e+02 1.770519403443724968e+02 1.770516423536441550e+02 1.770513429288806719e+02 1.770510488812837480e+02 1.770508009650624217e+02 1.770505957932958268e+02 1.770503777176615472e+02 1.770501395091725101e+02 1.770498217064855453e+02 1.770494314758626331e+02 1.770490470833661334e+02 1.770486665897100806e+02 1.770483542993375465e+02 1.770481009898800551e+02 1.770478353644024594e+02 1.770475575341097851e+02 1.770471859131330348e+02 1.770467385683039367e+02 1.770463006851566377e+02 1.770458762410959821e+02 1.770455297626500339e+02 1.770452517917656508e+02 1.770449664082379684e+02 1.770446688042485448e+02 1.770442823175493174e+02 1.770438172219255932e+02 1.770433659496054872e+02 1.770429356824589604e+02 1.770425858811082378e+02 1.770423102989087738e+02 1.770420298158995251e+02 1.770417388000870744e+02 1.770413608764567357e+02 1.770409150209660822e+02 1.770404854204386140e+02 1.770400800420100040e+02 1.770397551853376399e+02 1.770395001297439421e+02 1.770392421636175584e+02 1.770389764891841367e+02 1.770386335507222100e+02 1.770382300267300195e+02 1.770378493390937535e+02 1.770374936985510317e+02 1.770372135976329844e+02 1.770369951769122565e+02 1.770367741628030274e+02 1.770365461817301878e+02 1.770362559868499375e+02 1.770359206137536603e+02 1.770356077223680700e+02 1.770353208185557321e+02 1.770350992355234609e+02 1.770349265826909573e+02 1.770347536289100674e+02 1.770345767730626108e+02 1.770343497454411192e+02 1.770340930065984821e+02 1.770338594675997115e+02 1.770336570931271467e+02 1.770335036407545886e+02 1.770333858941388883e+02 1.770332671058950496e+02 1.770331441914179038e+02 1.770329894288945809e+02 1.770328207988955285e+02 1.770326800390416508e+02 1.770325666463907339e+02 1.770324876605087354e+02 1.770324288167548445e+02 1.770323697081339276e+02 1.770323064503230341e+02 1.770322289136392726e+02 1.770321553444140648e+02 1.770321097696673860e+02 1.770320950048028124e+02 1.770320967489624877e+02 1.770321011682848962e+02 1.770321052440742164e+02
1.770528214282188344e+02 1.770528141405361851e+02 1.770527955776111639e+02 1.770527599832315389e+02 1.770527421162177859e+02 1.770527576315819829e+02 1.770528112654741335e+02 1.770528745046161418e+02 1.770529078422081568e+02 1.770529334981875422e+02 1.770529416008747319e+02 1.770529446475165400e+02 1.770529715346476394e+02 1.770530303649063910e+02 1.770531197184413941e+02 1.770532103980464740e+02 1.770532649394607461e+02 1.770533062828777418e+02 1.770533324994258635e+02 1.770533558301760593e+02 1.770534054332873382e+02 1.770534819757117759e+02 1.770535869169730461e+02 1.770536853463839577e+02 1.770537426725480543e+02 1.770537860515669593e+02 1.770538132940768890e+02 1.770538341207954431e+02 1.770538751093422434e+02 1.770539395121737130e+02 1.770540233612588565e+02 1.770541024227601952e+02 1.770541437310139372e+02 1.770541697066662721e+02 1.770541756451331139e+02 1.770541617233834302e+02 1.770541564091143130e+02 1.770541671313341965e+02 1.770541927808456535e+02 1.770542225838115655e+02 1.770542245361506843e+02 1.770542062572434929e+02 1.770541699061257930e+02 1.770540914527024086e+02 1.770539997105025236e+02 1.770539180557464363e+02 1.770538483201036684e+02 1.770537970406551267e+02 1.770537393973232554e+02 1.770536622324265181e+02 1.770535612580293332e+02 1.770533957577476656e+02 1.770531903452131530e+02 1.770529952913827287e+02 1.770528070229081550e+02 1.770526621362790536e+02 1.770525378835999391e+02 1.770523927352774365e+02 1.770522268522784941e+02 1.770519668687392141e+02 1.770516450011990628e+02 1.770513361913838537e+02 1.770510345610209129e+02 1.770508013021506031e+02 1.770506182233209813e+02 1.770504103954282868e+02 1.770501870533565523e+02 1.770498457287960150e+02 1.770494261065853721e+02 1.770490279484351390e+02 1.770486391437184182e+02 1.770483402625165752e+02 1.770481123912749979e+02 1.770478606235728876e+02 1.770475972912798852e+02 1.770472035141104072e+02 1.770467208374184338e+02 1.770462673829922551e+02 1.770458314063601222e+02 1.770454999504253237e+02 1.770452483162010822e+02 1.770449811495901145e+02 1.770446995653496174e+02 1.770442856728406582e+02 1.770437861818843999e+02 1.770433212425292311e+02 1.770428789387553365e+02 1.770425470670161872e+02 1.770422988185738404e+02 1.770420334533417019e+02 1.770417563010375375e+02 1.770413558434700292e+02 1.770408718361149738e+02 1.770404314879785375e+02 1.770400153465931226e+02 1.770397091715394424e+02 1.770394811514034927e+02 1.770392389429309787e+02 1.770389845949673031e+02 1.770386166666588394e+02 1.770381799540170107e+02 1.770377863992140703e+02 1.770374278762104723e+02 1.770371653562031327e+02 1.770369710109578421e+02 1.770367628061176788e+02 1.770365452878673693e+02 1.770362289373919680e+02 1.770358611847064196e+02 1.770355401430169309e+02 1.770352519791816235e+02 1.770350502371113066e+02 1.770349005890337537e+02 1.770347376994249657e+02 1.770345651034751029e+02 1.770343145707323060e+02 1.770340309303530546e+02 1.770337907026993207e+02 1.770335911963854301e+02 1.770334583998072731e+02 1.770333588778852913e+02 1.770332465530677268e+02 1.770331263958063346e+02 1.770329477139478058e+02 1.770327547634239522e+02 1.770326093171385367e+02 1.770325042180263324e+02 1.770324467662748873e+02 1.770324022309102645e+02 1.770323457473413100e+02 1.770322792778248697e+02 1.770321785836931667e+02 1.770320862404635704e+02 1.770320412966580932e+02 1.770320386133406316e+02 1.770320654433493246e+02 1.770320809012397945e+02 1.770320865528030652e+02
1.770528239753319326e+02 1.770528144876539898e+02 1.770527916284881371e+02 1.770527421162177859e+02 1.770527126107674292e+02 1.770527310122059248e+02 1.770527935105752420e+02 1.770528706528405678e+02 1.770529105563469159e+02 1.770529338675190445e+02 1.770529378808923298e+02 1.770529290794546000e+02 1.770529488713726209e+02 1.770530099349434465e+02 1.770531138642131737e+02 1.770532167409112958e+02 1.770532765588440611e+02 1.770533161223746959e+02 1.770533375432212324e+02 1.770533507429761642e+02 1.770533971742200663e+02 1.770534774737768942e+02 1.770535955477929519e+02 1.770537068142652686e+02 1.770537677186929386e+02 1.770538100825023662e+02 1.770538334892288788e+02 1.770538445332304036e+02 1.770538834261463990e+02 1.770539507669923580e+02 1.770540490156191424e+02 1.770541388212521952e+02 1.770541851518821375e+02 1.770542100160933217e+02 1.770542145995054568e+02 1.770541934699534465e+02 1.770541867978559765e+02 1.770541996265046407e+02 1.770542353536854421e+02 1.770542739108073533e+02 1.770542812873540583e+02 1.770542655601912259e+02 1.770542280768891601e+02 1.770541443633521226e+02 1.770540456526447031e+02 1.770539660900984984e+02 1.770539004504584000e+02 1.770538563464517665e+02 1.770538062061055484e+02 1.770537325876462660e+02 1.770536353288912608e+02 1.770534597976109694e+02 1.770532454009413641e+02 1.770530464595932756e+02 1.770528569075664223e+02 1.770527197834734636e+02 1.770526035701414855e+02 1.770524637788294910e+02 1.770523011781409934e+02 1.770520317808919799e+02 1.770516953064789902e+02 1.770513790545832364e+02 1.770510735395858433e+02 1.770508467611227275e+02 1.770506743281665649e+02 1.770504723024076839e+02 1.770502538153802448e+02 1.770499022304245784e+02 1.770494637908563789e+02 1.770490514954857986e+02 1.770486569218837190e+02 1.770483656101776262e+02 1.770481486342472124e+02 1.770479068667557101e+02 1.770476487189919510e+02 1.770472417676473924e+02 1.770467385001679759e+02 1.770462713721608452e+02 1.770458266782598287e+02 1.770455042661487539e+02 1.770452673711085936e+02 1.770450087413531719e+02 1.770447325266410701e+02 1.770443067962143289e+02 1.770437818826699754e+02 1.770433035647485838e+02 1.770428576464533705e+02 1.770425345110429305e+02 1.770423025124961782e+02 1.770420477406939312e+02 1.770417758886058834e+02 1.770413593529438003e+02 1.770408551051542076e+02 1.770403989304005563e+02 1.770399818824051579e+02 1.770396870303962942e+02 1.770394735743398655e+02 1.770392388355120943e+02 1.770389910532402382e+02 1.770386079117158715e+02 1.770381495477813871e+02 1.770377444745946605e+02 1.770373833856816930e+02 1.770371346009258389e+02 1.770369547490953153e+02 1.770367548784887504e+02 1.770365387986247185e+02 1.770362095157496469e+02 1.770358217827357805e+02 1.770354900412866925e+02 1.770352050437967648e+02 1.770350172478701154e+02 1.770348787045193149e+02 1.770347216385396507e+02 1.770345497653869700e+02 1.770342838504398628e+02 1.770339827786633577e+02 1.770337369211476073e+02 1.770335419534632990e+02 1.770334242413503318e+02 1.770333326147418234e+02 1.770332245887817066e+02 1.770331029590907121e+02 1.770329109152990839e+02 1.770327035696677740e+02 1.770325517229613013e+02 1.770324548806523524e+02 1.770324128276682529e+02 1.770323748094586449e+02 1.770323205302092049e+02 1.770322506820004094e+02 1.770321367714696237e+02 1.770320310105440456e+02 1.770319824396548256e+02 1.770319936287936571e+02 1.770320369419690394e+02 1.770320586227909416e+02 1.770320649653686473e+02
1.770528403751854682e+02 1.770528312228646826e+02 1.770528065730452454e+02 1.770527576315819829e+02 1.770527310122059248e+02 1.770527501660687619e+02 1.770528126752058711e+02 1.770528900274478303e+02 1.770529307193225179e+02 1.770529539469993097e+02 1.770529610901486990e+02 1.770529523755778314e+02 1.770529743752287857e+02 1.770530384903497065e+02 1.770531414159649160e+02 1.770532465900505770e+02 1.770533049977267694e+02 1.770533486102910672e+02 1.770533714193636001e+02 1.770533873097825506e+02 1.770534366763084222e+02 1.770535187074978012e+02 1.770536391445371578e+02 1.770537530516568836e+02 1.770538142853712316e+02 1.770538596331520296e+02 1.770538842048239019e+02 1.770539020395878822e+02 1.770539438571840094e+02 1.770540153170184965e+02 1.770541157383143513e+02 1.770542066994917150e+02 1.770542544884135623e+02 1.770542810283727420e+02 1.770542879973021115e+02 1.770542744960291657e+02 1.770542691173460810e+02 1.770542865325822106e+02 1.770543248710002331e+02 1.770543640406797863e+02 1.770543729437666514e+02 1.770543594829397023e+02 1.770543237353429049e+02 1.770542429475649442e+02 1.770541493350467022e+02 1.770540721870511049e+02 1.770540063013898191e+02 1.770539599936606692e+02 1.770539100654103493e+02 1.770538370028577333e+02 1.770537405150107304e+02 1.770535705993271165e+02 1.770533569534329388e+02 1.770531584078770493e+02 1.770529656238344387e+02 1.770528247590952446e+02 1.770527077648133627e+02 1.770525658321678009e+02 1.770524038422745718e+02 1.770521390408609079e+02 1.770518000214368612e+02 1.770514829208192111e+02 1.770511738364280916e+02 1.770509420923262383e+02 1.770507649343535945e+02 1.770505643895405399e+02 1.770503441157870270e+02 1.770499924974512282e+02 1.770495516865414061e+02 1.770491372957624776e+02 1.770487385993200746e+02 1.770484406679572373e+02 1.770482210458150121e+02 1.770479784248908288e+02 1.770477179973092632e+02 1.770473092960102122e+02 1.770468039190474769e+02 1.770463313185947243e+02 1.770458848043292335e+02 1.770455554360151211e+02 1.770453179531359638e+02 1.770450570774621042e+02 1.770447796975103927e+02 1.770443519959546563e+02 1.770438241524461773e+02 1.770433432916029517e+02 1.770428912011083185e+02 1.770425663680105401e+02 1.770423314795580723e+02 1.770420756776127291e+02 1.770418042988953289e+02 1.770413860756959252e+02 1.770408777381216794e+02 1.770404215597460507e+02 1.770400017477103631e+02 1.770397057903162192e+02 1.770394905045616554e+02 1.770392537208447834e+02 1.770390049474697776e+02 1.770386195843857990e+02 1.770381597780383629e+02 1.770377529306345821e+02 1.770373904942676120e+02 1.770371410182271177e+02 1.770369587519123513e+02 1.770367574807575011e+02 1.770365400641807128e+02 1.770362107124480247e+02 1.770358200542649456e+02 1.770354868297071675e+02 1.770352008733093783e+02 1.770350126148541960e+02 1.770348750663322903e+02 1.770347151775886516e+02 1.770345453194990455e+02 1.770342781503901222e+02 1.770339752285179316e+02 1.770337283646908588e+02 1.770335323263912528e+02 1.770334136715559339e+02 1.770333246133020566e+02 1.770332153645579467e+02 1.770330937522461454e+02 1.770328993710329541e+02 1.770326893559734742e+02 1.770325395679816438e+02 1.770324417987879713e+02 1.770324017712976854e+02 1.770323621694037968e+02 1.770323084464691021e+02 1.770322381147734632e+02 1.770321223636248646e+02 1.770320167081814873e+02 1.770319699042033221e+02 1.770319795186780709e+02 1.770320231469913494e+02 1.770320438128062506e+02 1.770320519067122405e+02
1.770528681611211823e+02 1.770528627869240381e+02 1.770528461269146021e+02 1.770528112654741335e+02 1.770527935105752420e+02 1.770528126752058711e+02 1.770528681168140679e+02 1.770529306048554190e+02 1.770529674356694727e+02 1.770529914504323301e+02 1.770530063816723896e+02 1.770530132823043061e+02 1.770530476702084002e+02 1.770531111873558245e+02 1.770532042894224105e+02 1.770532969636789460e+02 1.770533556865802325e+02 1.770534005623909479e+02 1.770534328486977529e+02 1.770534654221069388e+02 1.770535265596062686e+02 1.770536118745829697e+02 1.770537207913130828e+02 1.770538229766692382e+02 1.770538842845796808e+02 1.770539339154128697e+02 1.770539687060640404e+02 1.770540032328517555e+02 1.770540597852003373e+02 1.770541329619008764e+02 1.770542225234761133e+02 1.770543033789640504e+02 1.770543493967074653e+02 1.770543794588241440e+02 1.770543965200110961e+02 1.770544002039380587e+02 1.770544113159552353e+02 1.770544334077035558e+02 1.770544641541523845e+02 1.770544890831212399e+02 1.770544932721710154e+02 1.770544807915407546e+02 1.770544539022257027e+02 1.770543928759246626e+02 1.770543163960254560e+02 1.770542429552826889e+02 1.770541694025731374e+02 1.770541082440118146e+02 1.770540497602328855e+02 1.770539725620206752e+02 1.770538799442611264e+02 1.770537286843354252e+02 1.770535310854886291e+02 1.770533361007677513e+02 1.770531372601136297e+02 1.770529787131121111e+02 1.770528489783611406e+02 1.770527015157467758e+02 1.770525379022660957e+02 1.770522860550101427e+02 1.770519646195295707e+02 1.770516516866875918e+02 1.770513368853958127e+02 1.770510871281149718e+02 1.770508929000478133e+02 1.770506821088359857e+02 1.770504554922834188e+02 1.770501206135951122e+02 1.770496965241426324e+02 1.770492875301404752e+02 1.770488818099823050e+02 1.770485655760384702e+02 1.770483276764860534e+02 1.770480721606100758e+02 1.770478025840484406e+02 1.770474064769482823e+02 1.770469190022325279e+02 1.770464533844212269e+02 1.770460011400844849e+02 1.770456544443399878e+02 1.770453960262834414e+02 1.770451202807589937e+02 1.770448361223681673e+02 1.770444197846829866e+02 1.770439127402290467e+02 1.770434371561396745e+02 1.770429848064686382e+02 1.770426412733265238e+02 1.770423887575142032e+02 1.770421187530206453e+02 1.770418409220484932e+02 1.770414360186782119e+02 1.770409463981259250e+02 1.770404982557007543e+02 1.770400748166738651e+02 1.770397614959917405e+02 1.770395300780702712e+02 1.770392832143060104e+02 1.770390261091584705e+02 1.770386529773235509e+02 1.770382102524597201e+02 1.770378115893077791e+02 1.770374453830254708e+02 1.770371799297241466e+02 1.770369815239660056e+02 1.770367719384805412e+02 1.770365516065453164e+02 1.770362326052909339e+02 1.770358602687516054e+02 1.770355316061407791e+02 1.770352431089280287e+02 1.770350389265926481e+02 1.770348879614824966e+02 1.770347216379763040e+02 1.770345486304806286e+02 1.770342937483973174e+02 1.770340074630789786e+02 1.770337638508518125e+02 1.770335618089146692e+02 1.770334316268611303e+02 1.770333297746712731e+02 1.770332166044093185e+02 1.770330933985417516e+02 1.770329138157882198e+02 1.770327181145627833e+02 1.770325707008645963e+02 1.770324656934309644e+02 1.770324104043937155e+02 1.770323647440962134e+02 1.770323095713463317e+02 1.770322412890511998e+02 1.770321391583958359e+02 1.770320451289416326e+02 1.770319986423171201e+02 1.770319986898549303e+02 1.770320283852374530e+02 1.770320418183430604e+02 1.770320475402523073e+02
1.770528995052751497e+02 1.770528952783686236e+02 1.770528863459595357e+02 1.770528745046161418e+02 1.770528706528405678e+02 1.770528900274478303e+02 1.770529306048554190e+02 1.770529728409960910e+02 1.770530056620866048e+02 1.770530343873468269e+02 1.770530564527104218e+02 1.770530853730312799e+02 1.770531293153634920e+02 1.770531945776623672e+02 1.770532751126324058e+02 1.770533485282086872e+02 1.770534045589760694e+02 1.770534561267008087e+02 1.770534990763213159e+02 1.770535533821398531e+02 1.770536251718031053e+02 1.770537108467049165e+02 1.770538086000475744e+02 1.770538926324486226e+02 1.770539540407538652e+02 1.770540073430520636e+02 1.770540548487392130e+02 1.770541113354970832e+02 1.770541790223704766e+02 1.770542541635807936e+02 1.770543349013582031e+02 1.770543992123303951e+02 1.770544453275378203e+02 1.770544800619584294e+02 1.770545051404148751e+02 1.770545322728192446e+02 1.770545553178233149e+02 1.770545798998927296e+02 1.770546048272423718e+02 1.770546158670991872e+02 1.770546149256244917e+02 1.770546053821180124e+02 1.770545839092757205e+02 1.770545419801695175e+02 1.770544798989090225e+02 1.770544114763113726e+02 1.770543340867213544e+02 1.770542598984984011e+02 1.770541896745081090e+02 1.770541103324834751e+02 1.770540164564888244e+02 1.770538806689320381e+02 1.770537005099230328e+02 1.770535116679916996e+02 1.770533138431451619e+02 1.770531374661307495e+02 1.770529894341669603e+02 1.770528318359105526e+02 1.770526618461370560e+02 1.770524276763961211e+02 1.770521285873532236e+02 1.770518215617673263e+02 1.770515074431711469e+02 1.770512398957601761e+02 1.770510244176359151e+02 1.770507975822064282e+02 1.770505582121398618e+02 1.770502404902560158e+02 1.770498403522526587e+02 1.770494384969477721e+02 1.770490373272553484e+02 1.770487033772030543e+02 1.770484358928137283e+02 1.770481616820312638e+02 1.770478749899780837e+02 1.770474998499821027e+02 1.770470372276020044e+02 1.770465799665133773e+02 1.770461320049405742e+02 1.770457671362004817e+02 1.770454779808215733e+02 1.770451845294489317e+02 1.770448816258831357e+02 1.770444864504333111e+02 1.770440076152700328e+02 1.770435429526127962e+02 1.770430937306636281e+02 1.770427331731154652e+02 1.770424492024317829e+02 1.770421623696145730e+02 1.770418681075357483e+02 1.770414834414236793e+02 1.770410274596430611e+02 1.770405853902068998e+02 1.770401687565661177e+02 1.770398352125964436e+02 1.770395751036039371e+02 1.770393115498372367e+02 1.770390394819660003e+02 1.770386894928881247e+02 1.770382774878329428e+02 1.770378842240278630e+02 1.770375200505126259e+02 1.770372334162781556e+02 1.770370118975590401e+02 1.770367868202836519e+02 1.770365547218726476e+02 1.770362591379024479e+02 1.770359143465233274e+02 1.770355937953097794e+02 1.770353036545818952e+02 1.770350787994451878e+02 1.770349053747554251e+02 1.770347318309871127e+02 1.770345502749201785e+02 1.770343175208083437e+02 1.770340554361645502e+02 1.770338178485024798e+02 1.770336126879387848e+02 1.770334586500883916e+02 1.770333414496304840e+02 1.770332224659068743e+02 1.770330969662518044e+02 1.770329376535935637e+02 1.770327641888123935e+02 1.770326194035354774e+02 1.770325062469234751e+02 1.770324288941115185e+02 1.770323714212556183e+02 1.770323111843717925e+02 1.770322479584049233e+02 1.770321682424260246e+02 1.770320903000365718e+02 1.770320458146296971e+02 1.770320306842246794e+02 1.770320369353495948e+02 1.770320449379606202e+02 1.770320466470517147e+02
1.770529250163605184e+02 1.770529236255538308e+02 1.770529169862314802e+02 1.770529078422081568e+02 1.770529105563469159e+02 1.770529307193225179e+02 1.770529674356694727e+02 1.770530056620866048e+02 1.770530385602965566e+02 1.770530673048338599e+02 1.770530940179977790e+02 1.770531264851725837e+02 1.770531759862688261e+02 1.770532420836707104e+02 1.770533202729249638e+02 1.770533921990191573e+02 1.770534482519140909e+02 1.770535002670046367e+02 1.770535504188281095e+02 1.770536072400947774e+02 1.770536827064283898e+02 1.770537698903379749e+02 1.770538687664414113e+02 1.770539520876900497e+02 1.770540149596103845e+02 1.770540736906983170e+02 1.770541247038465826e+02 1.770541842894959643e+02 1.770542542571188847e+02 1.770543316649050212e+02 1.770544156378292087e+02 1.770544822871325437e+02 1.770545303800921602e+02 1.770545676460843652e+02 1.770545975990947625e+02 1.770546248934497271e+02 1.770546533926402333e+02 1.770546808464625883e+02 1.770547072384019600e+02 1.770547237775266751e+02 1.770547268939770902e+02 1.770547169546072155e+02 1.770546970673485987e+02 1.770546553664399028e+02 1.770545973242624314e+02 1.770545304185709767e+02 1.770544576696845240e+02 1.770543873373277393e+02 1.770543177801932870e+02 1.770542344844188278e+02 1.770541369085574956e+02 1.770540007851367932e+02 1.770538235090067474e+02 1.770536354434941018e+02 1.770534413888980794e+02 1.770532681601440004e+02 1.770531193520393458e+02 1.770529557862730883e+02 1.770527776818416896e+02 1.770525406094001823e+02 1.770522439837544084e+02 1.770519382663928241e+02 1.770516298173876635e+02 1.770513643111466138e+02 1.770511398567959134e+02 1.770509062484630363e+02 1.770506567658844972e+02 1.770503361245582710e+02 1.770499429885814209e+02 1.770495403351638117e+02 1.770491447697578167e+02 1.770488092408818943e+02 1.770485314364119631e+02 1.770482476907426701e+02 1.770479510306381030e+02 1.770475729478422693e+02 1.770471176381924181e+02 1.770466596162032715e+02 1.770462155635616455e+02 1.770458472177128328e+02 1.770455475916162413e+02 1.770452438500201140e+02 1.770449306188700973e+02 1.770445353576580203e+02 1.770440681755646324e+02 1.770436053380767305e+02 1.770431584410700907e+02 1.770427952842884736e+02 1.770424980937741850e+02 1.770422037094793950e+02 1.770418987719504287e+02 1.770415202678872220e+02 1.770410714465239721e+02 1.770406331969342091e+02 1.770402193313935868e+02 1.770398805159942128e+02 1.770396087319601008e+02 1.770393364939951368e+02 1.770390589166676705e+02 1.770387124139657828e+02 1.770383108854971681e+02 1.770379214284579632e+02 1.770375559322106085e+02 1.770372657501878564e+02 1.770370301875757946e+02 1.770368004802788846e+02 1.770365643285082342e+02 1.770362720746656180e+02 1.770359367921447813e+02 1.770356206278834748e+02 1.770353290563447786e+02 1.770350983091569788e+02 1.770349172183894098e+02 1.770347360383525768e+02 1.770345523091229722e+02 1.770343277935562867e+02 1.770340722654019601e+02 1.770338395378001621e+02 1.770336299383829726e+02 1.770334718329927171e+02 1.770333462274153362e+02 1.770332213912720647e+02 1.770330956901010211e+02 1.770329461845613821e+02 1.770327805983858411e+02 1.770326372742098044e+02 1.770325200378428008e+02 1.770324352513729309e+02 1.770323719528292656e+02 1.770323115656536856e+02 1.770322471979745558e+02 1.770321752419881420e+02 1.770321056774220096e+02 1.770320610266658719e+02 1.770320397187195454e+02 1.770320381865473109e+02 1.770320411560475975e+02 1.770320421412765768e+02
1.770529512807484309e+02 1.770529473383375318e+02 1.770529417209593532e+02 1.770529334981875422e+02 1.770529338675190445e+02 1.770529539469993097e+02 1.770529914504323301e+02 1.770530343873468269e+02 1.770530673048338599e+02 1.770530972294475021e+02 1.770531240136765518e+02 1.770531576445034716e+02 1.770532066168351264e+02 1.770532724912338267e+02 1.770533556629230247e+02 1.770534324723138866e+02 1.770534912475098110e+02 1.770535445629442961e+02 1.770535937110449538e+02 1.770536525093580735e+02 1.770537290131921964e+02 1.770538199310206267e+02 1.770539207212285646e+02 1.770540126516961266e+02 1.770540791415079411e+02 1.770541390589148136e+02 1.770541901464026751e+02 1.770542498933172624e+02 1.770543216018905355e+02 1.770544048446412546e+02 1.770544941062923670e+02 1.770545666380152170e+02 1.770546195111136001e+02 1.770546620146396890e+02 1.770546917240341998e+02 1.770547169596704293e+02 1.770547451083320709e+02 1.770547785312394922e+02 1.770548125661002246e+02 1.770548365910313180e+02 1.770548455150582754e+02 1.770548379736469542e+02 1.770548176391963580e+02 1.770547716468145154e+02 1.770547102142472511e+02 1.770546472169153560e+02 1.770545806982169097e+02 1.770545187702814758e+02 1.770544535880613637e+02 1.770543726425000841e+02 1.770542720374057808e+02 1.770541292433842955e+02 1.770539472964919412e+02 1.770537588442134336e+02 1.770535673545517739e+02 1.770534009921396432e+02 1.770532543615284169e+02 1.770530908641035239e+02 1.770529079971392150e+02 1.770526624174035248e+02 1.770523593533364419e+02 1.770520514861709387e+02 1.770517447162968949e+02 1.770514841836717039e+02 1.770512614669448226e+02 1.770510264543046333e+02 1.770507716799887419e+02 1.770504426295996723e+02 1.770500415395295590e+02 1.770496365151759335e+02 1.770492395907131709e+02 1.770489054496302401e+02 1.770486282534418478e+02 1.770483412849487479e+02 1.770480401784989226e+02 1.770476535509900486e+02 1.770471898913649227e+02 1.770467296000563806e+02 1.770462829231553030e+02 1.770459139442975243e+02 1.770456121983615958e+02 1.770453079291982306e+02 1.770449902241512632e+02 1.770445907672532542e+02 1.770441158029507562e+02 1.770436483325232473e+02 1.770432035440310301e+02 1.770428389988786932e+02 1.770425424434604054e+02 1.770422448685371251e+02 1.770419376669518385e+02 1.770415557512480405e+02 1.770411024728219331e+02 1.770406628271717295e+02 1.770402474362315957e+02 1.770399094100865796e+02 1.770396361540256578e+02 1.770393617328273308e+02 1.770390811237261062e+02 1.770387325393751325e+02 1.770383269774258679e+02 1.770379340133060282e+02 1.770375697342959995e+02 1.770372768125791652e+02 1.770370421209018730e+02 1.770368096529401498e+02 1.770365708212480627e+02 1.770362803543034147e+02 1.770359419957929106e+02 1.770356248318477981e+02 1.770353317516265292e+02 1.770351010350327670e+02 1.770349181676653814e+02 1.770347350530712447e+02 1.770345505641635668e+02 1.770343271472240474e+02 1.770340717937847046e+02 1.770338360262931872e+02 1.770336275704349589e+02 1.770334654947158981e+02 1.770333415581636984e+02 1.770332178306210551e+02 1.770330917064136997e+02 1.770329395266202255e+02 1.770327730848767658e+02 1.770326297073729904e+02 1.770325118935333535e+02 1.770324285436964828e+02 1.770323649005354980e+02 1.770323010536865809e+02 1.770322393174961633e+02 1.770321665154609150e+02 1.770320982832525658e+02 1.770320509740007253e+02 1.770320326602555099e+02 1.770320308973460328e+02 1.770320329809384248e+02 1.770320338457986509e+02
1.770529747486910424e+02 1.770529697621387299e+02 1.770529583733104744e+02 1.770529416008747319e+02 1.770529378808923298e+02 1.770529610901486990e+02 1.770530063816723896e+02 1.770530564527104218e+02 1.770530940179977790e+02 1.770531240136765518e+02 1.770531465822411405e+02 1.770531740122106896e+02 1.770532199145655454e+02 1.770532894613619987e+02 1.770533832068878439e+02 1.770534702105847771e+02 1.770535340582795527e+02 1.770535863786912500e+02 1.770536311931831222e+02 1.770536835450147350e+02 1.770537596444098369e+02 1.770538543074678444e+02 1.770539700288037750e+02 1.770540725498163681e+02 1.770541462996448274e+02 1.770542067477065302e+02 1.770542539831518809e+02 1.770543048015825320e+02 1.770543767458588604e+02 1.770544657828815502e+02 1.770545678518128057e+02 1.770546579257034523e+02 1.770547184438672446e+02 1.770547598005193777e+02 1.770547860318903304e+02 1.770548026865317013e+02 1.770548304820975147e+02 1.770548670939340070e+02 1.770549166126083094e+02 1.770549588449172234e+02 1.770549756640695591e+02 1.770549708459692511e+02 1.770549466706851547e+02 1.770548899819731901e+02 1.770548226349881702e+02 1.770547609417318142e+02 1.770547055227438591e+02 1.770546607765402882e+02 1.770546037163163362e+02 1.770545256668591207e+02 1.770544219047741024e+02 1.770542622524897354e+02 1.770540668761342715e+02 1.770538764337858026e+02 1.770536895957989998e+02 1.770535395693653697e+02 1.770534008280155547e+02 1.770532411582962311e+02 1.770530568495894670e+02 1.770527923026787391e+02 1.770524742232957749e+02 1.770521594415655784e+02 1.770518515607479912e+02 1.770516028661204757e+02 1.770513897079069068e+02 1.770511589056366404e+02 1.770509059266513532e+02 1.770505564900336708e+02 1.770501364325886584e+02 1.770497206458647099e+02 1.770493210273232023e+02 1.770489949753335281e+02 1.770487288843737872e+02 1.770484479476285173e+02 1.770481453250212667e+02 1.770477403561492622e+02 1.770472538531705879e+02 1.770467838462008672e+02 1.770463308290444502e+02 1.770459683956962067e+02 1.770456774461913767e+02 1.770453768785711475e+02 1.770450601440932701e+02 1.770446454315382141e+02 1.770441528004114389e+02 1.770436765497298950e+02 1.770432247085443294e+02 1.770428648767306186e+02 1.770425798895924743e+02 1.770422906016676450e+02 1.770419850033457010e+02 1.770415894543047841e+02 1.770411209560654413e+02 1.770406733727791391e+02 1.770402512388953085e+02 1.770399177691895432e+02 1.770396554946966319e+02 1.770393879252130489e+02 1.770391092734759297e+02 1.770387487632964962e+02 1.770383263614099292e+02 1.770379275407652244e+02 1.770375574293878458e+02 1.770372703550793290e+02 1.770370439693668629e+02 1.770368170648514763e+02 1.770365828455199164e+02 1.770362790739766012e+02 1.770359296447606994e+02 1.770356055807066298e+02 1.770353113679803698e+02 1.770350840300051516e+02 1.770349085413412809e+02 1.770347323802848791e+02 1.770345503168747143e+02 1.770343159488891445e+02 1.770340502558203468e+02 1.770338113126258577e+02 1.770336027870487783e+02 1.770334448925719357e+02 1.770333268516291412e+02 1.770332042998253428e+02 1.770330806411601543e+02 1.770329211690174134e+02 1.770327463927624763e+02 1.770326018909230470e+02 1.770324848724317519e+02 1.770324055406964305e+02 1.770323466621188970e+02 1.770322871088274042e+02 1.770322215295063586e+02 1.770321440763483167e+02 1.770320673181526274e+02 1.770320216751976261e+02 1.770320069181381371e+02 1.770320098829735684e+02 1.770320166308733292e+02 1.770320187829036911e+02
