1.291330810904858906e+00 1.291474997851054907e+00 1.291831459711990204e+00 1.292397192741674861e+00 1.292983946384424598e+00 1.293282312367619813e+00 1.293274274844107730e+00 1.293170107761106635e+00 1.293150055763958806e+00 1.293270184698813052e+00 1.293532498592657509e+00 1.293935987019188882e+00 1.294303414688364295e+00 1.294371447592494118e+00 1.294142084150444516e+00 1.293856656392245785e+00 1.293694399555691321e+00 1.293679333921886609e+00 1.293810460281418884e+00 1.294060730645465451e+00 1.294253913012703983e+00 1.294155711625266436e+00 1.293769134307677149e+00 1.293360540225809041e+00 1.293105157583181342e+00 1.293002980262262236e+00 1.293054003675132790e+00 1.293213162455857823e+00 1.293305226361598281e+00 1.293111918592374510e+00 1.292639249698578130e+00 1.292164592070236928e+00 1.291862169604111266e+00 1.291720965506194974e+00 1.291738975240183995e+00 1.291868131733399760e+00 1.291933210859210313e+00 1.291720934924634800e+00 1.291238315218930621e+00 1.290764714906504906e+00 1.290472354367966146e+00 1.290350225474565793e+00 1.290397325448774390e+00 1.290570610791831108e+00 1.290697858575952095e+00 1.290553765930738006e+00 1.290140334335071470e+00 1.289725892827903841e+00 1.289479663650005881e+00 1.289401663114520646e+00 1.289488892064709624e+00 1.289706328212011144e+00 1.289876747488379660e+00 1.289765813352472534e+00 1.289373521727138705e+00 1.288964185430267140e+00 1.288713030112256241e+00 1.288621092209327523e+00 1.288686373306264565e+00 1.288868861206306171e+00 1.288989331905161073e+00 1.288824442691436811e+00 1.288379194199052780e+00 1.287928896122083833e+00 1.287647777956764328e+00 1.287532880349104847e+00 1.287581208741323868e+00 1.287749764574604106e+00 1.287865322673625634e+00 1.287703530877977398e+00 1.287268383973625197e+00 1.286831173851805898e+00 1.286564126994380386e+00 1.286464300422725637e+00 1.286527698848967560e+00 1.286715334889390716e+00 1.286850982183710190e+00 1.286706269732633245e+00 1.286282189587494962e+00 1.285851022048701386e+00 1.285583002341168068e+00 1.285478193331065500e+00 1.285533600475823768e+00 1.285707240376436467e+00 1.285824885595711509e+00 1.285665167666224962e+00 1.285234084358245044e+00 1.284803922035101964e+00 1.284545913599205669e+00 1.284459125845157201e+00 1.284542564688854194e+00 1.284764254677098316e+00 1.284952975698492317e+00 1.284880347908664344e+00 1.284546366696279307e+00 1.284206296111259693e+00 1.284027366120457758e+00 1.284021659812194960e+00 1.284189181796016488e+00 1.284514972777189845e+00 1.284828810304820434e+00 1.284879294456610976e+00 1.284662411523414205e+00 1.284411412382512552e+00 1.284297526370156373e+00 1.284346849496153409e+00 1.284559387398891861e+00 1.284929180273133964e+00 1.285283003455784723e+00 1.285364455339678136e+00 1.285169524259957896e+00 1.284928471159192398e+00 1.284813530735096521e+00 1.284853788425801557e+00 1.285050247017550662e+00 1.285388931617894359e+00 1.285698608255936737e+00 1.285725901088625056e+00 1.285468801458537369e+00 1.285169594504439239e+00 1.284999518304688282e+00 1.284978630667355848e+00 1.285104934227695228e+00 1.285350413539763537e+00 1.285536832559071252e+00 1.285429850431850873e+00 1.285030463783983112e+00 1.284603006767469413e+00 1.284322716302254141e+00 1.284186607637819888e+00 1.284190680401500195e+00 1.284278868286311548e+00 1.284269927906457331e+00 1.283961574772976233e+00 1.283367829954355832e+00 1.282800099618905287e+00 1.282443637793446944e+00 1.282299450860726830e+00
1.291474997851054907e+00 1.291640212038992264e+00 1.292051748185339743e+00 1.292711604198325537e+00 1.293377461074612045e+00 1.293679834092027026e+00 1.293604706279352534e+00 1.293418431197032925e+00 1.293354322728941685e+00 1.293473448885486654e+00 1.293776816524033535e+00 1.294262412439956433e+00 1.294698933405261654e+00 1.294767964498875212e+00 1.294467509342182465e+00 1.294099972055270387e+00 1.293895659205733795e+00 1.293879594872382688e+00 1.294053775434661047e+00 1.294386153288033192e+00 1.294647427192506584e+00 1.294548223536771125e+00 1.294090550936024098e+00 1.293598847096733673e+00 1.293301409970608828e+00 1.293200234408153459e+00 1.293294315082502921e+00 1.293536581581659517e+00 1.293697735214568212e+00 1.293502424948001606e+00 1.292956659803215169e+00 1.292397891168974633e+00 1.292053414219322960e+00 1.291913211879811563e+00 1.291976278314358240e+00 1.292188545074487882e+00 1.292321715736910681e+00 1.292107436795273401e+00 1.291551719309526058e+00 1.290993006232806772e+00 1.290658588662195294e+00 1.290537461017410292e+00 1.290628619501574370e+00 1.290887016589453706e+00 1.291084358917364616e+00 1.290939266042896660e+00 1.290454738144628077e+00 1.289955185911797919e+00 1.289666899701298997e+00 1.289589900414265022e+00 1.289722186064270693e+00 1.290024735485882035e+00 1.290267250274452993e+00 1.290156317667937591e+00 1.289691933589165229e+00 1.289198486285374923e+00 1.288904274725070520e+00 1.288813336540495458e+00 1.288923672296083733e+00 1.289189273014419657e+00 1.289380836957344512e+00 1.289213948307015967e+00 1.288694606395547115e+00 1.288159196062371947e+00 1.287836018310590580e+00 1.287722119399390186e+00 1.287814504261045601e+00 1.288068170818877478e+00 1.288253824997319441e+00 1.288090035809695388e+00 1.287582795432985039e+00 1.287060474586022352e+00 1.286751368649110772e+00 1.286652541282634843e+00 1.286760994871997132e+00 1.287033743680114251e+00 1.287239489101887902e+00 1.287094778694865216e+00 1.286598606611393025e+00 1.286082328859304402e+00 1.285773248761109988e+00 1.285668438728239549e+00 1.285767901318143336e+00 1.286025651716947715e+00 1.286212393310198099e+00 1.286050676976080664e+00 1.285546499460872960e+00 1.285030225165742390e+00 1.284730155596194745e+00 1.284643365795143266e+00 1.284770859058378178e+00 1.285076661080888583e+00 1.285336478419328410e+00 1.285261854788883884e+00 1.284856780331558035e+00 1.284431598511674766e+00 1.284209608694172555e+00 1.284204897999987605e+00 1.284415475200940016e+00 1.284825380267416106e+00 1.285211316900768841e+00 1.285262805888690574e+00 1.284976832207370911e+00 1.284642723303627276e+00 1.284485777974401000e+00 1.284535097512112145e+00 1.284790689093046279e+00 1.285243594807231160e+00 1.285669514535068503e+00 1.285751970744621664e+00 1.285487949942297758e+00 1.285163789129925682e+00 1.285006789609449918e+00 1.285047044222414225e+00 1.285285557294288283e+00 1.285707352171683304e+00 1.286087124911787560e+00 1.286115420532553788e+00 1.285790229862827205e+00 1.285408914906434497e+00 1.285196783200752702e+00 1.285176894245597445e+00 1.285346252507330700e+00 1.285672842680084083e+00 1.285929354723197804e+00 1.285821373914708188e+00 1.285352894464980800e+00 1.284844328640841971e+00 1.284522983917774086e+00 1.284388877236465332e+00 1.284437006462573194e+00 1.284606303668795135e+00 1.284664453594951183e+00 1.284351094733876986e+00 1.283679245878869501e+00 1.283018391243242684e+00 1.282605855923020455e+00 1.282441640431598806e+00
1.291831459711990204e+00 1.292051748185339743e+00 1.292622492047442062e+00 1.293584744533114783e+00 1.294487912129820728e+00 1.294801298882503060e+00 1.294519900077764296e+00 1.294062269270980670e+00 1.293865987311010990e+00 1.293980108243987903e+00 1.294405638927210500e+00 1.295162589037817558e+00 1.295813389964516338e+00 1.295882419528447294e+00 1.295368682089991008e+00 1.294727787091414450e+00 1.294396306993555790e+00 1.294380243170066391e+00 1.294681592000299641e+00 1.295284325348588395e+00 1.295755872690199206e+00 1.295653662739423728e+00 1.294977703143595615e+00 1.294211636775992158e+00 1.293789037448026091e+00 1.293690866141441687e+00 1.293916119058611702e+00 1.294430743549553453e+00 1.294801169880723357e+00 1.294600851331870084e+00 1.293832795217151999e+00 1.292996659289856076e+00 1.292527019118898224e+00 1.292391820474415143e+00 1.292587062948736820e+00 1.293074690426951445e+00 1.293418135036271011e+00 1.293197848092830116e+00 1.292417837139819392e+00 1.291577752285046010e+00 1.291116168485907156e+00 1.290999044306636145e+00 1.291224376740459867e+00 1.291762141579802181e+00 1.292174767156100579e+00 1.292027672803490290e+00 1.291322858471209312e+00 1.290543937466293478e+00 1.290128482477884919e+00 1.290055484616430936e+00 1.290321942686019074e+00 1.290905863886305349e+00 1.291365669009652883e+00 1.291254739971831489e+00 1.290572073486015325e+00 1.289800260696525314e+00 1.289379877015586429e+00 1.289292935664423823e+00 1.289535441340610378e+00 1.290078409354883382e+00 1.290482261473447023e+00 1.290311372929495937e+00 1.289569744127712081e+00 1.288751964843413811e+00 1.288301611676301528e+00 1.288190708854643152e+00 1.288416260290220050e+00 1.288948296927360238e+00 1.289347242579909736e+00 1.289180457304071714e+00 1.288451935373369217e+00 1.287649247051241730e+00 1.287214964102947334e+00 1.287119133330346665e+00 1.287361753714520773e+00 1.287913874878119147e+00 1.288335914509414204e+00 1.288188213131698401e+00 1.287473761203105971e+00 1.286678118757305311e+00 1.286242860898404450e+00 1.286141044896791152e+00 1.286372671776741639e+00 1.286906790792885502e+00 1.287305822124726884e+00 1.287139108755445127e+00 1.286410649537735873e+00 1.285613003960408784e+00 1.285184754121367678e+00 1.285099955046906883e+00 1.285358611855351496e+00 1.285941785286161876e+00 1.286415896919663515e+00 1.286339279497140220e+00 1.285715926231156381e+00 1.285011375623535290e+00 1.284660205813339617e+00 1.284655487436089816e+00 1.284996226926743867e+00 1.285686504592647772e+00 1.286291741262695520e+00 1.286346241683334002e+00 1.285846998516926076e+00 1.285239525751173728e+00 1.284953400933229295e+00 1.285001711533358515e+00 1.285384463702935687e+00 1.286113737539837931e+00 1.286756955330221830e+00 1.286843420636839319e+00 1.286368129776468860e+00 1.285773608843442606e+00 1.285488433127517816e+00 1.285527680849729792e+00 1.285892355309836477e+00 1.286587513029189722e+00 1.287182577751173618e+00 1.287211881805046643e+00 1.286676416684894964e+00 1.286025745932635855e+00 1.285689441994017468e+00 1.285670551207960033e+00 1.285968075405252931e+00 1.286566025411604031e+00 1.287032824225701422e+00 1.286924844957967995e+00 1.286242085551981829e+00 1.285465161072365525e+00 1.285022652478459593e+00 1.284893551011682122e+00 1.285073853219000029e+00 1.285512508789745212e+00 1.285774932351734678e+00 1.285450559760409117e+00 1.284543397547955879e+00 1.283582143799057995e+00 1.283012398644239216e+00 1.282792110171509181e+00
1.292397192741674861e+00 1.292711604198325537e+00 1.293584744533114783e+00 1.295424148467058112e+00 1.296909079779964946e+00 1.297243491734681120e+00 1.296440405663233486e+00 1.295150685207095753e+00 1.294681042985860620e+00 1.294786156250018694e+00 1.295466018371034478e+00 1.297051056195226426e+00 1.298240560006682198e+00 1.298308586792144226e+00 1.297258139278945954e+00 1.295786152311726003e+00 1.295190331858356858e+00 1.295174267525147638e+00 1.295736963671275443e+00 1.297165778665817504e+00 1.298167012555857536e+00 1.298056792105781510e+00 1.296836110408565057e+00 1.295235950367137789e+00 1.294557018633714751e+00 1.294463853570755330e+00 1.294957462543600668e+00 1.296301170386944479e+00 1.297196279062536428e+00 1.296984945249094690e+00 1.295665158803887884e+00 1.293989923979951051e+00 1.293266952091314481e+00 1.293136762748587243e+00 1.293604361175608952e+00 1.294923076032057141e+00 1.295791204005080299e+00 1.295558899528974184e+00 1.294222158118683907e+00 1.292538968353006634e+00 1.291822047790001760e+00 1.291709928834456456e+00 1.292207613652585962e+00 1.293583477158937178e+00 1.294531804421186205e+00 1.294381707850973395e+00 1.293129183473448407e+00 1.291511164589407068e+00 1.290840367737870364e+00 1.290775372217767725e+00 1.291314180121104549e+00 1.292743207200057087e+00 1.293746733175710428e+00 1.293636813542836883e+00 1.292408446648094289e+00 1.290797536486648189e+00 1.290120802549826973e+00 1.290038859279759809e+00 1.290553705605911095e+00 1.291934774329704938e+00 1.292871339181677515e+00 1.292690451412835895e+00 1.291392112554661686e+00 1.289729227893805952e+00 1.289021518619182016e+00 1.288914608031050069e+00 1.289411496305794547e+00 1.290780636492143474e+00 1.291712303569132692e+00 1.291540524811652935e+00 1.290260306229453979e+00 1.288618516956889781e+00 1.287928876807193923e+00 1.287841037633455032e+00 1.288355995069025095e+00 1.289749226828998729e+00 1.290709000792992223e+00 1.290559314291404469e+00 1.289297168684792716e+00 1.287663425000492801e+00 1.286970807422036511e+00 1.286874979482932169e+00 1.287376938854966291e+00 1.288745161273839424e+00 1.289670917328219257e+00 1.289494206308554380e+00 1.288211040604692270e+00 1.286570286008244857e+00 1.285881671147679040e+00 1.285799855860180863e+00 1.286324840658730428e+00 1.287741119327021178e+00 1.288746961448396622e+00 1.288666355418019549e+00 1.287500309131218268e+00 1.285960656416050618e+00 1.285349119001729878e+00 1.285346386218205295e+00 1.285950451984081200e+00 1.287477842455162502e+00 1.288627824847893732e+00 1.288689349895514979e+00 1.287662426812909766e+00 1.286227861408818285e+00 1.285679367493683056e+00 1.285726664029918753e+00 1.286368740029507629e+00 1.287930121979546483e+00 1.289117079653343989e+00 1.289209567324569150e+00 1.288208595464164441e+00 1.286790983291391077e+00 1.286243444103891465e+00 1.286282679001998996e+00 1.286905682702013998e+00 1.288428942011605072e+00 1.289561737603585057e+00 1.289596056624425779e+00 1.288532902881217357e+00 1.287062142062963099e+00 1.286468485503178050e+00 1.286452591276923796e+00 1.287014455791357870e+00 1.288437506215049932e+00 1.289436020719663567e+00 1.289328046073492384e+00 1.288108580651288415e+00 1.286508562870139150e+00 1.285816715743201444e+00 1.285696621916931459e+00 1.286150284914592712e+00 1.287414039365832652e+00 1.288194154471433928e+00 1.287848757208274408e+00 1.286362827311177792e+00 1.284530414695987943e+00 1.283662267789668965e+00 1.283348854503267189e+00
1.292983946384424598e+00 1.293377461074612045e+00 1.294487912129820728e+00 1.296909079779964946e+00 1.298865627258062760e+00 1.299220063676143955e+00 1.297993420355672001e+00 1.296156981926441132e+00 1.295483074269980550e+00 1.295582179532347666e+00 1.296452293686432666e+00 1.298580040919884881e+00 1.300203108348368941e+00 1.300268128328777806e+00 1.298780104556465087e+00 1.296759397629626109e+00 1.295965315664451500e+00 1.295945250925193415e+00 1.296702202059399678e+00 1.298670720677657986e+00 1.300096505927343271e+00 1.299977268122156193e+00 1.298312003465627473e+00 1.296163122956092151e+00 1.295288935496643257e+00 1.295196771173078965e+00 1.295887637860356101e+00 1.297770049607811282e+00 1.299086704877838949e+00 1.298863348435088216e+00 1.297094972507620403e+00 1.294868016019022683e+00 1.293949788914268817e+00 1.293820599291489959e+00 1.294485453903568617e+00 1.296342869095614025e+00 1.297628541216341969e+00 1.297380211664494576e+00 1.295590880363816533e+00 1.293354966664821859e+00 1.292442788846325685e+00 1.292332668819860420e+00 1.293028611070799583e+00 1.294950183142305145e+00 1.296329074351237676e+00 1.296177975510941938e+00 1.294489885016954833e+00 1.292330157461748508e+00 1.291470109825248791e+00 1.291412122534067342e+00 1.292157192759894713e+00 1.294142944175815435e+00 1.295590055936899132e+00 1.295486150419611793e+00 1.293825224211415881e+00 1.291670603897863812e+00 1.290800613668202423e+00 1.290722669269179557e+00 1.291437771441547477e+00 1.293365552523271900e+00 1.294728686015990338e+00 1.294535793459604678e+00 1.292786878425739472e+00 1.290570269083390009e+00 1.289665294435561327e+00 1.289559374885024923e+00 1.290254512931727326e+00 1.292167366832745135e+00 1.293526609932774019e+00 1.293349837178016770e+00 1.291630058206026055e+00 1.289443556508884425e+00 1.288562657449762172e+00 1.288481817307582267e+00 1.289201030977726203e+00 1.291145990021178358e+00 1.292544356314184073e+00 1.292396687123245291e+00 1.290696986705434535e+00 1.288518528042098543e+00 1.287633644675293842e+00 1.287539810027965581e+00 1.288241017849164782e+00 1.290148955645373130e+00 1.291497284073955143e+00 1.291305570692493854e+00 1.289571827828444484e+00 1.287377344969954596e+00 1.286491456531143163e+00 1.286406627773707623e+00 1.287125856815704905e+00 1.289080848088025144e+00 1.290512269421355329e+00 1.290428670397177680e+00 1.288827066714888003e+00 1.286745700205429443e+00 1.285942896177994399e+00 1.285943157919240409e+00 1.286746475698648196e+00 1.288823594049941734e+00 1.290417178658241903e+00 1.290490733548321334e+00 1.289045267643353032e+00 1.287075996669255096e+00 1.286336239204202592e+00 1.286386530258171179e+00 1.287225859356323721e+00 1.289334968234108647e+00 1.290963524105202431e+00 1.291067035766595206e+00 1.289645516028614880e+00 1.287693194693649179e+00 1.286953391212588782e+00 1.286994621425889829e+00 1.287814878733571033e+00 1.289881865113004844e+00 1.291453251063916063e+00 1.291496586965640070e+00 1.290009880576478363e+00 1.288005408761817350e+00 1.287221492451866789e+00 1.287209598599827087e+00 1.287969724639838942e+00 1.289937499793967879e+00 1.291369595855015984e+00 1.291263628840213062e+00 1.289614595069948688e+00 1.287475862614838373e+00 1.286596759992556294e+00 1.286483672850533999e+00 1.287139603393470555e+00 1.288946080593673882e+00 1.290145758755466998e+00 1.289781335722720579e+00 1.287827784395640718e+00 1.285417602776355528e+00 1.284314143025843347e+00 1.283922625189502176e+00
1.293282312367619813e+00 1.293679834092027026e+00 1.294801298882503060e+00 1.297243491734681120e+00 1.299220063676143955e+00 1.299576506161000511e+00 1.298337845817293168e+00 1.296487386847789303e+00 1.295805470221977673e+00 1.295903572196353881e+00 1.296778691574168585e+00 1.298917452543123296e+00 1.300550528379768922e+00 1.300610539568195723e+00 1.299101490084527688e+00 1.297060757165362732e+00 1.296256660164854857e+00 1.296232586862629876e+00 1.296991537945534123e+00 1.298967062756019253e+00 1.300395851752611520e+00 1.300268598861329394e+00 1.298581303676733523e+00 1.296412394626663689e+00 1.295527190883831725e+00 1.295428019349405879e+00 1.296119882698325121e+00 1.298007295592598087e+00 1.299324949054088796e+00 1.299090576328588265e+00 1.297299169644137162e+00 1.295052182576594824e+00 1.294120939239631340e+00 1.293984736799147939e+00 1.294646584097704389e+00 1.296502993454031749e+00 1.297783653724958963e+00 1.297520301365647111e+00 1.295706935509631341e+00 1.293449995588394463e+00 1.292526803524443713e+00 1.292410674476198729e+00 1.293106613158358176e+00 1.295034187622955413e+00 1.296421084231020648e+00 1.296271987375202217e+00 1.294580894151214467e+00 1.292419165625261268e+00 1.291561122522862481e+00 1.291512142898668669e+00 1.292269228105300094e+00 1.294277004947275600e+00 1.295749145368173760e+00 1.295657256356494758e+00 1.293995334500507743e+00 1.291835710487301059e+00 1.290963717755756468e+00 1.290885776411570207e+00 1.291605881251770116e+00 1.293539671346713327e+00 1.294905807043548629e+00 1.294702902499293984e+00 1.292930963837372715e+00 1.290694332575595071e+00 1.289778345207529098e+00 1.289665419972312099e+00 1.290359556763965188e+00 1.292276415649433519e+00 1.293641665207046154e+00 1.293462895047756911e+00 1.291736110897687695e+00 1.289543606806906384e+00 1.288662710295382263e+00 1.288585879738151085e+00 1.289315107420339279e+00 1.291279089666486524e+00 1.292696484779464416e+00 1.292556830165143111e+00 1.290853128320710530e+00 1.288665665058575049e+00 1.287775779023120126e+00 1.287680942611621360e+00 1.288383154233303518e+00 1.290294097813953655e+00 1.291641424986067932e+00 1.291434698496633837e+00 1.289676926174498250e+00 1.287460418403636897e+00 1.286561515778875009e+00 1.286468677542857320e+00 1.287184903348632670e+00 1.289140897401052976e+00 1.290574322250384931e+00 1.290487723060796954e+00 1.288880111372315174e+00 1.286793741691076187e+00 1.285990940735191490e+00 1.285997210989807238e+00 1.286811543524598811e+00 1.288908689915385652e+00 1.290526307556631336e+00 1.290615884468387708e+00 1.289175430953914736e+00 1.287209163211528118e+00 1.286473411251911170e+00 1.286531714342624477e+00 1.287383060983730454e+00 1.289513198639499647e+00 1.291164785785355207e+00 1.291279313229218184e+00 1.289857794516864553e+00 1.287901470240452761e+00 1.287162668007751698e+00 1.287209906736849874e+00 1.288041180340902425e+00 1.290129193447533185e+00 1.291722609939372601e+00 1.291774960154781660e+00 1.290286248703582217e+00 1.288274770204212771e+00 1.287489853159471176e+00 1.287482966575465015e+00 1.288254105833223084e+00 1.290241907492523099e+00 1.291693031890588372e+00 1.291593072365697648e+00 1.289936027583161948e+00 1.287786281397713894e+00 1.286902173561246254e+00 1.286791088402464700e+00 1.287454029736905037e+00 1.289275525660834809e+00 1.290488219536392478e+00 1.290118793856929846e+00 1.288147215440721194e+00 1.285717007830032621e+00 1.284602533835585980e+00 1.284206010785058361e+00
1.293274274844107730e+00 1.293604706279352534e+00 1.294519900077764296e+00 1.296440405663233486e+00 1.297993420355672001e+00 1.298337845817293168e+00 1.297489700497447496e+00 1.296135895028794005e+00 1.295636213308734686e+00 1.295737318009660077e+00 1.296438205843333025e+00 1.298077307527144342e+00 1.299302849663695580e+00 1.299354849334349638e+00 1.298236312325408592e+00 1.296686222865692351e+00 1.296052347826758933e+00 1.296022261425249233e+00 1.296595967229581481e+00 1.298064821467044050e+00 1.299086071157196098e+00 1.298948807310426945e+00 1.297655025288178887e+00 1.295976761736344240e+00 1.295257774450855992e+00 1.295147581535957659e+00 1.295647190356756573e+00 1.297020921390797277e+00 1.297928032311221003e+00 1.297685646030478424e+00 1.296290757783360892e+00 1.294538421717425614e+00 1.293772391040636016e+00 1.293618165105152817e+00 1.294081746306377623e+00 1.295410456321548720e+00 1.296269557766949632e+00 1.295991182090862281e+00 1.294573333421251249e+00 1.292817053010988371e+00 1.292062081938953444e+00 1.291932933089430691e+00 1.292433611966983698e+00 1.293836490323798216e+00 1.294813842066588450e+00 1.294670750659725922e+00 1.293404209300042185e+00 1.291770180113346989e+00 1.291104390517476608e+00 1.291062427276722158e+00 1.291646283714040111e+00 1.293152398768027123e+00 1.294237019746028228e+00 1.294165152637756444e+00 1.292929786156344907e+00 1.291290854781304898e+00 1.290601111226964415e+00 1.290522171687471964e+00 1.291053038485453719e+00 1.292469140685812423e+00 1.293418722246404862e+00 1.293205797547858360e+00 1.291832377252745800e+00 1.290096414172051009e+00 1.289348662077713481e+00 1.289222728767137838e+00 1.289720617760025778e+00 1.291111783344438546e+00 1.292064480687482808e+00 1.291888706598405934e+00 1.290580467316087887e+00 1.288910659908041989e+00 1.288216024221729761e+00 1.288144211646141901e+00 1.288695217586783848e+00 1.290154536322261070e+00 1.291180404407928695e+00 1.291055763396004696e+00 1.289773609654741859e+00 1.288103834292246619e+00 1.287392200134383602e+00 1.287291370539870083e+00 1.287802344202370275e+00 1.289190598730755477e+00 1.290118361350108156e+00 1.289897605605776487e+00 1.288532345693207848e+00 1.286815501828269204e+00 1.286083835833557565e+00 1.285975992683349167e+00 1.286494971006523658e+00 1.287922266467166343e+00 1.288940128163093224e+00 1.288851518276707520e+00 1.287657446240569215e+00 1.286095772710917684e+00 1.285483238140883833e+00 1.285499532145577106e+00 1.286140650244482320e+00 1.287738135268729378e+00 1.288967227548508676e+00 1.289075822537643523e+00 1.288060922118806628e+00 1.286621355083538365e+00 1.286079874518751831e+00 1.286153205048298442e+00 1.286837341166725768e+00 1.288474825678962432e+00 1.289736885692497559e+00 1.289862422762540151e+00 1.288853443479886174e+00 1.287410801638508850e+00 1.286860258706260529e+00 1.286917519664701581e+00 1.287581578135827742e+00 1.289180944115588590e+00 1.290386839555447640e+00 1.290451197564960184e+00 1.289370025459645186e+00 1.287864218900505842e+00 1.287262549789209398e+00 1.287261676340442085e+00 1.287861594961672518e+00 1.289361749201039631e+00 1.290427354525977233e+00 1.290336405721431490e+00 1.289084896763282417e+00 1.287432812021207296e+00 1.286721937584598630e+00 1.286606851026848242e+00 1.287090553525628067e+00 1.288417393290626212e+00 1.289241569993804015e+00 1.288886158708600460e+00 1.287335141515685955e+00 1.285424622810187101e+00 1.284514422965016500e+00 1.284184989707046975e+00
1.293170107761106635e+00 1.293418431197032925e+00 1.294062269270980670e+00 1.295150685207095753e+00 1.296156981926441132e+00 1.296487386847789303e+00 1.296135895028794005e+00 1.295577133009070625e+00 1.295329780739652215e+00 1.295435889644745320e+00 1.295899462679560132e+00 1.296740514620486451e+00 1.297447376807099539e+00 1.297491366489587516e+00 1.296874487695379274e+00 1.296112429884491268e+00 1.295713858990537037e+00 1.295675760051339998e+00 1.295998130008038540e+00 1.296664931549351252e+00 1.297171508324949762e+00 1.297027232680781683e+00 1.296238114148369869e+00 1.295346880996022021e+00 1.294855183279151056e+00 1.294730967786591025e+00 1.294971228733265756e+00 1.295537902358844251e+00 1.295933341563244579e+00 1.295684945244105490e+00 1.294798723441770827e+00 1.293836419991324815e+00 1.293291675468965840e+00 1.293118420202999275e+00 1.293313645350813834e+00 1.293826282642400072e+00 1.294165699833450089e+00 1.293872304408237861e+00 1.292960110790587480e+00 1.291994863732859544e+00 1.291462183120463569e+00 1.291316012532872204e+00 1.291554348453567869e+00 1.292145161627044292e+00 1.292613842846961347e+00 1.292479754010038340e+00 1.291740897207041217e+00 1.290925937352024100e+00 1.290510483880135117e+00 1.290477535441918899e+00 1.290824090330949137e+00 1.291540168176179115e+00 1.292132137582728824e+00 1.292082289778271553e+00 1.291381612508444965e+00 1.290558748754999652e+00 1.290113337912566882e+00 1.290029404871601004e+00 1.290304951725723015e+00 1.290908988219361397e+00 1.291339876552864308e+00 1.291115931473186595e+00 1.290251160263780950e+00 1.289308239656658861e+00 1.288784801431510418e+00 1.288640862986803137e+00 1.288875426137083613e+00 1.289453521186917806e+00 1.289894529945173840e+00 1.289721752438272251e+00 1.288939182943946493e+00 1.288083445256463122e+00 1.287634158358172742e+00 1.287565370459241576e+00 1.287874084965499488e+00 1.288541360400918379e+00 1.289073560315504352e+00 1.288966930010246426e+00 1.288215454840877960e+00 1.287355747279590235e+00 1.286883453936403132e+00 1.286773636103284657e+00 1.287025296622428039e+00 1.287602476454344336e+00 1.288009532060007789e+00 1.287774746038387264e+00 1.286911126945167183e+00 1.285981324735721465e+00 1.285472977563522301e+00 1.285347130870404087e+00 1.285603788750502297e+00 1.286218007519442708e+00 1.286721168135241955e+00 1.286631545216827321e+00 1.285953134025647371e+00 1.285200530140955699e+00 1.284839352448307492e+00 1.284864678686367556e+00 1.285277514200773075e+00 1.286089958504882391e+00 1.286826378172309049e+00 1.286953987651058284e+00 1.286464764137071226e+00 1.285837275113711264e+00 1.285556160635665579e+00 1.285643527095591265e+00 1.286102382339198602e+00 1.286956825032624430e+00 1.287719206754091905e+00 1.287855747808708928e+00 1.287360437623721987e+00 1.286719859782150088e+00 1.286423670848295453e+00 1.286491958875241925e+00 1.286927728633386891e+00 1.287747054992863793e+00 1.288456276899416331e+00 1.288530642771653634e+00 1.287965142258066020e+00 1.287255396320439171e+00 1.286901067861496939e+00 1.286905210918993792e+00 1.287269825422903580e+00 1.287988938787968163e+00 1.288559877174596968e+00 1.288478935718075480e+00 1.287744109352054300e+00 1.286886079146257522e+00 1.286408524811595067e+00 1.286288434066375830e+00 1.286519806608745098e+00 1.287057596023813533e+00 1.287390112610671045e+00 1.287049720562031707e+00 1.286042424798847561e+00 1.284956006293324293e+00 1.284315164812742216e+00 1.284067840070679312e+00
1.293150055763958806e+00 1.293354322728941685e+00 1.293865987311010990e+00 1.294681042985860620e+00 1.295483074269980550e+00 1.295805470221977673e+00 1.295636213308734686e+00 1.295329780739652215e+00 1.295197578185660392e+00 1.295305687548931273e+00 1.295658113314308357e+00 1.296241829562069903e+00 1.296755440049319530e+00 1.296793419691389504e+00 1.296355774606801514e+00 1.295839036486506002e+00 1.295546600501655377e+00 1.295503490731595209e+00 1.295708705417772943e+00 1.296119172005483211e+00 1.296434499069979207e+00 1.296282211908474258e+00 1.295670321020652382e+00 1.295019397238073022e+00 1.294626825690466054e+00 1.294492595673236046e+00 1.294614698572434719e+00 1.294928044049168170e+00 1.295136237518311750e+00 1.294879830191829839e+00 1.294169832747232629e+00 1.293442829365658575e+00 1.292993202960248889e+00 1.292806927385024229e+00 1.292879994077596573e+00 1.293139303729330170e+00 1.293286470979529090e+00 1.292979050428785470e+00 1.292230065954210305e+00 1.291488100412709894e+00 1.291044531952938001e+00 1.290885344622088926e+00 1.291009532075491295e+00 1.291361038146358275e+00 1.291655490370095638e+00 1.291525406525208419e+00 1.290973784752654119e+00 1.290404137448365685e+00 1.290101829662043453e+00 1.290078895746025189e+00 1.290331334274550157e+00 1.290825127261555183e+00 1.291257888945892995e+00 1.291227062309967533e+00 1.290722635379682792e+00 1.290152093421086610e+00 1.289815828364751615e+00 1.289729898939136588e+00 1.289892306728198434e+00 1.290247023629059964e+00 1.290487663488317338e+00 1.290251698823358550e+00 1.289553138447424585e+00 1.288837505861247124e+00 1.288404193269916620e+00 1.288247244708011996e+00 1.288363667147152780e+00 1.288697449360041158e+00 1.288959220314534138e+00 1.288787440981216337e+00 1.288188105072260115e+00 1.287575681502915348e+00 1.287235546521522389e+00 1.287173776547264836e+00 1.287384375836825523e+00 1.287826360631771028e+00 1.288196343965565704e+00 1.288104730333866854e+00 1.287545501004863535e+00 1.286933115109309966e+00 1.286564972562668663e+00 1.286451158931184446e+00 1.286588679671169411e+00 1.286914536919332885e+00 1.287130335645859436e+00 1.286879525037975425e+00 1.286178109213094167e+00 1.285468593938156046e+00 1.285047373285281846e+00 1.284906518095652483e+00 1.285047034223247175e+00 1.285418936535153600e+00 1.285741852465122292e+00 1.285651221125701182e+00 1.285150035506479105e+00 1.284633742115903088e+00 1.284381718932972705e+00 1.284417066359830883e+00 1.284737793167776587e+00 1.285331949441995247e+00 1.285910154443920650e+00 1.286056782514328978e+00 1.285759808418679873e+00 1.285383649642083848e+00 1.285219700184285996e+00 1.285318089089608762e+00 1.285681826766486457e+00 1.286304964176570476e+00 1.286898112882086886e+00 1.287043663118649706e+00 1.286736597870787424e+00 1.286346351593558701e+00 1.286166323362712083e+00 1.286242628044482306e+00 1.286579272170268462e+00 1.287162283926458040e+00 1.287699271631759901e+00 1.287782647711465556e+00 1.287407398736285291e+00 1.286952988553403898e+00 1.286712818818831927e+00 1.286722971418848394e+00 1.286982450237084574e+00 1.287458241286268512e+00 1.287852942529081002e+00 1.287779008783385359e+00 1.287236436453041311e+00 1.286632745887797080e+00 1.286266338321377711e+00 1.286143248452255694e+00 1.286260469968394826e+00 1.286548926497145473e+00 1.286702203734695349e+00 1.286369820644903461e+00 1.285563794772813351e+00 1.284749737349616616e+00 1.284240070169085479e+00 1.284035803721831126e+00
1.293270184698813052e+00 1.293473448885486654e+00 1.293980108243987903e+00 1.294786156250018694e+00 1.295582179532347666e+00 1.295903572196353881e+00 1.295737318009660077e+00 1.295435889644745320e+00 1.295305687548931273e+00 1.295411793395452760e+00 1.295758211669123305e+00 1.296331914410908892e+00 1.296834511673157442e+00 1.296865480535886794e+00 1.296423826378878541e+00 1.295906081402855792e+00 1.295610639633523409e+00 1.295562521581663962e+00 1.295760726508267346e+00 1.296160180380967697e+00 1.296463489403916647e+00 1.296300184430288605e+00 1.295677275220913138e+00 1.295018334314214759e+00 1.294619750688337012e+00 1.294480510351252889e+00 1.294596607288526657e+00 1.294903945274378465e+00 1.295102127787157276e+00 1.294835699820846342e+00 1.294110677022237255e+00 1.293369648006332362e+00 1.292909004299049647e+00 1.292715714378118053e+00 1.292782773579319366e+00 1.293034076809492339e+00 1.293167225049801861e+00 1.292836770683662317e+00 1.292055737078437794e+00 1.291282722635544777e+00 1.290820123315983059e+00 1.290650919930327545e+00 1.290774109701298356e+00 1.291135629786217542e+00 1.291438096583671813e+00 1.291313014392733827e+00 1.290760386781389935e+00 1.290189727522243368e+00 1.289892422408337236e+00 1.289882506250429772e+00 1.290156974794102407e+00 1.290681816678769911e+00 1.291147624149943329e+00 1.291137829336159060e+00 1.290647412741770417e+00 1.290080870671876712e+00 1.289746603517283541e+00 1.289660676633867409e+00 1.289824087703584476e+00 1.290174811329351634e+00 1.290405442770800493e+00 1.290149454651583927e+00 1.289421854482640573e+00 1.288678180292321729e+00 1.288225840396654220e+00 1.288055879165192374e+00 1.288169299890268293e+00 1.288506094513137912e+00 1.288768876400635532e+00 1.288597097565121752e+00 1.287992754890014524e+00 1.287375322003425859e+00 1.287037190020826172e+00 1.286985436608909072e+00 1.287214064492665955e+00 1.287683092182680067e+00 1.288080117900494592e+00 1.288004532920837164e+00 1.287453314081254740e+00 1.286840927155291414e+00 1.286470782615970476e+00 1.286355967729309713e+00 1.286490492385967244e+00 1.286812349234558228e+00 1.287015135813674105e+00 1.286740297792093202e+00 1.286003838775477304e+00 1.285260278489350316e+00 1.284816029117705538e+00 1.284662155647236181e+00 1.284797669622666394e+00 1.285173579994737247e+00 1.285498500976058889e+00 1.285402867485798017e+00 1.284891669890624311e+00 1.284365362476601602e+00 1.284112340091450255e+00 1.284158701760582222e+00 1.284499458144313877e+00 1.285126660735774973e+00 1.285738912278865387e+00 1.285908573671457278e+00 1.285625619101085304e+00 1.285255469350987445e+00 1.285097527382305538e+00 1.285204928034362037e+00 1.285579682518063427e+00 1.286218843489554953e+00 1.286828015756877441e+00 1.286985584049714415e+00 1.286688529745910303e+00 1.286303292787417396e+00 1.286128271823842706e+00 1.286210585534260264e+00 1.286554240450145103e+00 1.287147266741490492e+00 1.287697270161439089e+00 1.287792662759899898e+00 1.287429431329947471e+00 1.286985035682719269e+00 1.286751876225866731e+00 1.286767036607173287e+00 1.287030519905409287e+00 1.287510313894649761e+00 1.287910022405551302e+00 1.287843099964545379e+00 1.287311540338307525e+00 1.286717863282338836e+00 1.286356465037644226e+00 1.286235378178569810e+00 1.286351598446642708e+00 1.286636048955788647e+00 1.286787322670149836e+00 1.286455942882535508e+00 1.285655924499879532e+00 1.284849877062504975e+00 1.284343217220947020e+00 1.284140952243205236e+00
1.293532498592657509e+00 1.293776816524033535e+00 1.294405638927210500e+00 1.295466018371034478e+00 1.296452293686432666e+00 1.296778691574168585e+00 1.296438205843333025e+00 1.295899462679560132e+00 1.295658113314308357e+00 1.295758211669123305e+00 1.296203760699215390e+00 1.297007769499554763e+00 1.297683588900303553e+00 1.297706545734958139e+00 1.297078639952734980e+00 1.296314566901961118e+00 1.295907978883616751e+00 1.295855854818283470e+00 1.296157194986423677e+00 1.296788954355990064e+00 1.297258479836347789e+00 1.297081151265617738e+00 1.296259975449267188e+00 1.295343689676150101e+00 1.294832957024373732e+00 1.294691713171808756e+00 1.294915954652254619e+00 1.295465609602207691e+00 1.295834011528844254e+00 1.295552559737431331e+00 1.294623259274174432e+00 1.293614869849229798e+00 1.293039070822475045e+00 1.292841776927138975e+00 1.293019981359127879e+00 1.293515608636273573e+00 1.293811969077772295e+00 1.293451472155596749e+00 1.292441129668195909e+00 1.291372715266162263e+00 1.290780939577312880e+00 1.290602722404849745e+00 1.290841062399337158e+00 1.291470942102671993e+00 1.291965663934877995e+00 1.291843585487191470e+00 1.291104706759695686e+00 1.290272695597501240e+00 1.289872246575684001e+00 1.289881351080576444e+00 1.290293001902168779e+00 1.291114241423997333e+00 1.291805353288000058e+00 1.291822594729177265e+00 1.291159955197767051e+00 1.290347078416657300e+00 1.289904663142683816e+00 1.289822735127281961e+00 1.290099295445453098e+00 1.290698356773960720e+00 1.291097223985998577e+00 1.290814208261815033e+00 1.289860315686166770e+00 1.288823252678671372e+00 1.288241731292960823e+00 1.288060749173246755e+00 1.288283313131042052e+00 1.288879462261637521e+00 1.289326500928965391e+00 1.289150727294854581e+00 1.288353139544496040e+00 1.287472357335395445e+00 1.287029076881413658e+00 1.286993338330272740e+00 1.287357139357219182e+00 1.288114562376047711e+00 1.288729890917708509e+00 1.288674342649506643e+00 1.287944901049529189e+00 1.287079182394590848e+00 1.286599883359042629e+00 1.286486063579697081e+00 1.286732730618226350e+00 1.287300922199838160e+00 1.287667942671594901e+00 1.287362073100412063e+00 1.286393318804727848e+00 1.285350365270000017e+00 1.284771929157929815e+00 1.284603030815854696e+00 1.284847680355653887e+00 1.285483943466450674e+00 1.285992119523735155e+00 1.285890486730589144e+00 1.285183038811134271e+00 1.284385375665865192e+00 1.284022196493304291e+00 1.284079569843649571e+00 1.284555494757029015e+00 1.285479096066626914e+00 1.286317659968494898e+00 1.286516365761183556e+00 1.286067202425864586e+00 1.285451729916474495e+00 1.285186637972029589e+00 1.285299041276725562e+00 1.285792945849002722e+00 1.286700465980987307e+00 1.287512916782134642e+00 1.287684511269700627e+00 1.287216237865135726e+00 1.286590681311932327e+00 1.286308514470414277e+00 1.286395828266559738e+00 1.286853629077939098e+00 1.287704000290747164e+00 1.288450273001577662e+00 1.288560687916976644e+00 1.288031240552284240e+00 1.287354539400333175e+00 1.287021240234701214e+00 1.287042403999782536e+00 1.287417033553083012e+00 1.288142157488159301e+00 1.288729116360902482e+00 1.288670205959931314e+00 1.287966422910404418e+00 1.287141441084490801e+00 1.286681910245369487e+00 1.286568828751675220e+00 1.286796195788193931e+00 1.287317961124671006e+00 1.287642467726227924e+00 1.287306083238176857e+00 1.286316811483650513e+00 1.285257430788015354e+00 1.284629607074772251e+00 1.284386287839083929e+00
