1.770438283545858269e+02 1.770438259649771737e+02 1.770438215517390006e+02 1.770438210108804356e+02 1.770438342713167970e+02 1.770438704921659792e+02 1.770439323767411395e+02 1.770440042457843219e+02 1.770440672558830215e+02 1.770441302736936962e+02 1.770441886884401299e+02 1.770442574268447231e+02 1.770443435883497045e+02 1.770444460215589118e+02 1.770445730533754727e+02 1.770447000107135125e+02 1.770448119324169909e+02 1.770449233429317815e+02 1.770450279393355117e+02 1.770451457309173406e+02 1.770452786589749223e+02 1.770454241311325632e+02 1.770455841982796699e+02 1.770457375689788648e+02 1.770458709678030402e+02 1.770460006894655578e+02 1.770461220142811101e+02 1.770462556469882998e+02 1.770464003521381926e+02 1.770465432575942657e+02 1.770466912558331956e+02 1.770468259729905469e+02 1.770469390880449794e+02 1.770470466248748949e+02 1.770471445131740325e+02 1.770472456312872964e+02 1.770473463737675957e+02 1.770474342576276854e+02 1.770475142528188996e+02 1.770475788156178396e+02 1.770476256240540636e+02 1.770476637599374783e+02 1.770476900637781057e+02 1.770477054663948877e+02 1.770477058622675770e+02 1.770476866569519245e+02 1.770476456252856963e+02 1.770475919710242749e+02 1.770475309690741597e+02 1.770474584865736745e+02 1.770473722518388513e+02 1.770472595085088301e+02 1.770471141534330002e+02 1.770469467901876897e+02 1.770467473959194820e+02 1.770465454498319389e+02 1.770463510018136049e+02 1.770461417224513241e+02 1.770459241254019673e+02 1.770456604244263588e+02 1.770453525590272363e+02 1.770450308522946443e+02 1.770446788772208322e+02 1.770443391214972166e+02 1.770440261374044155e+02 1.770436978632922944e+02 1.770433635821136988e+02 1.770429740651721602e+02 1.770425375431840962e+02 1.770421025627039455e+02 1.770416446454747472e+02 1.770412167395332688e+02 1.770408302574808488e+02 1.770404292874621319e+02 1.770400272676964448e+02 1.770395647978218108e+02 1.770390556539556997e+02 1.770385651014150596e+02 1.770380609234432825e+02 1.770376003930582272e+02 1.770371883116105209e+02 1.770367651220948062e+02 1.770363403710321677e+02 1.770358576204338021e+02 1.770353371443642345e+02 1.770348433502242642e+02 1.770343485482872552e+02 1.770339013220251729e+02 1.770335077608664847e+02 1.770331004880373484e+02 1.770326974727604750e+02 1.770322394811943241e+02 1.770317499229064708e+02 1.770312964013051271e+02 1.770308490666189982e+02 1.770304511801862759e+02 1.770301012884778800e+02 1.770297399616402458e+02 1.770293825425853811e+02 1.770289764274918980e+02 1.770285494805945348e+02 1.770281588351884068e+02 1.770277816061107501e+02 1.770274494547173560e+02 1.770271596156974567e+02 1.770268603485833410e+02 1.770265624157215711e+02 1.770262249867771516e+02 1.770258736710178482e+02 1.770255589943317887e+02 1.770252651366070609e+02 1.770250102741814544e+02 1.770247871765141099e+02 1.770245572543707908e+02 1.770243251060971943e+02 1.770240660790097991e+02 1.770238008017454661e+02 1.770235709779485376e+02 1.770233644170035348e+02 1.770231907004040295e+02 1.770230412369245130e+02 1.770228839454771332e+02 1.770227257112373991e+02 1.770225499958392845e+02 1.770223740856517054e+02 1.770222330302935063e+02 1.770221204791610319e+02 1.770220324675991321e+02 1.770219571674411156e+02 1.770218773219556283e+02 1.770217970210978535e+02 1.770217067976073793e+02 1.770216267537330737e+02 1.770215816359769292e+02 1.770215659828467381e+02 1.770215701858890895e+02 1.770215773616031356e+02 1.770215800798964949e+02
1.770438259649771737e+02 1.770438221049092533e+02 1.770438136436250147e+02 1.770438041638079767e+02 1.770438135114661122e+02 1.770438497456579512e+02 1.770439142314815228e+02 1.770439925875382130e+02 1.770440614536005057e+02 1.770441256893928141e+02 1.770441820505022008e+02 1.770442440759219949e+02 1.770443258218997755e+02 1.770444270362984582e+02 1.770445562591383748e+02 1.770446886768462775e+02 1.770448078938596836e+02 1.770449213826283028e+02 1.770450247773982255e+02 1.770451375598264292e+02 1.770452660293264557e+02 1.770454074924952295e+02 1.770455705975516310e+02 1.770457290813930342e+02 1.770458687170775249e+02 1.770460023263236451e+02 1.770461245860428505e+02 1.770462531857710076e+02 1.770463923975290186e+02 1.770465328070006592e+02 1.770466828260049112e+02 1.770468236093627752e+02 1.770469428058573840e+02 1.770470530693557976e+02 1.770471502687656482e+02 1.770472495769984391e+02 1.770473454834062750e+02 1.770474336093472800e+02 1.770475152922301163e+02 1.770475833380238271e+02 1.770476326481525007e+02 1.770476720978680873e+02 1.770476983906217185e+02 1.770477107971262853e+02 1.770477102773147067e+02 1.770476910885305699e+02 1.770476534351371640e+02 1.770476035059494393e+02 1.770475433357768509e+02 1.770474673810923321e+02 1.770473796916512015e+02 1.770472632843280394e+02 1.770471186889063233e+02 1.770469552237407527e+02 1.770467617272354062e+02 1.770465604821111754e+02 1.770463649823611263e+02 1.770461505705457057e+02 1.770459266755005387e+02 1.770456581052530964e+02 1.770453543144817843e+02 1.770450393963172928e+02 1.770446932514757350e+02 1.770443555657654144e+02 1.770440374988035614e+02 1.770437026441300929e+02 1.770433583148717958e+02 1.770429638766492246e+02 1.770425307330623639e+02 1.770421040804797599e+02 1.770416560682224940e+02 1.770412304215021493e+02 1.770408390469366680e+02 1.770404287169438931e+02 1.770400137614151390e+02 1.770395457467220695e+02 1.770390416687303912e+02 1.770385606481420666e+02 1.770380693491582633e+02 1.770376097408444878e+02 1.770371936230998813e+02 1.770367584811617405e+02 1.770363235330820260e+02 1.770358330890012439e+02 1.770353160444355183e+02 1.770348320649588061e+02 1.770343500584128265e+02 1.770339079842451326e+02 1.770335076515104049e+02 1.770330918224288723e+02 1.770326755621316863e+02 1.770322097792679017e+02 1.770317249477887742e+02 1.770312782167912928e+02 1.770308443738398978e+02 1.770304521847499473e+02 1.770300987677590854e+02 1.770297295192688978e+02 1.770293596111880845e+02 1.770289460711956622e+02 1.770285198218288372e+02 1.770281370016312223e+02 1.770277722717491997e+02 1.770274471056427785e+02 1.770271538095680910e+02 1.770268485109529024e+02 1.770265399524906798e+02 1.770261933714511144e+02 1.770258437463384382e+02 1.770255360944028382e+02 1.770252502835803057e+02 1.770250021580293662e+02 1.770247796416858250e+02 1.770245444155415839e+02 1.770243036069342111e+02 1.770240357505083750e+02 1.770237698923199616e+02 1.770235444644656866e+02 1.770233453052453001e+02 1.770231807354232387e+02 1.770230315052612866e+02 1.770228711414193867e+02 1.770227059547022179e+02 1.770225204489126156e+02 1.770223420971431665e+02 1.770222048401702466e+02 1.770220984688134820e+02 1.770220191949102571e+02 1.770219473413727940e+02 1.770218651937937295e+02 1.770217782268677809e+02 1.770216801355137193e+02 1.770215970456033290e+02 1.770215523440587333e+02 1.770215425717647122e+02 1.770215549590252522e+02 1.770215675408217066e+02 1.770215735439510922e+02
1.770438215517390006e+02 1.770438136436250147e+02 1.770437879875700560e+02 1.770437519349862328e+02 1.770437469201929446e+02 1.770437812920353053e+02 1.770438552623226371e+02 1.770439584360336767e+02 1.770440470592902500e+02 1.770441153608846321e+02 1.770441645429777111e+02 1.770442018346050759e+02 1.770442661227307610e+02 1.770443632194753150e+02 1.770444970701181830e+02 1.770446560212112388e+02 1.770447969132021910e+02 1.770449179919911842e+02 1.770450187518469249e+02 1.770451107341058616e+02 1.770452215534302525e+02 1.770453554303102806e+02 1.770455203186799338e+02 1.770457028073759602e+02 1.770458655461235935e+02 1.770460095951073924e+02 1.770461299809937259e+02 1.770462436587194759e+02 1.770463655854223077e+02 1.770464994488257844e+02 1.770466507399574994e+02 1.770468125185768997e+02 1.770469503078317075e+02 1.770470703723182453e+02 1.770471673715111649e+02 1.770472521314314065e+02 1.770473359126741855e+02 1.770474197743525053e+02 1.770475062274546474e+02 1.770475902628671747e+02 1.770476536727021255e+02 1.770476967085205047e+02 1.770477180125004963e+02 1.770477205544277410e+02 1.770477132021347870e+02 1.770476965698098297e+02 1.770476697601804119e+02 1.770476304998202579e+02 1.770475746846117886e+02 1.770474951340785310e+02 1.770473955279679785e+02 1.770472690275574905e+02 1.770471255148408432e+02 1.770469725485340859e+02 1.770467978803134770e+02 1.770466067576367379e+02 1.770464014377789113e+02 1.770461748460316755e+02 1.770459260020032559e+02 1.770456445097165954e+02 1.770453511372503215e+02 1.770450527226094266e+02 1.770447370116979471e+02 1.770444056281274641e+02 1.770440721991718647e+02 1.770437149003450088e+02 1.770433365202791265e+02 1.770429233103190541e+02 1.770425077415300734e+02 1.770421038593771073e+02 1.770416919618693044e+02 1.770412766162946809e+02 1.770408633178354876e+02 1.770404263104234985e+02 1.770399709444052689e+02 1.770394787162175589e+02 1.770389965842234119e+02 1.770385404455369667e+02 1.770380896141938365e+02 1.770376446819174987e+02 1.770372073373523278e+02 1.770367450041926531e+02 1.770362648110090049e+02 1.770357477662918484e+02 1.770352521363130052e+02 1.770347938450265417e+02 1.770343532096241290e+02 1.770339290533956671e+02 1.770335111484123445e+02 1.770330699639093552e+02 1.770326089130131493e+02 1.770321131519959863e+02 1.770316451594206058e+02 1.770312238474094784e+02 1.770308297429031370e+02 1.770304602110402925e+02 1.770300930259315635e+02 1.770297015873238990e+02 1.770292890748149830e+02 1.770288442917269549e+02 1.770284318309526554e+02 1.770280697645218595e+02 1.770277413294928408e+02 1.770274419365321137e+02 1.770271421834810042e+02 1.770268182358575473e+02 1.770264695683273430e+02 1.770260924799028146e+02 1.770257505119273844e+02 1.770254586079306023e+02 1.770252063224349968e+02 1.770249859613046794e+02 1.770247615392332534e+02 1.770245125770429411e+02 1.770242390166429516e+02 1.770239374975534190e+02 1.770236730834381547e+02 1.770234610408776632e+02 1.770232893833128003e+02 1.770231530517178555e+02 1.770230096532265520e+02 1.770228403259300194e+02 1.770226452505368968e+02 1.770224264258503979e+02 1.770222461767692437e+02 1.770221156967168383e+02 1.770220316916348509e+02 1.770219822225678286e+02 1.770219223046473473e+02 1.770218356579231909e+02 1.770217257178886712e+02 1.770215957102277855e+02 1.770215033363220414e+02 1.770214619224720138e+02 1.770214687905953781e+02 1.770215135872702774e+02 1.770215457121049667e+02 1.770215563732677424e+02
1.770438210108804356e+02 1.770438041638079767e+02 1.770437519349862328e+02 1.770436789329674809e+02 1.770436608780005088e+02 1.770436919810603627e+02 1.770437715255482374e+02 1.770439114079256910e+02 1.770440330529283983e+02 1.770441078677099256e+02 1.770441418720799334e+02 1.770441434582279783e+02 1.770441879260603173e+02 1.770442792889312500e+02 1.770444134752444540e+02 1.770446089441731772e+02 1.770447879434718459e+02 1.770449221639458699e+02 1.770450156738497753e+02 1.770450744833576380e+02 1.770451612010861595e+02 1.770452887093659058e+02 1.770454492947432357e+02 1.770456675311890251e+02 1.770458717359542220e+02 1.770460294780097286e+02 1.770461510630676401e+02 1.770462323684602666e+02 1.770463285700394636e+02 1.770464569497509899e+02 1.770466077006668684e+02 1.770468014888488995e+02 1.770469788032204406e+02 1.770471101221833976e+02 1.770472049649985422e+02 1.770472609305751348e+02 1.770473251082212869e+02 1.770474058005694928e+02 1.770474975295707623e+02 1.770476127868974743e+02 1.770477042188359746e+02 1.770477528459015275e+02 1.770477625084322995e+02 1.770477392079509400e+02 1.770477212476939144e+02 1.770477085278233460e+02 1.770476990032279900e+02 1.770476894682595344e+02 1.770476437352110395e+02 1.770475603064687107e+02 1.770474314682091119e+02 1.770472790994721493e+02 1.770471401006894325e+02 1.770469978010390832e+02 1.770468554758028574e+02 1.770466924061957172e+02 1.770464805479011829e+02 1.770462317409512423e+02 1.770459343808225299e+02 1.770456278040299480e+02 1.770453514068297807e+02 1.770450737642168804e+02 1.770448042967555864e+02 1.770445038734184777e+02 1.770441416320843473e+02 1.770437513886497243e+02 1.770433073940369297e+02 1.770428655838488794e+02 1.770424817585571873e+02 1.770421021040985465e+02 1.770417480811622113e+02 1.770413658340807501e+02 1.770409165785998482e+02 1.770404400740398785e+02 1.770399061569380876e+02 1.770393838202633106e+02 1.770389396517942373e+02 1.770385117823254291e+02 1.770381236567778274e+02 1.770377162999728000e+02 1.770372403349924468e+02 1.770367372576750711e+02 1.770361739707688287e+02 1.770356238809525848e+02 1.770351681910064201e+02 1.770347413113518371e+02 1.770343604025795798e+02 1.770339761318993226e+02 1.770335247880162228e+02 1.770330441601596760e+02 1.770325031297596468e+02 1.770319727502273111e+02 1.770315426827874887e+02 1.770311501759969417e+02 1.770308118409524241e+02 1.770304831594390862e+02 1.770300909994321330e+02 1.770296642421041895e+02 1.770291782367287681e+02 1.770286982965371294e+02 1.770283158587590435e+02 1.770279792483926258e+02 1.770277010843632866e+02 1.770274426752213515e+02 1.770271277864518140e+02 1.770267754311286126e+02 1.770263611905184860e+02 1.770259469467355018e+02 1.770256263742460874e+02 1.770253552611739565e+02 1.770251453282564569e+02 1.770249674970901026e+02 1.770247395696719650e+02 1.770244674122170352e+02 1.770241352824403407e+02 1.770237968882997563e+02 1.770235457892005115e+02 1.770233482455052183e+02 1.770232105193147447e+02 1.770231169881993765e+02 1.770229791573781597e+02 1.770227957098764477e+02 1.770225526449319773e+02 1.770222945972936941e+02 1.770221188523071874e+02 1.770219965648831248e+02 1.770219384571541923e+02 1.770219316904856726e+02 1.770218877678912008e+02 1.770217938819750998e+02 1.770216442612381229e+02 1.770214741874010826e+02 1.770213779807662604e+02 1.770213404750351458e+02 1.770213622685259338e+02 1.770214505569408061e+02 1.770215137326023580e+02 1.770215319728776535e+02
1.770438342713167970e+02 1.770438135114661122e+02 1.770437469201929446e+02 1.770436608780005088e+02 1.770436356734052197e+02 1.770436654835031618e+02 1.770437487891992703e+02 1.770439022099799615e+02 1.770440381628927753e+02 1.770441175944018823e+02 1.770441467847474826e+02 1.770441371024266175e+02 1.770441726805031522e+02 1.770442621565980801e+02 1.770443971381857864e+02 1.770446082391370339e+02 1.770448084868117178e+02 1.770449501719510295e+02 1.770450424107985725e+02 1.770450877627232558e+02 1.770451657781775907e+02 1.770452913853981727e+02 1.770454554041187691e+02 1.770456890411591644e+02 1.770459164436294657e+02 1.770460860571206183e+02 1.770462044278543488e+02 1.770462723608511340e+02 1.770463625133860432e+02 1.770464872280945201e+02 1.770466427694729248e+02 1.770468557961266072e+02 1.770470567002487314e+02 1.770471979474514512e+02 1.770472901352216013e+02 1.770473324752188660e+02 1.770473879804914361e+02 1.770474692207030500e+02 1.770475686861367421e+02 1.770477045800542157e+02 1.770478155661859319e+02 1.770478700623638701e+02 1.770478716362557634e+02 1.770478331722861753e+02 1.770478085823753815e+02 1.770477985176107438e+02 1.770478013468833751e+02 1.770478132140271441e+02 1.770477805977008359e+02 1.770476960477170394e+02 1.770475498737519615e+02 1.770473814409157569e+02 1.770472400851743089e+02 1.770471028635366793e+02 1.770469780952203109e+02 1.770468353950470259e+02 1.770466249835065753e+02 1.770463647663233360e+02 1.770460393412679423e+02 1.770457143229267842e+02 1.770454408620243782e+02 1.770451691419099802e+02 1.770449206135786824e+02 1.770446371461304693e+02 1.770442688158323392e+02 1.770438552819117888e+02 1.770433750279139247e+02 1.770429146813268346e+02 1.770425385252512456e+02 1.770421711522758983e+02 1.770418385296858048e+02 1.770414720185046633e+02 1.770410103729136040e+02 1.770405066594454127e+02 1.770399349998570244e+02 1.770393950891291865e+02 1.770389630845600379e+02 1.770385487704679974e+02 1.770381836399127451e+02 1.770377903460836819e+02 1.770373005640360020e+02 1.770367692664737831e+02 1.770361686169926259e+02 1.770356039272127475e+02 1.770351604979941840e+02 1.770347468936083999e+02 1.770343910828085541e+02 1.770340201131381264e+02 1.770335551728621795e+02 1.770330488826833459e+02 1.770324722848841361e+02 1.770319300188659213e+02 1.770315130455475412e+02 1.770311335094905019e+02 1.770308176365878126e+02 1.770305013690422413e+02 1.770300996938215690e+02 1.770296519313110082e+02 1.770291329467116839e+02 1.770286414404385198e+02 1.770282696773669215e+02 1.770279464662295936e+02 1.770276859529023739e+02 1.770274427576934215e+02 1.770271208250763664e+02 1.770267497076271184e+02 1.770263085694701317e+02 1.770258831557266319e+02 1.770255711203090243e+02 1.770253111433825381e+02 1.770251171004454704e+02 1.770249522661633534e+02 1.770247221804497713e+02 1.770244367306309812e+02 1.770240810682310553e+02 1.770237304944961920e+02 1.770234860137597934e+02 1.770232960648335450e+02 1.770231716464792555e+02 1.770230906771039372e+02 1.770229546252864736e+02 1.770227612822771732e+02 1.770224997353705021e+02 1.770222299053962161e+02 1.770220571630005963e+02 1.770219399886055101e+02 1.770218893122214183e+02 1.770218957253198653e+02 1.770218582393566749e+02 1.770217598371525014e+02 1.770215973023215668e+02 1.770214157773930310e+02 1.770213178307630812e+02 1.770212804690567907e+02 1.770213091641526546e+02 1.770214098486839305e+02 1.770214865210599271e+02 1.770215100769795242e+02
1.770438704921659792e+02 1.770438497456579512e+02 1.770437812920353053e+02 1.770436919810603627e+02 1.770436654835031618e+02 1.770436964190167259e+02 1.770437815574993010e+02 1.770439390988508421e+02 1.770440794279223837e+02 1.770441612659045632e+02 1.770441887101462726e+02 1.770441773474178717e+02 1.770442141382250725e+02 1.770443055158721961e+02 1.770444461444799913e+02 1.770446628449032573e+02 1.770448696423785293e+02 1.770450145232921386e+02 1.770451067703180001e+02 1.770451526347897016e+02 1.770452316119753959e+02 1.770453600410324100e+02 1.770455310435194747e+02 1.770457758329022226e+02 1.770460127576954505e+02 1.770461862062298053e+02 1.770463059782405821e+02 1.770463740795574665e+02 1.770464618477583940e+02 1.770465939022373334e+02 1.770467590957723871e+02 1.770469840248591140e+02 1.770471967178120565e+02 1.770473448013863731e+02 1.770474353821107911e+02 1.770474737802823029e+02 1.770475304655096238e+02 1.770476154344388249e+02 1.770477273248029917e+02 1.770478774902874193e+02 1.770479997259071752e+02 1.770480603397140840e+02 1.770480560426775867e+02 1.770480096931920286e+02 1.770479846568776736e+02 1.770479781863545838e+02 1.770479916594206315e+02 1.770480187722203880e+02 1.770479985356801649e+02 1.770479143008311382e+02 1.770477620272867227e+02 1.770475821356141921e+02 1.770474357959595864e+02 1.770472982781910503e+02 1.770471812575431159e+02 1.770470504819638506e+02 1.770468474766140901e+02 1.770465851803799637e+02 1.770462488129136887e+02 1.770459067369662876e+02 1.770456228995890058e+02 1.770453504412904522e+02 1.770451028331625025e+02 1.770448277348614567e+02 1.770444616447163071e+02 1.770440431308879283e+02 1.770435486180127498e+02 1.770430710179936113e+02 1.770426832614999455e+02 1.770423098965142685e+02 1.770419787338442177e+02 1.770416143492427636e+02 1.770411535808854353e+02 1.770406454536985166e+02 1.770400602118968436e+02 1.770395083342971532e+02 1.770390656184118257e+02 1.770386469571569990e+02 1.770382803075584093e+02 1.770378890949270954e+02 1.770373980217787278e+02 1.770368618399525928e+02 1.770362501197478196e+02 1.770356760086306167e+02 1.770352262689778513e+02 1.770348096011857137e+02 1.770344515051293968e+02 1.770340793261786416e+02 1.770336140836435845e+02 1.770331038840163274e+02 1.770325191930396329e+02 1.770319719366993354e+02 1.770315488343739787e+02 1.770311670893349003e+02 1.770308498169118252e+02 1.770305336533700995e+02 1.770301303708259297e+02 1.770296791981581066e+02 1.770291565423908082e+02 1.770286607338766771e+02 1.770282881855555388e+02 1.770279600321475186e+02 1.770277018841813117e+02 1.770274559396649465e+02 1.770271340757427652e+02 1.770267619059049480e+02 1.770263169038320541e+02 1.770258878810792282e+02 1.770255764057349666e+02 1.770253147409191570e+02 1.770251214964184499e+02 1.770249559870031533e+02 1.770247239503488004e+02 1.770244377020658533e+02 1.770240809120003007e+02 1.770237298658286988e+02 1.770234838373965260e+02 1.770232936586535004e+02 1.770231695803254581e+02 1.770230882707266460e+02 1.770229503581170718e+02 1.770227563732609894e+02 1.770224938066478728e+02 1.770222247341866932e+02 1.770220499553058460e+02 1.770219329455337913e+02 1.770218831032981655e+02 1.770218885936462812e+02 1.770218501667992825e+02 1.770217523205172654e+02 1.770215895010261420e+02 1.770214071730206626e+02 1.770213092814500158e+02 1.770212734904939964e+02 1.770213011530334768e+02 1.770214014153028472e+02 1.770214784541105928e+02 1.770215028054420827e+02
1.770439323767411395e+02 1.770439142314815228e+02 1.770438552623226371e+02 1.770437715255482374e+02 1.770437487891992703e+02 1.770437815574993010e+02 1.770438700541019728e+02 1.770440252415714326e+02 1.770441590063330466e+02 1.770442402633585743e+02 1.770442705241658814e+02 1.770442655465029986e+02 1.770443096117700748e+02 1.770444074566496795e+02 1.770445565815564635e+02 1.770447777928983442e+02 1.770449782011487798e+02 1.770451221024474933e+02 1.770452157457734188e+02 1.770452639962110766e+02 1.770453524717009657e+02 1.770454907803170954e+02 1.770456762113105924e+02 1.770459328495876434e+02 1.770461681711380493e+02 1.770463412929528033e+02 1.770464594234676383e+02 1.770465263719198390e+02 1.770466249913251318e+02 1.770467678592793561e+02 1.770469495792285102e+02 1.770471954886625952e+02 1.770474131722268680e+02 1.770475620927380191e+02 1.770476494498343811e+02 1.770476798363946216e+02 1.770477398379173053e+02 1.770478340091529219e+02 1.770479619763191295e+02 1.770481398019201720e+02 1.770482763526423753e+02 1.770483370488266246e+02 1.770483285145369052e+02 1.770482642043529893e+02 1.770482358892062962e+02 1.770482337248275542e+02 1.770482600146036134e+02 1.770483170587429527e+02 1.770483157713165383e+02 1.770482393382376927e+02 1.770480813031040555e+02 1.770478749208274110e+02 1.770477129802378613e+02 1.770475720204823915e+02 1.770474558221444568e+02 1.770473517747608696e+02 1.770471705071379915e+02 1.770469154385579884e+02 1.770465755581238056e+02 1.770462003022057615e+02 1.770458906509905717e+02 1.770456022178591979e+02 1.770453450379760341e+02 1.770450825709392291e+02 1.770447369679278040e+02 1.770443280545798928e+02 1.770438359757826277e+02 1.770433280234070423e+02 1.770429080016367607e+02 1.770425145181988285e+02 1.770421616876475639e+02 1.770418033364361463e+02 1.770413604209383891e+02 1.770408654173845662e+02 1.770402906038481774e+02 1.770397150504965680e+02 1.770392412240255169e+02 1.770388010946895179e+02 1.770384113097608463e+02 1.770380165359807734e+02 1.770375404663138283e+02 1.770370205284690996e+02 1.770364258987298172e+02 1.770358377084117194e+02 1.770353602342722468e+02 1.770349203872063413e+02 1.770345392445004506e+02 1.770341592838382496e+02 1.770337054989618082e+02 1.770332117357104380e+02 1.770326487668666857e+02 1.770320942689896242e+02 1.770316483639064415e+02 1.770312477943416241e+02 1.770309085627862942e+02 1.770305817536612949e+02 1.770301864847872082e+02 1.770297517126714411e+02 1.770292504556495317e+02 1.770287545534062872e+02 1.770283656592513637e+02 1.770280223069256351e+02 1.770277434323807029e+02 1.770274853399352537e+02 1.770271689628509364e+02 1.770268085032702459e+02 1.770263872766403779e+02 1.770259635950627910e+02 1.770256393117994946e+02 1.770253663845463450e+02 1.770251562896380619e+02 1.770249774286068885e+02 1.770247461228204600e+02 1.770244706636002263e+02 1.770241353490877998e+02 1.770237898948622615e+02 1.770235373077027532e+02 1.770233391017535780e+02 1.770232024630205103e+02 1.770231073619758035e+02 1.770229671294009677e+02 1.770227800523844905e+02 1.770225357719374699e+02 1.770222755559578900e+02 1.770220991081469890e+02 1.770219772786355747e+02 1.770219181402789275e+02 1.770219099397113780e+02 1.770218649485344429e+02 1.770217703972601555e+02 1.770216206936566721e+02 1.770214509535113052e+02 1.770213532368332778e+02 1.770213147229000015e+02 1.770213391260182050e+02 1.770214258800727691e+02 1.770214884850198303e+02 1.770215092899451861e+02
1.770440042457843219e+02 1.770439925875382130e+02 1.770439584360336767e+02 1.770439114079256910e+02 1.770439022099799615e+02 1.770439390988508421e+02 1.770440252415714326e+02 1.770441499251361677e+02 1.770442549794255171e+02 1.770443319288960708e+02 1.770443797790416340e+02 1.770444131408190742e+02 1.770444800105666729e+02 1.770445889604325203e+02 1.770447453128611812e+02 1.770449392767238237e+02 1.770451072638988137e+02 1.770452451384169308e+02 1.770453516572407295e+02 1.770454402691815687e+02 1.770455585776080341e+02 1.770457126385536810e+02 1.770459128997510447e+02 1.770461493218402040e+02 1.770463504661808258e+02 1.770465184296915027e+02 1.770466493971272541e+02 1.770467544919947329e+02 1.770468879815043977e+02 1.770470486525254046e+02 1.770472475320749766e+02 1.770474781983038497e+02 1.770476658562909620e+02 1.770478128604121935e+02 1.770479139439763685e+02 1.770479817501142747e+02 1.770480716154408753e+02 1.770481807556788283e+02 1.770483167098500132e+02 1.770484798785439295e+02 1.770485934738120477e+02 1.770486586465933954e+02 1.770486706077797407e+02 1.770486389161692387e+02 1.770486272515896076e+02 1.770486304052354285e+02 1.770486509056815407e+02 1.770486909383767795e+02 1.770486799122010382e+02 1.770486140810510278e+02 1.770484912413930374e+02 1.770483082361702145e+02 1.770481444124832535e+02 1.770479946661681367e+02 1.770478497038519663e+02 1.770477188734220704e+02 1.770475403405209249e+02 1.770473019624361086e+02 1.770470055817638411e+02 1.770466459783685877e+02 1.770463092413640425e+02 1.770459940298117658e+02 1.770456830984379621e+02 1.770453848101169285e+02 1.770450522219943537e+02 1.770446627987635679e+02 1.770442277503900357e+02 1.770437292335703887e+02 1.770432626298123751e+02 1.770428333325124868e+02 1.770424154057580211e+02 1.770420149276382347e+02 1.770415952365442536e+02 1.770411259936637407e+02 1.770406174105270338e+02 1.770400555171444807e+02 1.770395301165694377e+02 1.770390511789629215e+02 1.770385904260057828e+02 1.770381513751518980e+02 1.770377018666514175e+02 1.770372116755027037e+02 1.770366878633918191e+02 1.770361186259378314e+02 1.770355888094427712e+02 1.770351128108984540e+02 1.770346620253414187e+02 1.770342385042135618e+02 1.770338080126715283e+02 1.770333440602302915e+02 1.770328526286617148e+02 1.770323210780164516e+02 1.770318297959941276e+02 1.770313988023107186e+02 1.770309966366457672e+02 1.770306250620676281e+02 1.770302499202138335e+02 1.770298414725407099e+02 1.770294093702368343e+02 1.770289414576388651e+02 1.770285141640231359e+02 1.770281457853022005e+02 1.770278156365277766e+02 1.770275141426273251e+02 1.770272088573704821e+02 1.770268726914731303e+02 1.770265112906856189e+02 1.770261214829974392e+02 1.770257708605117557e+02 1.770254765045056047e+02 1.770252234242501004e+02 1.770250008939728730e+02 1.770247743455547607e+02 1.770245164186575266e+02 1.770242350316689794e+02 1.770239247201486421e+02 1.770236556467328626e+02 1.770234427472259142e+02 1.770232720722034969e+02 1.770231357510585042e+02 1.770229888996520060e+02 1.770228144866495938e+02 1.770226156742987200e+02 1.770223925103132672e+02 1.770222086344112711e+02 1.770220791561275462e+02 1.770219950822352644e+02 1.770219455107624071e+02 1.770218845144837871e+02 1.770217962902149509e+02 1.770216835957299395e+02 1.770215514167783510e+02 1.770214581270535064e+02 1.770214159973874075e+02 1.770214248356604401e+02 1.770214714582641022e+02 1.770215051957708852e+02 1.770215174322552798e+02
1.770440672558830215e+02 1.770440614536005057e+02 1.770440470592902500e+02 1.770440330529283983e+02 1.770440381628927753e+02 1.770440794279223837e+02 1.770441590063330466e+02 1.770442549794255171e+02 1.770443401627348976e+02 1.770444172448766835e+02 1.770444820191826807e+02 1.770445496652919815e+02 1.770446401090121356e+02 1.770447577127077068e+02 1.770449134939142368e+02 1.770450798111160111e+02 1.770452271842368077e+02 1.770453642722641234e+02 1.770454891304023590e+02 1.770456193459043845e+02 1.770457693418710505e+02 1.770459392030036270e+02 1.770461402699218354e+02 1.770463447577464819e+02 1.770465253962582324e+02 1.770466958897910388e+02 1.770468468333436078e+02 1.770470037123590430e+02 1.770471752371255150e+02 1.770473531030984873e+02 1.770475519925485912e+02 1.770477470329620360e+02 1.770479119969077999e+02 1.770480638803236388e+02 1.770481934127538466e+02 1.770483198855026785e+02 1.770484497871259464e+02 1.770485740717350041e+02 1.770487011041947198e+02 1.770488180036093695e+02 1.770489096419163957e+02 1.770489788998471568e+02 1.770490275437237244e+02 1.770490584556659428e+02 1.770490809513311206e+02 1.770490916796497345e+02 1.770490914586950453e+02 1.770490790411895148e+02 1.770490482374833618e+02 1.770489905228649832e+02 1.770489078203914062e+02 1.770487915080341281e+02 1.770486513238443536e+02 1.770484943752633171e+02 1.770483097815656492e+02 1.770481162570141862e+02 1.770479166012474366e+02 1.770476841218046218e+02 1.770474307660968520e+02 1.770471273902129781e+02 1.770467924325407978e+02 1.770464546911567822e+02 1.770460872439143714e+02 1.770457242752215450e+02 1.770453719661776120e+02 1.770449900424335965e+02 1.770445950879376653e+02 1.770441404904543674e+02 1.770436612555215561e+02 1.770432003058417081e+02 1.770427219684662816e+02 1.770422636840134771e+02 1.770418331816228203e+02 1.770413746348787356e+02 1.770409070833779595e+02 1.770403820678252487e+02 1.770398357059206660e+02 1.770393255430200838e+02 1.770388072146347724e+02 1.770383188628354105e+02 1.770378660723666542e+02 1.770373862135507750e+02 1.770369054890588245e+02 1.770363665973824254e+02 1.770358147655583991e+02 1.770353076143862836e+02 1.770348057653728517e+02 1.770343398357074420e+02 1.770339113183046607e+02 1.770334604373391301e+02 1.770330073197451668e+02 1.770325042850219859e+02 1.770319937905321694e+02 1.770315355582082759e+02 1.770310912389836631e+02 1.770306838244242726e+02 1.770303101182766454e+02 1.770299153230108971e+02 1.770295172814677187e+02 1.770290777379791223e+02 1.770286363072190454e+02 1.770282465889755201e+02 1.770278781572279456e+02 1.770275464001084060e+02 1.770272423148795156e+02 1.770269188174037538e+02 1.770265911490563440e+02 1.770262269020029748e+02 1.770258656205953116e+02 1.770255574364886684e+02 1.770252736866078180e+02 1.770250237865155611e+02 1.770247931426708021e+02 1.770245469448265396e+02 1.770242932182148081e+02 1.770240112328228861e+02 1.770237378976074183e+02 1.770235128659368513e+02 1.770233182413094255e+02 1.770231533926182976e+02 1.770230012188283979e+02 1.770228338129060432e+02 1.770226592611731746e+02 1.770224637584703657e+02 1.770222799857390896e+02 1.770221425170476550e+02 1.770220405374572010e+02 1.770219653498448622e+02 1.770218938127246417e+02 1.770218102346336195e+02 1.770217157932377745e+02 1.770216099165984929e+02 1.770215223760928609e+02 1.770214777327977060e+02 1.770214754531638732e+02 1.770214941347150841e+02 1.770215115668151498e+02 1.770215194021792797e+02
1.770441302736936962e+02 1.770441256893928141e+02 1.770441153608846321e+02 1.770441078677099256e+02 1.770441175944018823e+02 1.770441612659045632e+02 1.770442402633585743e+02 1.770443319288960708e+02 1.770444172448766835e+02 1.770444977648521387e+02 1.770445708022135136e+02 1.770446508400450227e+02 1.770447488074232183e+02 1.770448721406968104e+02 1.770450272670094591e+02 1.770451908897534281e+02 1.770453393142836944e+02 1.770454853124383305e+02 1.770456223523198673e+02 1.770457708331227877e+02 1.770459357700848386e+02 1.770461139454324382e+02 1.770463159423794934e+02 1.770465168745332107e+02 1.770466991417218594e+02 1.770468813548424691e+02 1.770470533015500223e+02 1.770472373919402571e+02 1.770474301964968333e+02 1.770476182169785773e+02 1.770478178339286615e+02 1.770480025513414262e+02 1.770481692245848819e+02 1.770483338690280561e+02 1.770484888168927000e+02 1.770486527501873866e+02 1.770488072683185976e+02 1.770489408696147962e+02 1.770490623535652333e+02 1.770491619915375736e+02 1.770492455610799709e+02 1.770493259908800496e+02 1.770494007710199753e+02 1.770494727836455979e+02 1.770495231464206540e+02 1.770495410848081406e+02 1.770495272949821413e+02 1.770494911222670567e+02 1.770494456076782228e+02 1.770493948807806817e+02 1.770493402274344135e+02 1.770492634012474014e+02 1.770491479249037070e+02 1.770489936752238407e+02 1.770487864984153532e+02 1.770485541129570493e+02 1.770483285590867979e+02 1.770480932100184361e+02 1.770478555566942021e+02 1.770475807203247598e+02 1.770472597403957025e+02 1.770469134023067852e+02 1.770465174060847744e+02 1.770461099427654972e+02 1.770457279597738420e+02 1.770453318410816905e+02 1.770449394897980540e+02 1.770445006214569332e+02 1.770440233957030216e+02 1.770435518380659232e+02 1.770430465340061517e+02 1.770425525812810577e+02 1.770420961036703318e+02 1.770416241605476557e+02 1.770411564494212655e+02 1.770406392781408726e+02 1.770400944068283309e+02 1.770395728658677683e+02 1.770390341891494472e+02 1.770385189953985332e+02 1.770380455809115006e+02 1.770375553520937331e+02 1.770370699549904430e+02 1.770365354814296666e+02 1.770359815324045769e+02 1.770354675160943145e+02 1.770349497498806386e+02 1.770344656746135001e+02 1.770340220846087789e+02 1.770335610255730217e+02 1.770331045836905162e+02 1.770326013483975771e+02 1.770320891866078341e+02 1.770316255558612681e+02 1.770311720688823129e+02 1.770307525185858424e+02 1.770303700072485356e+02 1.770299687098326729e+02 1.770295694637564452e+02 1.770291281585737124e+02 1.770286846016258551e+02 1.770282916461345053e+02 1.770279183874326350e+02 1.770275811599929625e+02 1.770272715551171245e+02 1.770269444525154086e+02 1.770266136704867677e+02 1.770262500263852132e+02 1.770258879729449575e+02 1.770255759281986343e+02 1.770252902518261067e+02 1.770250365080649431e+02 1.770248041227303872e+02 1.770245551346063451e+02 1.770242993331812897e+02 1.770240165034801691e+02 1.770237415646843715e+02 1.770235154809787730e+02 1.770233194751785959e+02 1.770231542995825009e+02 1.770230007117885691e+02 1.770228330150317504e+02 1.770226556278306020e+02 1.770224593229965819e+02 1.770222744344828527e+02 1.770221367500574843e+02 1.770220346136441094e+02 1.770219597752275718e+02 1.770218870236834903e+02 1.770218033458041020e+02 1.770217076597119217e+02 1.770216017093673599e+02 1.770215128860772893e+02 1.770214689357312636e+02 1.770214654807153920e+02 1.770214866069420907e+02 1.770215049332541071e+02 1.770215115257622074e+02
1.770441886884401299e+02 1.770441820505022008e+02 1.770441645429777111e+02 1.770441418720799334e+02 1.770441467847474826e+02 1.770441887101462726e+02 1.770442705241658814e+02 1.770443797790416340e+02 1.770444820191826807e+02 1.770445708022135136e+02 1.770446458995677688e+02 1.770447184935721623e+02 1.770448125427601553e+02 1.770449334867572588e+02 1.770450922224709984e+02 1.770452711229781073e+02 1.770454407886171850e+02 1.770456023594747137e+02 1.770457538076180981e+02 1.770459086728388058e+02 1.770460702324100737e+02 1.770462482140953568e+02 1.770464493882742545e+02 1.770466612472285988e+02 1.770468659422982682e+02 1.770470690668052498e+02 1.770472671567446241e+02 1.770474738397242049e+02 1.770476688969734198e+02 1.770478612329299324e+02 1.770480572196317439e+02 1.770482410169296656e+02 1.770484252687737126e+02 1.770486112722450969e+02 1.770488009028346141e+02 1.770490012894648544e+02 1.770491681485012521e+02 1.770493069150213898e+02 1.770494219248982404e+02 1.770495034882692096e+02 1.770495896264366706e+02 1.770496850221604745e+02 1.770497899694532578e+02 1.770499071197987178e+02 1.770499772108098284e+02 1.770500037834079592e+02 1.770499868948404867e+02 1.770499168363409126e+02 1.770498586850477807e+02 1.770498128118296393e+02 1.770497827848434440e+02 1.770497559009943132e+02 1.770496671306159442e+02 1.770495212445873676e+02 1.770493089186443001e+02 1.770490274561132651e+02 1.770487636713906454e+02 1.770485114526181292e+02 1.770482723196550410e+02 1.770480323590754494e+02 1.770477366421439172e+02 1.770473980357181460e+02 1.770469998831774490e+02 1.770465404037501855e+02 1.770461025798822732e+02 1.770456723399667851e+02 1.770452538988013487e+02 1.770448275148905282e+02 1.770443748696735042e+02 1.770439107734799506e+02 1.770434136294296366e+02 1.770428812690485643e+02 1.770423729442610750e+02 1.770418644721645194e+02 1.770413615486648098e+02 1.770408415102706101e+02 1.770403194458270661e+02 1.770398120616459039e+02 1.770392900570067241e+02 1.770387518405985077e+02 1.770382347750077656e+02 1.770377088899527678e+02 1.770371806210940235e+02 1.770366311101212204e+02 1.770360994659214668e+02 1.770355976150368349e+02 1.770351046331959424e+02 1.770346124983748552e+02 1.770341356056258348e+02 1.770336437145767832e+02 1.770331434585498300e+02 1.770326195222185675e+02 1.770321238422347676e+02 1.770316740739320096e+02 1.770312460727282939e+02 1.770308332588609801e+02 1.770304273199860177e+02 1.770300018677828575e+02 1.770295608074511904e+02 1.770290947347426993e+02 1.770286618950691775e+02 1.770282846238039554e+02 1.770279370995969828e+02 1.770276155118782526e+02 1.770272924663399010e+02 1.770269480146514525e+02 1.770265808936990766e+02 1.770261887593397319e+02 1.770258345655157370e+02 1.770255339993785810e+02 1.770252731316387838e+02 1.770250402377093053e+02 1.770248044805410359e+02 1.770245421917990427e+02 1.770242552329300736e+02 1.770239423361231275e+02 1.770236700837379260e+02 1.770234523392458073e+02 1.770232785668563054e+02 1.770231379209286899e+02 1.770229879063303144e+02 1.770228096834947564e+02 1.770226067412853865e+02 1.770223807845257227e+02 1.770221939723730600e+02 1.770220614531323235e+02 1.770219763585614317e+02 1.770219272540666111e+02 1.770218671633180065e+02 1.770217763786654075e+02 1.770216609865160251e+02 1.770215255250794257e+02 1.770214297406384105e+02 1.770213873585144881e+02 1.770213967926836744e+02 1.770214470534931479e+02 1.770214811627277243e+02 1.770214944768840439e+02
