1.770771921512812241e+02 1.770771926916470420e+02 1.770771942977239632e+02 1.770771972702176527e+02 1.770772074647381089e+02 1.770772244470859107e+02 1.770772502246547333e+02 1.770772754080640254e+02 1.770772979262823412e+02 1.770773216687632896e+02 1.770773453936205328e+02 1.770773792642644366e+02 1.770774201866653925e+02 1.770774711428967407e+02 1.770775254411897492e+02 1.770775745509446040e+02 1.770776161684709678e+02 1.770776543494722546e+02 1.770776949695556084e+02 1.770777428152175048e+02 1.770778003383207988e+02 1.770778643383436588e+02 1.770779287602130410e+02 1.770779833570175015e+02 1.770780273434271805e+02 1.770780682669078772e+02 1.770781060199718411e+02 1.770781478562431062e+02 1.770781958921765522e+02 1.770782427258620260e+02 1.770782905260695088e+02 1.770783258700652709e+02 1.770783509758827279e+02 1.770783693081514798e+02 1.770783830267861561e+02 1.770783906726479700e+02 1.770783958696302420e+02 1.770783954443292885e+02 1.770783888287578236e+02 1.770783777911001948e+02 1.770783608277809265e+02 1.770783348213381032e+02 1.770782988005987306e+02 1.770782464593246743e+02 1.770781747222901572e+02 1.770780922647913940e+02 1.770780022746601787e+02 1.770779174583571773e+02 1.770778381646094886e+02 1.770777475174145650e+02 1.770776495437232256e+02 1.770775136259313456e+02 1.770773437097842304e+02 1.770771583463757395e+02 1.770769677579549750e+02 1.770767962273829710e+02 1.770766471689649961e+02 1.770764882824663857e+02 1.770763177533459043e+02 1.770760995506669531e+02 1.770758283222435807e+02 1.770755419809467810e+02 1.770752535968888424e+02 1.770750020902675033e+02 1.770747880444836539e+02 1.770745654991597462e+02 1.770743340927453460e+02 1.770740438019097667e+02 1.770736864326579507e+02 1.770733211121213344e+02 1.770729544206116941e+02 1.770726398506569126e+02 1.770723795630269422e+02 1.770721124530519717e+02 1.770718390668108952e+02 1.770714959314790917e+02 1.770710866728529425e+02 1.770706713698961892e+02 1.770702600855300375e+02 1.770699130264686119e+02 1.770696269977167958e+02 1.770693387260850500e+02 1.770690469841290451e+02 1.770686872691380813e+02 1.770682592138490463e+02 1.770678308745922322e+02 1.770674120968289458e+02 1.770670625702313998e+02 1.770667753216791596e+02 1.770664930365722114e+02 1.770662058624912163e+02 1.770658560084025339e+02 1.770654453064047971e+02 1.770650363324391208e+02 1.770646406445797254e+02 1.770643111299100951e+02 1.770640455523067374e+02 1.770637831738668240e+02 1.770635223762488693e+02 1.770632038660991157e+02 1.770628336605988125e+02 1.770624700597769845e+02 1.770621201759544192e+02 1.770618346029178269e+02 1.770616028129244910e+02 1.770613780536207571e+02 1.770611555104569277e+02 1.770608866354066890e+02 1.770605783429448650e+02 1.770602782613754016e+02 1.770599930795837906e+02 1.770597634166705063e+02 1.770595800788345571e+02 1.770594025907516880e+02 1.770592284055683194e+02 1.770590234029598378e+02 1.770587881234800420e+02 1.770585645883031418e+02 1.770583592034294895e+02 1.770581942014109416e+02 1.770580656806916124e+02 1.770579441477138971e+02 1.770578273567078611e+02 1.770576902687044196e+02 1.770575393795591310e+02 1.770574013893424308e+02 1.770572798316106287e+02 1.770571876231093995e+02 1.770571211258134667e+02 1.770570568328808179e+02 1.770570005588453455e+02 1.770569365203640473e+02 1.770568740232941991e+02 1.770568278962894055e+02 1.770567963892338241e+02 1.770567779647152520e+02 1.770567706724892219e+02 1.770567678319777372e+02
1.770771926916470420e+02 1.770771933291267999e+02 1.770771926375433623e+02 1.770771946959469005e+02 1.770772050430663000e+02 1.770772226967485778e+02 1.770772488289400712e+02 1.770772750432545877e+02 1.770772990893491396e+02 1.770773218498728454e+02 1.770773452712535061e+02 1.770773762770501492e+02 1.770774191683165100e+02 1.770774678527862420e+02 1.770775260005288203e+02 1.770775752232494256e+02 1.770776161640177975e+02 1.770776561544791150e+02 1.770776933619600584e+02 1.770777405747366231e+02 1.770777999949816603e+02 1.770778629990416846e+02 1.770779298715096957e+02 1.770779863760488411e+02 1.770780297455068819e+02 1.770780707090511896e+02 1.770781068969867249e+02 1.770781463054040614e+02 1.770781948477369951e+02 1.770782442754026533e+02 1.770782922498360676e+02 1.770783290419145146e+02 1.770783544301924906e+02 1.770783741806801856e+02 1.770783854412154312e+02 1.770783938389394336e+02 1.770783977712235924e+02 1.770783963230402094e+02 1.770783916757798124e+02 1.770783825003243805e+02 1.770783653387053391e+02 1.770783393823949723e+02 1.770783045498531294e+02 1.770782512535632804e+02 1.770781765541821358e+02 1.770780954513367362e+02 1.770780043311411873e+02 1.770779218555672117e+02 1.770778423567746529e+02 1.770777544781601591e+02 1.770776554599912629e+02 1.770775195835180398e+02 1.770773459320321876e+02 1.770771615587254928e+02 1.770769698587047003e+02 1.770768001749871701e+02 1.770766531516302109e+02 1.770764961126635342e+02 1.770763259270908065e+02 1.770761064484981375e+02 1.770758301641837704e+02 1.770755456852417637e+02 1.770752546938536796e+02 1.770750044445939295e+02 1.770747923370317380e+02 1.770745720954313072e+02 1.770743442688037987e+02 1.770740487999175912e+02 1.770736897144903423e+02 1.770733226776630715e+02 1.770729533165488192e+02 1.770726412472204458e+02 1.770723819373170613e+02 1.770721166962694895e+02 1.770718447115721119e+02 1.770715025024758518e+02 1.770710894600624385e+02 1.770706702298642767e+02 1.770702570753751388e+02 1.770699114583755147e+02 1.770696267652930089e+02 1.770693435381313918e+02 1.770690519093494402e+02 1.770686914260784590e+02 1.770682610260392948e+02 1.770678295932370077e+02 1.770674068958933276e+02 1.770670585696483954e+02 1.770667747877782290e+02 1.770664943248069676e+02 1.770662100850955767e+02 1.770658583082107214e+02 1.770654431813353824e+02 1.770650329933421006e+02 1.770646328267536376e+02 1.770643075572514249e+02 1.770640426217071308e+02 1.770637852393414278e+02 1.770635233397687500e+02 1.770632063078988665e+02 1.770628323708451717e+02 1.770624658206557172e+02 1.770621137051271319e+02 1.770618290898266878e+02 1.770616015351292276e+02 1.770613776404939017e+02 1.770611554051134533e+02 1.770608858102352769e+02 1.770605756810132050e+02 1.770602735248557735e+02 1.770599873733744971e+02 1.770597585817837967e+02 1.770595762255541956e+02 1.770594009906805013e+02 1.770592280604214466e+02 1.770590223883846477e+02 1.770587857395738638e+02 1.770585614438582525e+02 1.770583531365511760e+02 1.770581898414802424e+02 1.770580637011792930e+02 1.770579421869182966e+02 1.770578253528792345e+02 1.770576885602318669e+02 1.770575357807183536e+02 1.770573973873165698e+02 1.770572750472189227e+02 1.770571844647688522e+02 1.770571176346689128e+02 1.770570548134805904e+02 1.770569972404604187e+02 1.770569330245578215e+02 1.770568698592100247e+02 1.770568220939800312e+02 1.770567923640577419e+02 1.770567752122876755e+02 1.770567693576090846e+02 1.770567660844568536e+02
1.770771942977239632e+02 1.770771926375433623e+02 1.770771914174134452e+02 1.770771907852509344e+02 1.770771971223209391e+02 1.770772152763272231e+02 1.770772437040290868e+02 1.770772745420170793e+02 1.770772976773718597e+02 1.770773215691233418e+02 1.770773436406913390e+02 1.770773708547872900e+02 1.770774130711768066e+02 1.770774630387873856e+02 1.770775231255123288e+02 1.770775787382971771e+02 1.770776185842767347e+02 1.770776585592984702e+02 1.770776932376495836e+02 1.770777374578772481e+02 1.770777963840448592e+02 1.770778609620035127e+02 1.770779309757603244e+02 1.770779920498239619e+02 1.770780358303803155e+02 1.770780760325250185e+02 1.770781080186618226e+02 1.770781466995550772e+02 1.770781950857670495e+02 1.770782451258316712e+02 1.770782975125559346e+02 1.770783383416044785e+02 1.770783659998683390e+02 1.770783836681811749e+02 1.770783939400285192e+02 1.770783990058784241e+02 1.770784010090279423e+02 1.770784011033730394e+02 1.770783990287517042e+02 1.770783924260190645e+02 1.770783806140345860e+02 1.770783566250888157e+02 1.770783199399286616e+02 1.770782622192002123e+02 1.770781846235667274e+02 1.770781026121024126e+02 1.770780115994354844e+02 1.770779317393713086e+02 1.770778597893147150e+02 1.770777752338747177e+02 1.770776757812287201e+02 1.770775348781364471e+02 1.770773569006814512e+02 1.770771695832825969e+02 1.770769739576899724e+02 1.770768072435414808e+02 1.770766676420346926e+02 1.770765152425272788e+02 1.770763496686247720e+02 1.770761244305157618e+02 1.770758408018164118e+02 1.770755501180358067e+02 1.770752543515405080e+02 1.770750052110523711e+02 1.770748039293098088e+02 1.770745910224495105e+02 1.770743666547321027e+02 1.770740677728560399e+02 1.770736973070056024e+02 1.770733233309981642e+02 1.770729476225108954e+02 1.770726371718857308e+02 1.770723875910561560e+02 1.770721338146074686e+02 1.770718669488272212e+02 1.770715183435070230e+02 1.770710927065564988e+02 1.770706671182462060e+02 1.770702459034652918e+02 1.770698996060099830e+02 1.770696284461326968e+02 1.770693543799981171e+02 1.770690694538577930e+02 1.770687039199762580e+02 1.770682602971799895e+02 1.770678214016059542e+02 1.770673931565932548e+02 1.770670433074366770e+02 1.770667722321774136e+02 1.770664999383922407e+02 1.770662230827217911e+02 1.770658669643954113e+02 1.770654410012032258e+02 1.770650230373196621e+02 1.770646166003128883e+02 1.770642911356194134e+02 1.770640376846787944e+02 1.770637870738224535e+02 1.770635327686063363e+02 1.770632097847630746e+02 1.770628257086777921e+02 1.770624529693326110e+02 1.770620963087959296e+02 1.770618107837275090e+02 1.770615921683126430e+02 1.770613772612461219e+02 1.770611608878999732e+02 1.770608874308400118e+02 1.770605673915908369e+02 1.770602594465925961e+02 1.770599688539932117e+02 1.770597415856579460e+02 1.770595680642016987e+02 1.770593981756817357e+02 1.770592289944632967e+02 1.770590187030490483e+02 1.770587753933283182e+02 1.770585469662194100e+02 1.770583361095261807e+02 1.770581740859235822e+02 1.770580554538592253e+02 1.770579390057888247e+02 1.770578225408587514e+02 1.770576817024306422e+02 1.770575230554152313e+02 1.770573834457358373e+02 1.770572612316489085e+02 1.770571721061004951e+02 1.770571092941424922e+02 1.770570477010055583e+02 1.770569913164530931e+02 1.770569244492370728e+02 1.770568572429410210e+02 1.770568092688677098e+02 1.770567793914490551e+02 1.770567670183579025e+02 1.770567614543347759e+02 1.770567600637058945e+02
1.770771972702176527e+02 1.770771946959469005e+02 1.770771907852509344e+02 1.770771811380658676e+02 1.770771837301838332e+02 1.770772014624903079e+02 1.770772368819572478e+02 1.770772766784587304e+02 1.770773016032730709e+02 1.770773242229186053e+02 1.770773407878431271e+02 1.770773619188285579e+02 1.770774012849863936e+02 1.770774551264393608e+02 1.770775228375757990e+02 1.770775861995024059e+02 1.770776280063729189e+02 1.770776634462652908e+02 1.770776938889353289e+02 1.770777334464233661e+02 1.770777901490153852e+02 1.770778596199723438e+02 1.770779392552195475e+02 1.770780078173593211e+02 1.770780526434622573e+02 1.770780885405859237e+02 1.770781192232069827e+02 1.770781512513827352e+02 1.770781984454802682e+02 1.770782519062022402e+02 1.770783111027381267e+02 1.770783608307989994e+02 1.770783887795219300e+02 1.770784085309392992e+02 1.770784170964149098e+02 1.770784159355175973e+02 1.770784162790723997e+02 1.770784162229591345e+02 1.770784196544225324e+02 1.770784214000655084e+02 1.770784115953063633e+02 1.770783905555590252e+02 1.770783552995790160e+02 1.770782922771085452e+02 1.770782079226115115e+02 1.770781223425100279e+02 1.770780319903881548e+02 1.770779605169865363e+02 1.770778949491665060e+02 1.770778152000745820e+02 1.770777240847654070e+02 1.770775746461133906e+02 1.770773832364011184e+02 1.770771892353676265e+02 1.770769906248928862e+02 1.770768289857658431e+02 1.770767013023099139e+02 1.770765567700980512e+02 1.770764033128650965e+02 1.770761693489479569e+02 1.770758672308442101e+02 1.770755650982275711e+02 1.770752590174665784e+02 1.770750140356584268e+02 1.770748287383232480e+02 1.770746313401643022e+02 1.770744221636457496e+02 1.770741123393680709e+02 1.770737191021455885e+02 1.770733304018253023e+02 1.770729402633909046e+02 1.770726331865955672e+02 1.770724046306705191e+02 1.770721646818657007e+02 1.770719163394983582e+02 1.770715573553571573e+02 1.770711045811637234e+02 1.770706627725269016e+02 1.770702248661701788e+02 1.770698834117614524e+02 1.770696349282375479e+02 1.770693764014110059e+02 1.770691127392725548e+02 1.770687342547792298e+02 1.770682628184307248e+02 1.770678090451981745e+02 1.770673615043235998e+02 1.770670184096922810e+02 1.770667706195246467e+02 1.770665146049232703e+02 1.770662562300921081e+02 1.770658889777868978e+02 1.770654343062979024e+02 1.770650026635375696e+02 1.770645804044043814e+02 1.770642606987910028e+02 1.770640299176467352e+02 1.770637942469319910e+02 1.770635570208135903e+02 1.770632226091412065e+02 1.770628129334943139e+02 1.770624275144412820e+02 1.770620573723573443e+02 1.770617791460944090e+02 1.770615816728018785e+02 1.770613779542266286e+02 1.770611766662568698e+02 1.770608916431435205e+02 1.770605481051167658e+02 1.770602309370823093e+02 1.770599313899530500e+02 1.770597110845155555e+02 1.770595533592896231e+02 1.770593946922236626e+02 1.770592374016861470e+02 1.770590155278888176e+02 1.770587530725067609e+02 1.770585178312660730e+02 1.770583015283679345e+02 1.770581477824852072e+02 1.770580409010504184e+02 1.770579309363917844e+02 1.770578211484193503e+02 1.770576698661674300e+02 1.770574983226760821e+02 1.770573531394584279e+02 1.770572296387020117e+02 1.770571501500697309e+02 1.770570930695430718e+02 1.770570370357391994e+02 1.770569813593996571e+02 1.770569049195126468e+02 1.770568302906222300e+02 1.770567801918630835e+02 1.770567562995097433e+02 1.770567523535779628e+02 1.770567515570931789e+02 1.770567509876108829e+02
1.770772074647381089e+02 1.770772050430663000e+02 1.770771971223209391e+02 1.770771837301838332e+02 1.770771817698487212e+02 1.770772008472623043e+02 1.770772420867120616e+02 1.770772850513226047e+02 1.770773119856697804e+02 1.770773324978088681e+02 1.770773495955722865e+02 1.770773654164502773e+02 1.770774031919175115e+02 1.770774608200915452e+02 1.770775350731818776e+02 1.770776038774590120e+02 1.770776461579052636e+02 1.770776823673753881e+02 1.770777111630632703e+02 1.770777464141053485e+02 1.770778040797717097e+02 1.770778751896716017e+02 1.770779634811160577e+02 1.770780385668957138e+02 1.770780831958981594e+02 1.770781195627323257e+02 1.770781464129701419e+02 1.770781775247911582e+02 1.770782262928082957e+02 1.770782830507687891e+02 1.770783499820473139e+02 1.770784036509616612e+02 1.770784332908679914e+02 1.770784517095041508e+02 1.770784599826102692e+02 1.770784590744453624e+02 1.770784603818973437e+02 1.770784640141411046e+02 1.770784711733479071e+02 1.770784759891076874e+02 1.770784687997127946e+02 1.770784487063678228e+02 1.770784181849811318e+02 1.770783535400808262e+02 1.770782677911001315e+02 1.770781809204859201e+02 1.770780928775638188e+02 1.770780208460569725e+02 1.770779594613333074e+02 1.770778850450528523e+02 1.770777968022311484e+02 1.770776470807494718e+02 1.770774499574858680e+02 1.770772512177372562e+02 1.770770449998798313e+02 1.770768864037587775e+02 1.770767630281422100e+02 1.770766286129232583e+02 1.770764793686348639e+02 1.770762407927664128e+02 1.770759292632143342e+02 1.770756199731979450e+02 1.770753055144825794e+02 1.770750610261852387e+02 1.770748835869177640e+02 1.770746929477163292e+02 1.770744908879254638e+02 1.770741777615097305e+02 1.770737710913935814e+02 1.770733711916550988e+02 1.770729684619095110e+02 1.770726627191613147e+02 1.770724446883271810e+02 1.770722140979172252e+02 1.770719767520271262e+02 1.770716101802231606e+02 1.770711414399688692e+02 1.770706870841309239e+02 1.770702372436872167e+02 1.770698968154856061e+02 1.770696587490037643e+02 1.770694102931909981e+02 1.770691550665246154e+02 1.770687705924649435e+02 1.770682837672176504e+02 1.770678152041495537e+02 1.770673570730035635e+02 1.770670168703177580e+02 1.770667805596754931e+02 1.770665347869017410e+02 1.770662855101873561e+02 1.770659128945898146e+02 1.770654426130352306e+02 1.770649970904389932e+02 1.770645681555655528e+02 1.770642512408346079e+02 1.770640318459103355e+02 1.770638044658723516e+02 1.770635756950805160e+02 1.770632358858202053e+02 1.770628102001277284e+02 1.770624131568214636e+02 1.770620371905217780e+02 1.770617638073303794e+02 1.770615746682489657e+02 1.770613815220369247e+02 1.770611835394834372e+02 1.770608953884532752e+02 1.770605373510876177e+02 1.770602101576500900e+02 1.770599061045193992e+02 1.770596905504231984e+02 1.770595426081770825e+02 1.770593899305264927e+02 1.770592362284410228e+02 1.770590096050806039e+02 1.770587338447097352e+02 1.770584927932640937e+02 1.770582765967911314e+02 1.770581277707642869e+02 1.770580264728937721e+02 1.770579203764539216e+02 1.770578150653351202e+02 1.770576581735527952e+02 1.770574760071270930e+02 1.770573267325732729e+02 1.770572050127740056e+02 1.770571310917478911e+02 1.770570800530373958e+02 1.770570258252859901e+02 1.770569690745883804e+02 1.770568871731343279e+02 1.770568065978834795e+02 1.770567548698931830e+02 1.770567326634769358e+02 1.770567369216184659e+02 1.770567382316761780e+02 1.770567389802604055e+02
1.770772244470859107e+02 1.770772226967485778e+02 1.770772152763272231e+02 1.770772014624903079e+02 1.770772008472623043e+02 1.770772214212834683e+02 1.770772616232402470e+02 1.770773066003992824e+02 1.770773322834027681e+02 1.770773540670095656e+02 1.770773704495265974e+02 1.770773912409470370e+02 1.770774302711894848e+02 1.770774880449200737e+02 1.770775631462053639e+02 1.770776341858374394e+02 1.770776759658869537e+02 1.770777123778248097e+02 1.770777438891660438e+02 1.770777816081055107e+02 1.770778434124338503e+02 1.770779171764291391e+02 1.770780066943041220e+02 1.770780817536502241e+02 1.770781276644160585e+02 1.770781668901400678e+02 1.770781963592349371e+02 1.770782311487526499e+02 1.770782825415946888e+02 1.770783436873157939e+02 1.770784118442828401e+02 1.770784668602904048e+02 1.770784977607989958e+02 1.770785175865581209e+02 1.770785287816322864e+02 1.770785317015703413e+02 1.770785375591021591e+02 1.770785440502473023e+02 1.770785519449987078e+02 1.770785577555750763e+02 1.770785510067117059e+02 1.770785319753802298e+02 1.770785022502223285e+02 1.770784444323755622e+02 1.770783606780410651e+02 1.770782766104694588e+02 1.770781876767926519e+02 1.770781143884500182e+02 1.770780536517616781e+02 1.770779782392872619e+02 1.770778923220561012e+02 1.770777456962458416e+02 1.770775500383477663e+02 1.770773519360844830e+02 1.770771441060253437e+02 1.770769800989989449e+02 1.770768567080885703e+02 1.770767200990787558e+02 1.770765714552331076e+02 1.770763366912685512e+02 1.770760238724222972e+02 1.770757119025153941e+02 1.770753943360527103e+02 1.770751468421437949e+02 1.770749676144264981e+02 1.770747744389971388e+02 1.770745718595572384e+02 1.770742606552755660e+02 1.770738510336428533e+02 1.770734489185640825e+02 1.770730424334899737e+02 1.770727329893058766e+02 1.770725128032592863e+02 1.770722802684656472e+02 1.770720402564378730e+02 1.770716745925977875e+02 1.770712023814419069e+02 1.770707445160241207e+02 1.770702887833097634e+02 1.770699445105227881e+02 1.770697058485419575e+02 1.770694550959201194e+02 1.770691981494946390e+02 1.770688147545180868e+02 1.770683224610227740e+02 1.770678532527522009e+02 1.770673911943760288e+02 1.770670480928781956e+02 1.770668111579616379e+02 1.770665640689477129e+02 1.770663118990438250e+02 1.770659384284123803e+02 1.770654673655652971e+02 1.770650190366683603e+02 1.770645875319268328e+02 1.770642677080279839e+02 1.770640479437300598e+02 1.770638223091118562e+02 1.770635910000702609e+02 1.770632501185999388e+02 1.770628222885302989e+02 1.770624248810867982e+02 1.770620462094939285e+02 1.770617712077785200e+02 1.770615818843905060e+02 1.770613874538835262e+02 1.770611902623005847e+02 1.770608988892180946e+02 1.770605400553191657e+02 1.770602118001594363e+02 1.770599069116411215e+02 1.770596893748703735e+02 1.770595415166028488e+02 1.770593883397410195e+02 1.770592335574233118e+02 1.770590073718555288e+02 1.770587303539739423e+02 1.770584872469810875e+02 1.770582709061016828e+02 1.770581217324291856e+02 1.770580199457582751e+02 1.770579160209135807e+02 1.770578072953514663e+02 1.770576503601870968e+02 1.770574699925000459e+02 1.770573188509859790e+02 1.770571975401403506e+02 1.770571210970420282e+02 1.770570702578009730e+02 1.770570170568054209e+02 1.770569617146908570e+02 1.770568780582452462e+02 1.770567964907005489e+02 1.770567454723520200e+02 1.770567238400078622e+02 1.770567258679936344e+02 1.770567287651021786e+02 1.770567310407184607e+02
1.770772502246547333e+02 1.770772488289400712e+02 1.770772437040290868e+02 1.770772368819572478e+02 1.770772420867120616e+02 1.770772616232402470e+02 1.770772980432980148e+02 1.770773366086904446e+02 1.770773637196396066e+02 1.770773869681254666e+02 1.770774080417418475e+02 1.770774342256988518e+02 1.770774786392590840e+02 1.770775374171451801e+02 1.770776109020770832e+02 1.770776751200927208e+02 1.770777164129038965e+02 1.770777578521325211e+02 1.770777949666025393e+02 1.770778405463860565e+02 1.770779082244592360e+02 1.770779843448094653e+02 1.770780686269065427e+02 1.770781394623581946e+02 1.770781855412317896e+02 1.770782286468699169e+02 1.770782657179397859e+02 1.770783108624288786e+02 1.770783699311954251e+02 1.770784316295152223e+02 1.770784968689039545e+02 1.770785481589522590e+02 1.770785782170535185e+02 1.770786026341281456e+02 1.770786188573024447e+02 1.770786334076441904e+02 1.770786486911881070e+02 1.770786585032946334e+02 1.770786637959306233e+02 1.770786643433914094e+02 1.770786537799932319e+02 1.770786368145106735e+02 1.770786122785623320e+02 1.770785643340286981e+02 1.770784935422516924e+02 1.770784136838068150e+02 1.770783202913736716e+02 1.770782400416896110e+02 1.770781712709932094e+02 1.770780944787749149e+02 1.770780074684575425e+02 1.770778733564389142e+02 1.770776881365189581e+02 1.770774938375478484e+02 1.770772850448375664e+02 1.770771105607957452e+02 1.770769766986906006e+02 1.770768323793988088e+02 1.770766814456780196e+02 1.770764532654038419e+02 1.770761535020344297e+02 1.770758469102766242e+02 1.770755274398987922e+02 1.770752700913067201e+02 1.770750772763399539e+02 1.770748740437341553e+02 1.770746648723753935e+02 1.770743599813659159e+02 1.770739646017403004e+02 1.770735665402901873e+02 1.770731611038307562e+02 1.770728378819129887e+02 1.770726026225123064e+02 1.770723573329650264e+02 1.770721081395469412e+02 1.770717479801140257e+02 1.770712892930194755e+02 1.770708361080996269e+02 1.770703824124683763e+02 1.770700287323765849e+02 1.770697731872285772e+02 1.770695073254978240e+02 1.770692415096719969e+02 1.770688624121790156e+02 1.770683839503880392e+02 1.770679209279259112e+02 1.770674647843053435e+02 1.770671101256806139e+02 1.770668578392968868e+02 1.770665987088561621e+02 1.770663363888428421e+02 1.770659670436887438e+02 1.770655094956110531e+02 1.770650694237644416e+02 1.770646404214865299e+02 1.770643137878536777e+02 1.770640817208337978e+02 1.770638422125808802e+02 1.770636040666865938e+02 1.770632647493568470e+02 1.770628503828725400e+02 1.770624603184373029e+02 1.770620843545874834e+02 1.770617996646312804e+02 1.770616009541203653e+02 1.770613952222225862e+02 1.770611921019023498e+02 1.770609050315807735e+02 1.770605567351129253e+02 1.770602341589155060e+02 1.770599320635547258e+02 1.770597090215335641e+02 1.770595516338835296e+02 1.770593901364013050e+02 1.770592304746323862e+02 1.770590077157931717e+02 1.770587419048443678e+02 1.770585032117220123e+02 1.770582869422441377e+02 1.770581306114655717e+02 1.770580232316983427e+02 1.770579124861813511e+02 1.770578016400363879e+02 1.770576486020974585e+02 1.770574751549982579e+02 1.770573271491060439e+02 1.770572048294426111e+02 1.770571257341998432e+02 1.770570687624726531e+02 1.770570121898961702e+02 1.770569566653026925e+02 1.770568784836016789e+02 1.770568013635648867e+02 1.770567515576500170e+02 1.770567261673020596e+02 1.770567248353877119e+02 1.770567241090968764e+02 1.770567252609511399e+02
1.770772754080640254e+02 1.770772750432545877e+02 1.770772745420170793e+02 1.770772766784587304e+02 1.770772850513226047e+02 1.770773066003992824e+02 1.770773366086904446e+02 1.770773694115315777e+02 1.770773936484042679e+02 1.770774211545596870e+02 1.770774470958940583e+02 1.770774807652994696e+02 1.770775302761520607e+02 1.770775892065967128e+02 1.770776555324604828e+02 1.770777134489749471e+02 1.770777586257942744e+02 1.770778014737062449e+02 1.770778464181505569e+02 1.770779031812910773e+02 1.770779741362847801e+02 1.770780504493100977e+02 1.770781307469246997e+02 1.770781958585540110e+02 1.770782439669834503e+02 1.770782908684592485e+02 1.770783354555784683e+02 1.770783900866917122e+02 1.770784549587314416e+02 1.770785187021771776e+02 1.770785794756087910e+02 1.770786253661620151e+02 1.770786571640595071e+02 1.770786856004404513e+02 1.770787081636686935e+02 1.770787332648209826e+02 1.770787540083746023e+02 1.770787685743403301e+02 1.770787734978506194e+02 1.770787672002815043e+02 1.770787571151505517e+02 1.770787402625888660e+02 1.770787174502271739e+02 1.770786779414364958e+02 1.770786174492358498e+02 1.770785408878762439e+02 1.770784508485034507e+02 1.770783643065912543e+02 1.770782889235321989e+02 1.770782067039291405e+02 1.770781158087717131e+02 1.770779902127214029e+02 1.770778164575136202e+02 1.770776276966262230e+02 1.770774241132099576e+02 1.770772420372509828e+02 1.770770952289911122e+02 1.770769413591961268e+02 1.770767778005970854e+02 1.770765593464442986e+02 1.770762748320533433e+02 1.770759752662090705e+02 1.770756647057787632e+02 1.770753993181177748e+02 1.770751871257258756e+02 1.770749701107528153e+02 1.770747434820461592e+02 1.770744459192315787e+02 1.770740682365139094e+02 1.770736808591188947e+02 1.770732859442656206e+02 1.770729557840752193e+02 1.770726954675596403e+02 1.770724320033655772e+02 1.770721633012413747e+02 1.770718089888111706e+02 1.770713718605625502e+02 1.770709286419541968e+02 1.770704877381872677e+02 1.770701232674404082e+02 1.770698414828878811e+02 1.770695595867693157e+02 1.770692709894734094e+02 1.770688993573260461e+02 1.770684443485812380e+02 1.770679904846351462e+02 1.770675457990795678e+02 1.770671863853274886e+02 1.770669065250537528e+02 1.770666293637870297e+02 1.770663488636239435e+02 1.770659891455217405e+02 1.770655532919654718e+02 1.770651249166904506e+02 1.770647084379836258e+02 1.770643727202929938e+02 1.770641147482061228e+02 1.770638619456084086e+02 1.770636041859507088e+02 1.770632758349609333e+02 1.770628821206436214e+02 1.770625009625858866e+02 1.770621342842397326e+02 1.770618447373856554e+02 1.770616206816717124e+02 1.770614042420524470e+02 1.770611853709773129e+02 1.770609061119722298e+02 1.770605773416220075e+02 1.770602638056167280e+02 1.770599696292239003e+02 1.770597370212163923e+02 1.770595625135149191e+02 1.770593932402258872e+02 1.770592204521526298e+02 1.770590063580016533e+02 1.770587564894248942e+02 1.770585243307367591e+02 1.770583123372784371e+02 1.770581504359706742e+02 1.770580280053163449e+02 1.770579109311144350e+02 1.770577948044935681e+02 1.770576514228127110e+02 1.770574882713662532e+02 1.770573455605421032e+02 1.770572215572882726e+02 1.770571337284546019e+02 1.770570705583363917e+02 1.770570100370462114e+02 1.770569511376777996e+02 1.770568839693175960e+02 1.770568145198290324e+02 1.770567651445321644e+02 1.770567360967409059e+02 1.770567256885760230e+02 1.770567227641447801e+02 1.770567210024968858e+02
1.770772979262823412e+02 1.770772990893491396e+02 1.770772976773718597e+02 1.770773016032730709e+02 1.770773119856697804e+02 1.770773322834027681e+02 1.770773637196396066e+02 1.770773936484042679e+02 1.770774224537787234e+02 1.770774473097799842e+02 1.770774755951550787e+02 1.770775123799931521e+02 1.770775626544479735e+02 1.770776226611662025e+02 1.770776889341256606e+02 1.770777481128213537e+02 1.770777946291698868e+02 1.770778412279825602e+02 1.770778887193656885e+02 1.770779442266889419e+02 1.770780165585258032e+02 1.770780956879922599e+02 1.770781761912597290e+02 1.770782439809362074e+02 1.770782971482876462e+02 1.770783471869804657e+02 1.770783933950529274e+02 1.770784493059514375e+02 1.770785139981676082e+02 1.770785805660744927e+02 1.770786454676719757e+02 1.770786941361634490e+02 1.770787307459424653e+02 1.770787598885983698e+02 1.770787844590307714e+02 1.770788082002669341e+02 1.770788313066843216e+02 1.770788473849008255e+02 1.770788571751172924e+02 1.770788584340758973e+02 1.770788515510288619e+02 1.770788349977638063e+02 1.770788118386630288e+02 1.770787711637929362e+02 1.770787083265868773e+02 1.770786341616830271e+02 1.770785513437066925e+02 1.770784725528268950e+02 1.770783961102689261e+02 1.770783121096981461e+02 1.770782163839394059e+02 1.770780848243704213e+02 1.770779138096482939e+02 1.770777253172016685e+02 1.770775286153631214e+02 1.770773543509297951e+02 1.770772019506492541e+02 1.770770453432870397e+02 1.770768741811933182e+02 1.770766491117125838e+02 1.770763651501241043e+02 1.770760669987535891e+02 1.770757629785714471e+02 1.770755022058152974e+02 1.770752850569983536e+02 1.770750597574454162e+02 1.770748237832627296e+02 1.770745212143954461e+02 1.770741468919049169e+02 1.770737615134166845e+02 1.770733737699866026e+02 1.770730467854026529e+02 1.770727772234459678e+02 1.770725046504603597e+02 1.770722237559636767e+02 1.770718666665498517e+02 1.770714311057016630e+02 1.770709905875582706e+02 1.770705541016564837e+02 1.770701927090374284e+02 1.770699003769030924e+02 1.770696083661345028e+02 1.770693086844103448e+02 1.770689360579100082e+02 1.770684860856233911e+02 1.770680359447291323e+02 1.770675961951998545e+02 1.770672357055594830e+02 1.770669472378954765e+02 1.770666602531845513e+02 1.770663705424255738e+02 1.770660119103163481e+02 1.770655825938452210e+02 1.770651559507303432e+02 1.770647456551284904e+02 1.770644112413192488e+02 1.770641433682672812e+02 1.770638811911208563e+02 1.770636149715089402e+02 1.770632876575890862e+02 1.770629023718537383e+02 1.770625219341347645e+02 1.770621596702067677e+02 1.770618678071649015e+02 1.770616364122348898e+02 1.770614129994526422e+02 1.770611852425664097e+02 1.770609113504913523e+02 1.770605891209605716e+02 1.770602777033857365e+02 1.770599862511299136e+02 1.770597513375194296e+02 1.770595700360756553e+02 1.770593927021540139e+02 1.770592187955207066e+02 1.770590066652684413e+02 1.770587634694738881e+02 1.770585326158236228e+02 1.770583202165404941e+02 1.770581561622629465e+02 1.770580288170301060e+02 1.770579080334323123e+02 1.770577893736199826e+02 1.770576495829680255e+02 1.770574909544638729e+02 1.770573508862675567e+02 1.770572272635909314e+02 1.770571357388072329e+02 1.770570678228829991e+02 1.770570049446307053e+02 1.770569464453573403e+02 1.770568809068759890e+02 1.770568153612518074e+02 1.770567673527210673e+02 1.770567376591575055e+02 1.770567229493681509e+02 1.770567161900030726e+02 1.770567140195061597e+02
1.770773216687632896e+02 1.770773218498728454e+02 1.770773215691233418e+02 1.770773242229186053e+02 1.770773324978088681e+02 1.770773540670095656e+02 1.770773869681254666e+02 1.770774211545596870e+02 1.770774473097799842e+02 1.770774752072657066e+02 1.770775032041364341e+02 1.770775408340855961e+02 1.770775919542229531e+02 1.770776515861450946e+02 1.770777207698610596e+02 1.770777829565763284e+02 1.770778329193188938e+02 1.770778806113702046e+02 1.770779286547947038e+02 1.770779858941393456e+02 1.770780571743961787e+02 1.770781397744428887e+02 1.770782237674414432e+02 1.770782969580175177e+02 1.770783538445076317e+02 1.770784053827792377e+02 1.770784522411698561e+02 1.770785056092677223e+02 1.770785734633069524e+02 1.770786417071967378e+02 1.770787139657596470e+02 1.770787691161555699e+02 1.770788106097556920e+02 1.770788420576057547e+02 1.770788663522203592e+02 1.770788888755438109e+02 1.770789104080610628e+02 1.770789298876359226e+02 1.770789485037343525e+02 1.770789572684052757e+02 1.770789534981155384e+02 1.770789414218858440e+02 1.770789155429770858e+02 1.770788694352659718e+02 1.770788074635803753e+02 1.770787352512983261e+02 1.770786586693132563e+02 1.770785846540013324e+02 1.770785138235943350e+02 1.770784317852923948e+02 1.770783321086326794e+02 1.770781953112906137e+02 1.770780172521868963e+02 1.770778298120346221e+02 1.770776350257712579e+02 1.770774676846846489e+02 1.770773193921903896e+02 1.770771601219985882e+02 1.770769853871707369e+02 1.770767525937160087e+02 1.770764641317167047e+02 1.770761632518837985e+02 1.770758609759525370e+02 1.770756050987991443e+02 1.770753878790451949e+02 1.770751633596265151e+02 1.770749227043100404e+02 1.770746131055445289e+02 1.770742325912702881e+02 1.770738426278661564e+02 1.770734546152747555e+02 1.770731300354593145e+02 1.770728601094546377e+02 1.770725862761536291e+02 1.770723017959245453e+02 1.770719371233689685e+02 1.770714953289759706e+02 1.770710507681185106e+02 1.770706142469998667e+02 1.770702519156717187e+02 1.770699585846253683e+02 1.770696637828986013e+02 1.770693604084131891e+02 1.770689830800957338e+02 1.770685288089282778e+02 1.770680751143588623e+02 1.770676352664842739e+02 1.770672751132975975e+02 1.770669830646047842e+02 1.770666970954537476e+02 1.770664039306008704e+02 1.770660423255246485e+02 1.770656089694094817e+02 1.770651829681723655e+02 1.770647711459874358e+02 1.770644351570295498e+02 1.770641676782905733e+02 1.770639033466987939e+02 1.770636364967552367e+02 1.770633065698280291e+02 1.770629173478066605e+02 1.770625360354407860e+02 1.770621709362471563e+02 1.770618780643145271e+02 1.770616470026511706e+02 1.770614213711955358e+02 1.770611938606713238e+02 1.770609177835407309e+02 1.770605933754219734e+02 1.770602822777186134e+02 1.770599877390377515e+02 1.770597531804693858e+02 1.770595712871081844e+02 1.770593952637459552e+02 1.770592195554149271e+02 1.770590066985193118e+02 1.770587624581580997e+02 1.770585310088798963e+02 1.770583194122838506e+02 1.770581519154067394e+02 1.770580259572523403e+02 1.770579041534255680e+02 1.770577839064450245e+02 1.770576438651346791e+02 1.770574869512088867e+02 1.770573451041660746e+02 1.770572203323583551e+02 1.770571285463344964e+02 1.770570610089055776e+02 1.770569996572242530e+02 1.770569392578055954e+02 1.770568739190395320e+02 1.770568095869932961e+02 1.770567603086884105e+02 1.770567301004246019e+02 1.770567144920525209e+02 1.770567089361803141e+02 1.770567054909975013e+02
1.770773453936205328e+02 1.770773452712535061e+02 1.770773436406913390e+02 1.770773407878431271e+02 1.770773495955722865e+02 1.770773704495265974e+02 1.770774080417418475e+02 1.770774470958940583e+02 1.770774755951550787e+02 1.770775032041364341e+02 1.770775295988994742e+02 1.770775633497267449e+02 1.770776126472464966e+02 1.770776758845684071e+02 1.770777536436442574e+02 1.770778225517645694e+02 1.770778762631517509e+02 1.770779223905902597e+02 1.770779671682245748e+02 1.770780209287794662e+02 1.770780949838624281e+02 1.770781794969605585e+02 1.770782738534759915e+02 1.770783560290884395e+02 1.770784153066349518e+02 1.770784676355154090e+02 1.770785132735054788e+02 1.770785625908862073e+02 1.770786292747834239e+02 1.770787039212587786e+02 1.770787845289131894e+02 1.770788536992434956e+02 1.770788974655359880e+02 1.770789323732460048e+02 1.770789536897593450e+02 1.770789681958045207e+02 1.770789918428234557e+02 1.770790148394157200e+02 1.770790425893438282e+02 1.770790654899262506e+02 1.770790692009522900e+02 1.770790589475626575e+02 1.770790302556029587e+02 1.770789768463151290e+02 1.770789080498020098e+02 1.770788382736583628e+02 1.770787674176034727e+02 1.770787086844134137e+02 1.770786442181970131e+02 1.770785634479484827e+02 1.770784647995047010e+02 1.770783126675570713e+02 1.770781268799668169e+02 1.770779363086473097e+02 1.770777452982904379e+02 1.770775860348132937e+02 1.770774465590801583e+02 1.770772910063245433e+02 1.770771163052129964e+02 1.770768708222211387e+02 1.770765673586930120e+02 1.770762627639656728e+02 1.770759569377016192e+02 1.770757089176435102e+02 1.770755005863049405e+02 1.770752799455690365e+02 1.770750406312808138e+02 1.770747161517504082e+02 1.770743216876427937e+02 1.770739228297275361e+02 1.770735307925640711e+02 1.770732095652992939e+02 1.770729499601229691e+02 1.770726813829028856e+02 1.770723988437112837e+02 1.770720209178224422e+02 1.770715610709230816e+02 1.770711052865445936e+02 1.770706601986595103e+02 1.770703003949614356e+02 1.770700178545801862e+02 1.770697289228039892e+02 1.770694306768438935e+02 1.770690402376845896e+02 1.770685677693512332e+02 1.770681064148587609e+02 1.770676586180503307e+02 1.770673000214268598e+02 1.770670198365405952e+02 1.770667383787479139e+02 1.770664516849239760e+02 1.770660800782699766e+02 1.770656339308071949e+02 1.770651983556148821e+02 1.770647804753654952e+02 1.770644465444140963e+02 1.770641874235664659e+02 1.770639300579243809e+02 1.770636663944173392e+02 1.770633282149923957e+02 1.770629282588122351e+02 1.770625394117340647e+02 1.770621683565536557e+02 1.770618758243701905e+02 1.770616527138956258e+02 1.770614305106288100e+02 1.770612087579255274e+02 1.770609250775032990e+02 1.770605934468549378e+02 1.770602762463466036e+02 1.770599782711115608e+02 1.770597443263742434e+02 1.770595666495218836e+02 1.770593940082866311e+02 1.770592221647854103e+02 1.770590064577010878e+02 1.770587552948952066e+02 1.770585195129721399e+02 1.770583026332128043e+02 1.770581401072629149e+02 1.770580158710830005e+02 1.770578980214963565e+02 1.770577803092440377e+02 1.770576373869785698e+02 1.770574748130982243e+02 1.770573294958807082e+02 1.770572038850313277e+02 1.770571141871199075e+02 1.770570494195747528e+02 1.770569880140122052e+02 1.770569297697212221e+02 1.770568628907405468e+02 1.770567947983811905e+02 1.770567461864631298e+02 1.770567146411480053e+02 1.770567005130384644e+02 1.770566961692936729e+02 1.770566946552199852e+02
