3.962506028221132182e-01 3.954585440596555257e-01 3.935600047829556636e-01 3.908233426297380020e-01 3.884809034749107659e-01 3.878415347185601991e-01 3.888410509575552787e-01 3.902943708941455925e-01 3.910306335322721316e-01 3.907235004633455855e-01 3.893829862321290247e-01 3.872440011172882945e-01 3.854811125417721418e-01 3.853349811319300433e-01 3.867899832887688460e-01 3.886324035819045952e-01 3.896970878669739347e-01 3.897107674807197553e-01 3.886714409615792953e-01 3.868501649226692152e-01 3.854013809345374075e-01 3.855267987623428039e-01 3.872338245383434296e-01 3.892908207542885024e-01 3.905351371586333054e-01 3.907226416555130699e-01 3.898439245834082190e-01 3.881889669141617705e-01 3.868999944798967028e-01 3.871575883920557737e-01 3.889795703433871488e-01 3.911273918879532019e-01 3.924416072823884161e-01 3.926906013211164392e-01 3.918619605983220122e-01 3.902484706146714943e-01 3.889825454903811930e-01 3.892357525225554893e-01 3.910245121738821217e-01 3.931195863096252907e-01 3.943716415302729872e-01 3.945448594573454093e-01 3.936303292439691792e-01 3.919049204261090824e-01 3.904971414824933151e-01 3.905894715028867537e-01 3.921901227848891280e-01 3.940980887655508580e-01 3.951784529805906221e-01 3.951767769426899335e-01 3.940953637802206422e-01 3.921963685618641837e-01 3.906285265219037184e-01 3.906035521524709453e-01 3.921231514507181881e-01 3.939845099251943483e-01 3.950400886731422201e-01 3.950245425828152745e-01 3.939386695530125437e-01 3.920444316413287944e-01 3.904919647985730102e-01 3.904893743728407030e-01 3.920343649923038187e-01 3.939178047365485269e-01 3.949900507842945552e-01 3.949871639136168788e-01 3.939074376090531127e-01 3.920076326239707587e-01 3.904271697499803739e-01 3.903694456163070425e-01 3.918303651991382197e-01 3.936197157435238347e-01 3.946019702004951446e-01 3.945068853845955514e-01 3.933401640075261940e-01 3.913526607759948428e-01 3.896962166056104349e-01 3.895911484111521661e-01 3.910321617540456485e-01 3.928245338405080833e-01 3.938228218975813322e-01 3.937533800764901892e-01 3.926188048829959976e-01 3.906727576488283615e-01 3.890634763462980095e-01 3.890008659245149381e-01 3.904771280622649221e-01 3.922930325153278774e-01 3.933051369273663500e-01 3.932424975477162854e-01 3.921054082639003902e-01 3.901391189162061179e-01 3.884767488910547684e-01 3.883224005447148963e-01 3.896631679106056789e-01 3.913278566886589926e-01 3.921936507346180933e-01 3.919783881987505825e-01 3.906924778955048749e-01 3.885652464781630400e-01 3.867419317885150698e-01 3.864505750589505295e-01 3.876717593696378805e-01 3.892441036697795176e-01 3.900414858827372933e-01 3.897687227667763210e-01 3.884389283185099018e-01 3.862793221661947607e-01 3.844434589921597034e-01 3.841652917897613317e-01 3.854255024717255229e-01 3.870524972608497816e-01 3.879115402377620314e-01 3.877121511731714265e-01 3.864639399564467892e-01 3.844078430475241781e-01 3.826996189057046416e-01 3.825639143803293840e-01 3.839926248356059779e-01 3.857930288795328733e-01 3.868186736634875444e-01 3.867989020938256695e-01 3.857362149444933941e-01 3.839008854750936006e-01 3.824504775084979213e-01 3.825906168003717078e-01 3.843367272394254130e-01 3.864570372417870936e-01 3.877853675742756745e-01 3.880880063760951959e-01 3.873549396156333313e-01 3.859101084287947514e-01 3.849158857465360128e-01 3.855492621824984090e-01 3.878737251239280370e-01 3.905900137389121674e-01 3.924744714941649226e-01 3.932607380665942842e-01
3.954585440596555257e-01 3.944276657575880862e-01 3.918803599593406739e-01 3.882459999195537192e-01 3.853983860826373786e-01 3.847649264972197169e-01 3.862704178991375192e-01 3.885662625818747107e-01 3.898184135104184600e-01 3.895035700589566385e-01 3.876340493831907930e-01 3.846512371242468697e-01 3.823953916729483926e-01 3.822535669203787623e-01 3.842090381537633936e-01 3.868951841736471553e-01 3.884831659822378103e-01 3.884979461929533584e-01 3.869373236114732051e-01 3.842742239572677354e-01 3.823264756065470893e-01 3.824495913397340519e-01 3.846516789379321177e-01 3.875525002309526124e-01 3.893240187671876962e-01 3.895167297521306415e-01 3.881199206101538235e-01 3.856228397259348628e-01 3.838308974207162438e-01 3.840828853788692543e-01 3.863985263722676256e-01 3.893914743585770721e-01 3.912353952633650933e-01 3.914913980362915713e-01 3.901452665089197858e-01 3.876888528282281809e-01 3.859189560682170783e-01 3.861671573781700895e-01 3.884515780507263871e-01 3.913927803930374316e-01 3.931739398593209200e-01 3.933522644082100284e-01 3.919177410455356725e-01 3.893482070330485656e-01 3.874378576839517252e-01 3.875276843267211890e-01 3.896265988411942716e-01 3.923789906489638102e-01 3.939829530215996356e-01 3.939799756197738256e-01 3.923722606723905604e-01 3.896258353671538943e-01 3.875567237689374611e-01 3.875313468339556811e-01 3.895512123759802825e-01 3.922586990562141329e-01 3.938387794091543492e-01 3.938228338528965145e-01 3.922118610526081350e-01 3.894715932513594381e-01 3.874194572961745520e-01 3.874177651502295205e-01 3.894642224750335946e-01 3.921945940060736491e-01 3.937927444398507393e-01 3.937909617854751798e-01 3.921878375749994206e-01 3.894439037795462966e-01 3.873649712207937745e-01 3.873087450781380614e-01 3.892707313803872582e-01 3.919040104842251293e-01 3.934075656591210501e-01 3.933092794393928671e-01 3.916156544996770017e-01 3.887824183936949840e-01 3.866281032142206420e-01 3.865249329874259065e-01 3.884669136959188473e-01 3.911036174272261023e-01 3.926243093897187619e-01 3.925535682794636938e-01 3.908944920039535420e-01 3.881053125505510848e-01 3.859995604274730763e-01 3.859397488312144575e-01 3.879172810355867584e-01 3.905775197228657514e-01 3.921127302121898972e-01 3.920502936770683955e-01 3.903908041202579504e-01 3.875841839733014660e-01 3.854276452152595733e-01 3.852774979541889189e-01 3.871197366684498986e-01 3.896243562660188786e-01 3.910067485430629985e-01 3.907854806026856975e-01 3.889727624657090543e-01 3.860043961370032140e-01 3.836895154354760251e-01 3.834042634553877504e-01 3.851273216866177851e-01 3.875375963878323060e-01 3.888488737248604887e-01 3.885688028057600052e-01 3.867122988322715393e-01 3.837131587259213217e-01 3.813876311279373321e-01 3.811156695769036817e-01 3.828758536266443357e-01 3.853395783579050549e-01 3.867131182473773077e-01 3.865083234902825793e-01 3.847363055866629966e-01 3.818424748882874864e-01 3.796429843264354509e-01 3.795098814819435895e-01 3.814343611062065431e-01 3.840707955183498279e-01 3.856138416116082768e-01 3.855929694516792017e-01 3.840105799484951343e-01 3.813378168044035954e-01 3.793906347782537991e-01 3.795266671352178212e-01 3.817623395316360191e-01 3.847203838433290168e-01 3.865738258671266303e-01 3.868840757082292470e-01 3.856390154142939619e-01 3.833576514151506021e-01 3.818613478041819609e-01 3.824888155812335988e-01 3.853147576614921466e-01 3.889222534200603709e-01 3.914507840197729571e-01 3.924740720374584324e-01
3.935600047829556636e-01 3.918803599593406739e-01 3.871225033669347670e-01 3.801115354574367000e-01 3.758926920972086583e-01 3.752757554246243799e-01 3.781880260703959773e-01 3.837378141518821284e-01 3.868459412486418003e-01 3.865103686097630664e-01 3.827378058866702792e-01 3.764999496305655446e-01 3.728851933616845749e-01 3.727550870837102459e-01 3.760952086952781825e-01 3.820358973132765290e-01 3.855064889963624730e-01 3.855240706326422129e-01 3.820870412588319720e-01 3.761743069268023709e-01 3.728449191756406655e-01 3.729618297566918983e-01 3.765306441076311517e-01 3.826860064512117576e-01 3.863548519135444614e-01 3.865618789319724136e-01 3.832989781741422686e-01 3.775495605321712023e-01 3.743612607410612969e-01 3.745983319160003377e-01 3.782757917401138870e-01 3.845289855670981360e-01 3.882796451296390283e-01 3.885547709595857380e-01 3.853436504801511786e-01 3.796303957161364928e-01 3.764594348289680981e-01 3.766941200689531422e-01 3.803478666064133429e-01 3.865547204965321670e-01 3.902414186744878055e-01 3.904339604251151341e-01 3.871246374315517325e-01 3.812935562119632582e-01 3.779871469079069124e-01 3.780701630000982694e-01 3.815500163042911952e-01 3.875649560502115176e-01 3.910568356902377474e-01 3.910502548292195679e-01 3.875471145473026180e-01 3.815295274746667298e-01 3.780721610054991744e-01 3.780454780574587503e-01 3.814520860080756748e-01 3.874269307454076272e-01 3.908966359099332322e-01 3.908796932388450274e-01 3.873769011486963842e-01 3.813694724406325731e-01 3.779332811697371786e-01 3.779344841132806776e-01 3.813697856838421107e-01 3.873697231799627105e-01 3.908614102701779558e-01 3.908628383299043163e-01 3.873728006937244839e-01 3.813678066280980494e-01 3.779074157872565620e-01 3.778553845373650577e-01 3.812079169330170325e-01 3.871012576426710039e-01 3.904838363029472514e-01 3.903769471191977369e-01 3.867856905039383508e-01 3.806881813457024255e-01 3.771564066532775983e-01 3.770583306173739269e-01 3.803900595076106783e-01 3.862868336387385582e-01 3.896888584361196672e-01 3.896144212628532832e-01 3.860662190114669823e-01 3.800205674373666187e-01 3.765407558843897329e-01 3.764887426100461676e-01 3.798561269865863288e-01 3.857751440327524262e-01 3.891936950430317510e-01 3.891313666771163415e-01 3.855887539784360607e-01 3.795353647413980958e-01 3.760104707973627725e-01 3.758719276220192640e-01 3.791078299748530944e-01 3.848574179742884072e-01 3.881019269303876418e-01 3.878645438470498252e-01 3.841545769492281104e-01 3.779397333442596207e-01 3.742676110315847349e-01 3.739988710551779283e-01 3.771176005983445378e-01 3.827651421416083388e-01 3.859283255176141902e-01 3.856281329136453384e-01 3.818758755641215030e-01 3.756379612937676971e-01 3.719619001740340214e-01 3.717066529476172887e-01 3.748557044972377628e-01 3.805501944567869499e-01 3.837763435989060556e-01 3.835569332389235919e-01 3.799001715224934461e-01 3.737744703281918324e-01 3.702191388514679549e-01 3.700933396451642210e-01 3.733905700676271588e-01 3.792537693971740898e-01 3.826596400636832485e-01 3.826357667673879748e-01 3.791841504413639430e-01 3.732803131175777556e-01 3.699590664394946105e-01 3.700839800088878695e-01 3.736689755830440163e-01 3.798586953435447722e-01 3.836011972120166313e-01 3.839319765216483993e-01 3.808443225748185945e-01 3.753329839469081719e-01 3.724403869606651707e-01 3.730516314128117794e-01 3.772388164555307566e-01 3.841981523938089449e-01 3.889209551857903957e-01 3.905882161837497257e-01
3.908233426297380020e-01 3.882459999195537192e-01 3.801115354574367000e-01 3.688221584870172709e-01 3.634852247946263049e-01 3.628852115338525031e-01 3.669987878253818114e-01 3.766905032793653740e-01 3.826397187795706478e-01 3.822743037898766461e-01 3.755800395581907480e-01 3.652179818884498386e-01 3.604774280057780333e-01 3.603609423142231649e-01 3.648668239869732322e-01 3.749408266650886556e-01 3.812996662947929494e-01 3.813222510676450017e-01 3.750074777995687780e-01 3.649662395276183635e-01 3.604739076126904362e-01 3.605846135582404521e-01 3.652937536943522967e-01 3.755827266004559961e-01 3.821685555647895138e-01 3.823974071995264734e-01 3.762721848619858811e-01 3.663801480076566697e-01 3.620054743359741312e-01 3.622268282460260891e-01 3.670381029031841158e-01 3.774374205695774087e-01 3.841250875608251403e-01 3.844294487919676095e-01 3.783543079690359079e-01 3.684833164387468218e-01 3.641175696372012660e-01 3.643388381571335821e-01 3.691394136827804151e-01 3.795103119433053118e-01 3.861366223471174863e-01 3.863511920650929965e-01 3.801561234585024152e-01 3.701549898646545600e-01 3.656599982494689316e-01 3.657352035762627684e-01 3.703805044290555126e-01 3.805618910239869090e-01 3.869618459091088147e-01 3.869485574622452129e-01 3.805242289463456329e-01 3.703302777662885736e-01 3.656993430538727496e-01 3.656701515623745347e-01 3.702473085146074094e-01 3.803900039082258600e-01 3.867672927313198228e-01 3.867486538792945794e-01 3.803340883897299296e-01 3.701601016079982820e-01 3.655574434584250021e-01 3.655628428550916076e-01 3.701727946549623338e-01 3.803459967676110498e-01 3.867548918998957030e-01 3.867620371526529488e-01 3.803661332376531146e-01 3.701976748947838347e-01 3.655714096423493542e-01 3.655241714470774395e-01 3.700565605375745748e-01 3.801144640434199751e-01 3.863890275909629968e-01 3.862681312936747657e-01 3.797518770964451451e-01 3.694908907352993377e-01 3.648005447703585591e-01 3.647073606043728655e-01 3.692156433377281610e-01 3.792714850330497489e-01 3.855669068340700778e-01 3.854872750951580107e-01 3.790311896336875930e-01 3.688350646509532815e-01 3.642009827647203490e-01 3.641589679638435051e-01 3.687054136766234058e-01 3.787855142384756180e-01 3.851048808287342307e-01 3.850442667794449769e-01 3.786004691459618487e-01 3.684036033117341624e-01 3.637283420633729003e-01 3.636031027580651775e-01 3.680283857527602565e-01 3.779268544874292424e-01 3.840359359579929022e-01 3.837734296247838905e-01 3.771368331574428412e-01 3.667848101764205615e-01 3.619791414956046172e-01 3.617275127122764888e-01 3.660379327570694730e-01 3.758178440518975538e-01 3.818237758773579404e-01 3.814928499301920017e-01 3.748207626753177757e-01 3.644657865663565310e-01 3.596672952493034647e-01 3.594299622835860908e-01 3.637595954166658041e-01 3.735688414861710882e-01 3.796362400691731809e-01 3.793943055567398082e-01 3.728401351188266877e-01 3.626109833289786755e-01 3.579254129623376524e-01 3.578069168740521944e-01 3.622599005464275934e-01 3.722223431528816628e-01 3.784847846795166837e-01 3.784557090662769019e-01 3.721363172925190588e-01 3.621297258258466822e-01 3.576523071779436069e-01 3.577642986738313047e-01 3.624673023059382104e-01 3.727509631538248325e-01 3.793935955890220257e-01 3.797539171521748802e-01 3.738460467286314759e-01 3.642235403614688671e-01 3.601389262446290651e-01 3.607334464880128100e-01 3.660305328725936835e-01 3.772366194438838138e-01 3.853109628229313688e-01 3.878692307150459762e-01
3.884809034749107659e-01 3.853983860826373786e-01 3.758926920972086583e-01 3.634852247946263049e-01 3.577981250686623205e-01 3.572052214417041904e-01 3.616815820726203556e-01 3.723775359183941758e-01 3.793742473288696515e-01 3.789923094262105385e-01 3.712225091790405940e-01 3.598677292743527878e-01 3.547943332686732676e-01 3.546876618721075403e-01 3.595479163700194269e-01 3.706272585550611232e-01 3.780566227928071066e-01 3.780862142319114660e-01 3.707142301065122214e-01 3.596764648568354650e-01 3.548375734664050429e-01 3.549495828430213606e-01 3.600064870533690176e-01 3.713055040406189056e-01 3.789772757969011030e-01 3.792245488400323716e-01 3.720458210364288587e-01 3.611479468908275203e-01 3.564167007486278016e-01 3.566357525643154003e-01 3.617956911277729892e-01 3.732156650707972867e-01 3.810030925928933887e-01 3.813319825868977664e-01 3.742006347365355867e-01 3.633147946831914998e-01 3.585888709180495848e-01 3.588112415857864224e-01 3.639703925963935771e-01 3.753774657010222060e-01 3.831112459869461806e-01 3.833460409102904531e-01 3.760796472083625108e-01 3.650498473540872424e-01 3.601882702720377583e-01 3.602590680427613101e-01 3.652607390527732867e-01 3.764671843170270260e-01 3.839458730137679243e-01 3.839209695751313323e-01 3.763958787618840174e-01 3.651614455642337997e-01 3.601627213043211428e-01 3.601265174611972819e-01 3.650581409054646786e-01 3.762239923341977321e-01 3.836825219578426927e-01 3.836621848557062453e-01 3.761635807489408512e-01 3.649659334304509728e-01 3.600093008841110942e-01 3.600212050282872167e-01 3.649976377692085716e-01 3.762083176260748729e-01 3.837142799880875477e-01 3.837312452188933465e-01 3.762568098163253105e-01 3.650641864417538129e-01 3.600809399453683834e-01 3.600356995863471798e-01 3.649300627004496977e-01 3.760125306916088928e-01 3.833597336149684454e-01 3.832236245626247650e-01 3.756073076720985449e-01 3.643123383680305638e-01 3.592614035588292953e-01 3.591656099320612583e-01 3.640313618395811801e-01 3.751086675098089240e-01 3.824807378235380861e-01 3.823982099799704826e-01 3.748612832037931386e-01 3.636480940354871461e-01 3.586657378658524298e-01 3.586343300629130093e-01 3.635502635356629431e-01 3.746664519791011450e-01 3.820782919801371524e-01 3.820261965758354750e-01 3.745071609980241689e-01 3.632930260648453147e-01 3.582673866106062532e-01 3.581493510934454783e-01 3.629415196326393755e-01 3.738628618537804815e-01 3.810348796845905439e-01 3.807506501845563385e-01 3.730125753183542447e-01 3.616330663649334753e-01 3.564739153471210287e-01 3.562231822291980210e-01 3.608930801394125698e-01 3.716811483998332943e-01 3.787352985138249806e-01 3.783792436062291542e-01 3.706147864509133916e-01 3.592479427866637209e-01 3.541052815066119130e-01 3.538715488690584166e-01 3.585562564546746489e-01 3.693641494581088036e-01 3.764770637427731770e-01 3.762167078480731508e-01 3.685845839118206957e-01 3.573539770166639928e-01 3.523244374542222057e-01 3.522053369742111362e-01 3.570028833033285776e-01 3.679544617742810941e-01 3.752661254375520006e-01 3.752301425231768794e-01 3.678484151447208861e-01 3.568446736752113879e-01 3.520161777582401230e-01 3.521189541370474130e-01 3.571525029669349038e-01 3.684212957305421088e-01 3.761312746932113371e-01 3.765080198313376370e-01 3.695607431396192299e-01 3.589420874959119434e-01 3.544975851368519781e-01 3.550852953386750555e-01 3.607297515144127775e-01 3.730451402421835483e-01 3.824803271266182247e-01 3.855400741574245282e-01
3.878415347185601991e-01 3.847649264972197169e-01 3.752757554246243799e-01 3.628852115338525031e-01 3.572052214417041904e-01 3.566106154352985946e-01 3.610766614058759649e-01 3.717533881949194874e-01 3.787346778068340081e-01 3.783556427471032046e-01 3.706071714017538099e-01 3.592765249262189209e-01 3.542180488033008223e-01 3.541179851245769838e-01 3.589762355767974755e-01 3.700463631826482191e-01 3.774699170834943662e-01 3.775085192357397479e-01 3.701600672743882159e-01 3.591464354538304038e-01 3.543236654437613153e-01 3.544459874139654354e-01 3.595073949143905989e-01 3.708069086516426194e-01 3.784812805537251523e-01 3.787404676713462814e-01 3.715828685209445759e-01 3.607042214322028206e-01 3.559872944249500848e-01 3.562190613130936656e-01 3.613901119200033096e-01 3.728220961894224139e-01 3.806225363192863309e-01 3.809673458964797921e-01 3.738547242211738841e-01 3.629835065174306097e-01 3.582717016375226993e-01 3.585123948821106743e-01 3.636935717956444325e-01 3.751280749600089948e-01 3.828867829608382234e-01 3.831382984647971890e-01 3.758794169611850422e-01 3.648469181263206407e-01 3.599819378341031495e-01 3.600513323085002826e-01 3.650539005685604077e-01 3.762604389865769616e-01 3.837296093737719294e-01 3.836870819066585114e-01 3.761374618106712031e-01 3.648769997824609090e-01 3.598590520790523883e-01 3.598094304801613963e-01 3.647341414382568869e-01 3.758969834385127995e-01 3.833517031496712080e-01 3.833299648106118229e-01 3.758323676269681446e-01 3.646351280343209655e-01 3.596831053560131664e-01 3.597055244044669031e-01 3.646979771033572737e-01 3.759302818365162224e-01 3.834564688763460460e-01 3.834881557994557211e-01 3.760220366893323174e-01 3.648291204314892955e-01 3.598439754380763356e-01 3.597982357429037048e-01 3.646929993510288903e-01 3.757742627345204700e-01 3.831113507209640834e-01 3.829591223514103859e-01 3.753216819768898094e-01 3.640044885956613130e-01 3.589371343582222207e-01 3.588298266398354808e-01 3.636895705405856494e-01 3.747643712745143962e-01 3.821334378405172316e-01 3.820516121601080228e-01 3.745186950331437226e-01 3.633092143639717886e-01 3.583340697649053386e-01 3.583155814213232482e-01 3.632496387654011172e-01 3.743899590827890478e-01 3.818247299790760718e-01 3.817899595229084508e-01 3.742816406613934110e-01 3.630690104516700045e-01 3.580434724184341500e-01 3.579270394146292222e-01 3.627220124836110782e-01 3.736444558158637519e-01 3.808080626493616228e-01 3.805074121745982141e-01 3.727461073335318620e-01 3.613411651423297233e-01 3.561612875286179758e-01 3.558929303814787337e-01 3.605484092931954820e-01 3.713211566528769603e-01 3.783560807423536620e-01 3.779848058386346965e-01 3.702090338108463552e-01 3.588319774264278061e-01 3.536794024998839436e-01 3.534335539928086800e-01 3.581041421742166553e-01 3.688923087902702957e-01 3.759840944213184155e-01 3.757123237904681501e-01 3.680787981084415739e-01 3.568490925958758830e-01 3.518159485444894985e-01 3.516871346674827481e-01 3.564686589628043856e-01 3.673959047900779429e-01 3.746839364221696833e-01 3.746394421278811393e-01 3.672643240208277593e-01 3.562706964473819071e-01 3.514448037724416385e-01 3.515412720354916809e-01 3.565598999425448334e-01 3.678043605835674690e-01 3.754931105075697273e-01 3.758671520187190640e-01 3.689356971117499495e-01 3.583366679909389396e-01 3.539027798908146449e-01 3.544921924728661744e-01 3.601294386290530558e-01 3.724276043475429621e-01 3.818460680645865968e-01 3.848996068437717244e-01
3.888410509575552787e-01 3.862704178991375192e-01 3.781880260703959773e-01 3.669987878253818114e-01 3.616815820726203556e-01 3.610766614058759649e-01 3.651583923349462357e-01 3.747338461335057991e-01 3.806203737082197724e-01 3.802635689323631274e-01 3.736490122869965402e-01 3.634179338386063218e-01 3.587241426167188107e-01 3.586275820132356351e-01 3.631273501315515073e-01 3.731194336938610800e-01 3.794458225638475679e-01 3.794958404921125461e-01 3.732659828503535615e-01 3.633497157965587254e-01 3.589067503044231500e-01 3.590481937814071212e-01 3.637722455347506267e-01 3.740167444449140066e-01 3.805980556576510354e-01 3.808636517971150104e-01 3.748130314605744862e-01 3.650220367785853015e-01 3.606898201465548182e-01 3.609487195589230479e-01 3.657969322553579206e-01 3.761966302829680142e-01 3.829139207861735339e-01 3.832671413646460690e-01 3.772560912486276896e-01 3.674610128932767061e-01 3.631357227013359834e-01 3.634119599851386440e-01 3.682855200217794445e-01 3.787199776407096374e-01 3.854178656473858933e-01 3.856853012509556256e-01 3.795173775611683231e-01 3.695252737843067181e-01 3.650152686152058901e-01 3.650861641865280061e-01 3.697380598484629743e-01 3.799016951830044286e-01 3.862678871023488281e-01 3.861987212777366341e-01 3.797039121384277460e-01 3.694517064019458563e-01 3.647555948412580795e-01 3.646855477839811566e-01 3.692448701210815920e-01 3.793486886823083659e-01 3.857069372523145301e-01 3.856837945736252271e-01 3.792799617855438510e-01 3.691379450108927540e-01 3.645461142715769598e-01 3.645837600290947056e-01 3.692481781364432281e-01 3.794646196567205698e-01 3.859301822808199334e-01 3.859845967366397623e-01 3.796195529383595835e-01 3.694706470852920366e-01 3.648352826159566575e-01 3.647862473306696662e-01 3.693237399217678685e-01 3.793567984979455687e-01 3.855950087142835381e-01 3.854225494379280859e-01 3.788469313319584031e-01 3.685419066281935274e-01 3.637956956980271661e-01 3.636673690262847702e-01 3.681604296772895135e-01 3.781769117128210844e-01 3.844557091624892231e-01 3.843776845850424562e-01 3.779416380502906292e-01 3.677881848567080558e-01 3.631731359943551896e-01 3.631708777063525906e-01 3.677786059735135282e-01 3.779093711988472659e-01 3.842939254656030923e-01 3.842883893488790448e-01 3.778821506758091586e-01 3.677097266874273518e-01 3.630312655960504786e-01 3.629109357730572749e-01 3.673488360370900652e-01 3.772321825592378497e-01 3.833108235134542463e-01 3.829964499742241624e-01 3.762936687267178781e-01 3.658859758812059160e-01 3.610115171022558744e-01 3.607068175414204769e-01 3.649758816602665101e-01 3.746762845754090243e-01 3.806166282153190528e-01 3.802386400138009215e-01 3.735420224646399112e-01 3.631934574569542495e-01 3.583621226354559708e-01 3.580891416332664945e-01 3.623765174590248273e-01 3.720826236383961705e-01 3.780749208900930358e-01 3.777980399950721102e-01 3.712520823849721485e-01 3.610722980572207974e-01 3.563748120711060507e-01 3.562271763125598456e-01 3.606310931573983303e-01 3.704676652253586222e-01 3.766449924314120290e-01 3.765896810244465653e-01 3.703052371952933464e-01 3.603835608419818093e-01 3.559140533471776280e-01 3.560071189329499508e-01 3.606634587299322736e-01 3.708156415358690450e-01 3.773783661346564733e-01 3.777306772020430636e-01 3.718866936233906073e-01 3.623820462570787604e-01 3.583300764355440982e-01 3.589298042048233994e-01 3.642066627974583914e-01 3.753114122440062150e-01 3.833328840570044971e-01 3.858841426999727320e-01
3.902943708941455925e-01 3.885662625818747107e-01 3.837378141518821284e-01 3.766905032793653740e-01 3.723775359183941758e-01 3.717533881949194874e-01 3.747338461335057991e-01 3.802723115868674175e-01 3.833973553758689978e-01 3.830754985388740153e-01 3.793133503436987852e-01 3.731163517142656594e-01 3.694671494253886634e-01 3.693736882970988789e-01 3.728253514868624108e-01 3.788052797131612470e-01 3.823349408784611492e-01 3.823989788608176954e-01 3.789902871262185169e-01 3.731227155289693065e-01 3.697705961000279373e-01 3.699423740263345639e-01 3.736533655573058277e-01 3.798958245747258711e-01 3.836571796505317544e-01 3.839266814346827816e-01 3.806885127945245917e-01 3.749628317048671611e-01 3.717473937163546238e-01 3.720505446668906369e-01 3.759011179101493516e-01 3.822969758645867189e-01 3.861799931600031766e-01 3.865381201150029367e-01 3.833510326890454123e-01 3.776438956139130387e-01 3.744562120888210166e-01 3.747904213639025039e-01 3.786748569445159140e-01 3.851075814974952993e-01 3.889769026298529608e-01 3.892639632085148627e-01 3.859461339998735419e-01 3.800410706375514369e-01 3.766326287627672076e-01 3.767069270274971404e-01 3.802720747643388854e-01 3.863461616598611870e-01 3.898366199262338627e-01 3.897298009861202561e-01 3.860433273181404501e-01 3.798051697341809363e-01 3.761282205760588804e-01 3.760255343838899145e-01 3.794922094324867379e-01 3.855240037094831429e-01 3.890403587280873432e-01 3.890159095092647346e-01 3.854524552047938202e-01 3.793745639371985390e-01 3.758641902526417833e-01 3.759261805260841749e-01 3.795624451360309348e-01 3.857602306883415322e-01 3.894162335971134703e-01 3.895029860108089603e-01 3.860055613335954261e-01 3.799376153820224755e-01 3.763833178205565622e-01 3.763282905522783994e-01 3.797676385815001443e-01 3.857152427352769086e-01 3.890966203800469980e-01 3.888966166890372445e-01 3.851355515603238633e-01 3.788367988626850091e-01 3.751005657733468834e-01 3.749372088915123302e-01 3.783363287036006217e-01 3.842932790763227691e-01 3.877478763340515000e-01 3.876760517062688427e-01 3.840804011873192314e-01 3.779807966114813178e-01 3.744418162441648379e-01 3.744642083375158692e-01 3.780459828368269437e-01 3.841761823838902301e-01 3.877719749082247924e-01 3.878081869052824593e-01 3.842701908291216717e-01 3.781652448715165926e-01 3.745597502535996104e-01 3.744311238309128154e-01 3.777667613050662565e-01 3.835837402462702328e-01 3.868336590470799474e-01 3.865033555427933587e-01 3.826169569371436485e-01 3.761864301394025056e-01 3.722905095970102662e-01 3.719258407862122140e-01 3.750610927233380409e-01 3.806990212520028338e-01 3.838375729072932008e-01 3.834572748145305132e-01 3.795792514701203935e-01 3.732081609373461561e-01 3.693659765459997302e-01 3.690483446053153260e-01 3.722251335584957355e-01 3.778942891062441189e-01 3.810959063955488002e-01 3.808169168951827110e-01 3.770729390195981523e-01 3.708674314147274997e-01 3.671753155476861763e-01 3.669974452526296171e-01 3.703180065514632968e-01 3.761353440852407415e-01 3.795130768492833151e-01 3.794449442732897859e-01 3.759377537964535554e-01 3.699994704548136282e-01 3.665703777666587393e-01 3.666604432565129246e-01 3.702797855062262555e-01 3.764276484586195903e-01 3.801596364536350969e-01 3.804775987616518251e-01 3.773752251838061178e-01 3.718779050547403875e-01 3.689192190023968254e-01 3.695379735877936667e-01 3.738180837181621641e-01 3.808114662179080678e-01 3.856033628589471962e-01 3.873182884179915408e-01
3.910306335322721316e-01 3.898184135104184600e-01 3.868459412486418003e-01 3.826397187795706478e-01 3.793742473288696515e-01 3.787346778068340081e-01 3.806203737082197724e-01 3.833973553758689978e-01 3.849396895922062578e-01 3.846429658817023811e-01 3.825207044482198948e-01 3.791064145070615621e-01 3.765304383860969550e-01 3.764444837740009708e-01 3.788346273842289613e-01 3.820560781517943760e-01 3.839855066171671272e-01 3.840674687439993851e-01 3.822952569476054108e-01 3.792354226519312199e-01 3.769960784211156546e-01 3.771993928115606742e-01 3.798655868939585512e-01 3.833356523997057952e-01 3.854782519505453586e-01 3.857624723379562970e-01 3.841695930702773709e-01 3.812846863318714585e-01 3.792099581017323029e-01 3.795564597274566632e-01 3.823623369410069084e-01 3.859600721550537905e-01 3.882083144764703619e-01 3.885856653927630133e-01 3.870681953396786779e-01 3.842506924816271874e-01 3.822381631925028667e-01 3.826341486858505503e-01 3.854751942473502724e-01 3.890850680744416534e-01 3.913150105547243962e-01 3.916384172049521273e-01 3.900290543000097809e-01 3.870566798437195533e-01 3.848080738866898054e-01 3.848834706848956455e-01 3.872936847469263255e-01 3.904290700874591402e-01 3.921953365229832733e-01 3.920385483458793674e-01 3.899774286322644778e-01 3.865620146774937926e-01 3.839467755301670948e-01 3.838044394008953697e-01 3.861302059810381437e-01 3.892869858035456487e-01 3.911366247393128770e-01 3.911098708324530770e-01 3.892086220659584650e-01 3.859969399219668751e-01 3.836165773444630278e-01 3.837096186796182806e-01 3.862772762764759560e-01 3.896513123025683312e-01 3.916801476402603233e-01 3.918105570223900935e-01 3.900262105520757583e-01 3.868806615313188924e-01 3.844709042835485757e-01 3.844107833048809320e-01 3.866940070273182095e-01 3.897173167684259143e-01 3.913901101614239986e-01 3.911479474653964394e-01 3.890136503996069472e-01 3.855285606846522994e-01 3.828469527865092092e-01 3.826436562117433993e-01 3.849062741326960135e-01 3.880045048473148572e-01 3.898062845002692733e-01 3.897386625108578695e-01 3.878054337755886816e-01 3.845648639668045599e-01 3.821528107934966667e-01 3.822084608821114116e-01 3.847277259677977512e-01 3.880501623791151600e-01 3.900331851270413819e-01 3.901215633999976506e-01 3.883003690151328735e-01 3.851146501607020656e-01 3.826516054606055595e-01 3.825182848509086631e-01 3.846981815068997723e-01 3.876028448000000126e-01 3.891589781303683160e-01 3.887947248102938125e-01 3.865387173934709542e-01 3.829102676135722749e-01 3.800474509385299848e-01 3.796199074422040853e-01 3.815875955516903617e-01 3.843587597380396237e-01 3.858424741797616409e-01 3.854452495493232989e-01 3.831918137902478594e-01 3.795979740201215202e-01 3.767914972668512386e-01 3.764307144378630787e-01 3.784756827968239201e-01 3.813272329035176655e-01 3.828980418698206267e-01 3.826058317446937584e-01 3.804696236193707004e-01 3.770155372008879291e-01 3.743601291822120647e-01 3.741511224480765785e-01 3.763679963792916916e-01 3.794002671846866126e-01 3.811554013319797263e-01 3.810701435274802540e-01 3.791517006665364731e-01 3.759507227479220171e-01 3.735752602847010051e-01 3.736581194003417150e-01 3.762129227806143561e-01 3.796001489135540363e-01 3.817054323998164689e-01 3.819989601161007942e-01 3.804672123645211346e-01 3.777102040015546947e-01 3.758377909068938427e-01 3.764720676840347946e-01 3.797128714101269953e-01 3.838875353961871961e-01 3.868376372981739975e-01 3.880408689163120095e-01
3.907235004633455855e-01 3.895035700589566385e-01 3.865103686097630664e-01 3.822743037898766461e-01 3.789923094262105385e-01 3.783556427471032046e-01 3.802635689323631274e-01 3.830754985388740153e-01 3.846429658817023811e-01 3.843568548800451734e-01 3.822303856219915752e-01 3.788028750764566022e-01 3.762243929939950160e-01 3.761518540681749734e-01 3.785716371961670990e-01 3.818334421240529575e-01 3.837962149819827973e-01 3.839025066541290054e-01 3.821448101084749527e-01 3.790945826247092421e-01 3.768696532628229012e-01 3.770947938229889385e-01 3.797906263917744663e-01 3.832948383238841683e-01 3.854695797385107037e-01 3.857849381588878135e-01 3.842215907951588294e-01 3.813667158108091648e-01 3.793196173744611266e-01 3.796907486671606269e-01 3.825201570165814302e-01 3.861409245498819698e-01 3.884185057595834767e-01 3.888367060404642750e-01 3.873709961128354862e-01 3.846166660568317019e-01 3.826613046655960582e-01 3.831022469642600958e-01 3.859759373389801684e-01 3.896084460818077799e-01 3.918754393799959712e-01 3.922614253110927041e-01 3.907367669400590438e-01 3.878616092598545229e-01 3.856672673220977177e-01 3.857387558994588850e-01 3.880867906659422606e-01 3.911182449348278856e-01 3.927931934395650915e-01 3.925669098871641394e-01 3.904616230113218123e-01 3.870175583939524655e-01 3.843691673544842868e-01 3.841887807026734269e-01 3.864734992104298938e-01 3.895920401340997596e-01 3.914198575378542988e-01 3.913894002938793637e-01 3.895024660012648132e-01 3.863213164755089912e-01 3.839747955375259481e-01 3.841000821973149515e-01 3.866959868435540515e-01 3.900943689310390483e-01 3.921617665010627696e-01 3.923535629459966034e-01 3.906500241254451944e-01 3.875960936416182334e-01 3.852387060207429492e-01 3.851769871638777709e-01 3.874046455036779246e-01 3.903334405582929434e-01 3.919222300405145742e-01 3.916149852032228540e-01 3.894379320063216521e-01 3.859240016876924750e-01 3.832105515131373208e-01 3.829728125269141192e-01 3.852004902624929228e-01 3.882680890083887726e-01 3.900545550051894295e-01 3.899885391473575935e-01 3.880736360809903251e-01 3.848668116687901097e-01 3.824927106862823778e-01 3.825852128913150296e-01 3.851383289457205872e-01 3.884916136236648554e-01 3.905199015644335581e-01 3.906769762937785107e-01 3.889447030425837171e-01 3.858593200595911155e-01 3.834561577269830490e-01 3.833270449469054486e-01 3.854548746654871683e-01 3.882662160017499309e-01 3.897402413451104275e-01 3.893144079437349525e-01 3.870204503990228861e-01 3.833675681073177022e-01 3.804715074260488494e-01 3.799999054154698519e-01 3.819133222906245795e-01 3.846253083526048888e-01 3.860603585448483810e-01 3.856237825631438909e-01 3.833412081731683574e-01 3.797235366416592539e-01 3.768937284905128360e-01 3.765094150550506447e-01 3.785291493869972212e-01 3.813538645124073811e-01 3.828976377278262011e-01 3.825756882248432800e-01 3.804078375717566685e-01 3.769195048628671274e-01 3.742347579654781153e-01 3.740050230765010753e-01 3.762090800054506690e-01 3.792338411984707003e-01 3.809760579585311779e-01 3.808675691423810683e-01 3.789161818727519448e-01 3.756748497975584411e-01 3.732699475503358233e-01 3.733399891431047890e-01 3.758982981898828513e-01 3.792999427989596217e-01 3.814102335615903727e-01 3.816936479030029750e-01 3.801368663746787502e-01 3.773448107242686200e-01 3.754501673441162368e-01 3.760817404942479736e-01 3.793394671159877607e-01 3.835444727898062456e-01 3.865158026884261688e-01 3.877267452100033873e-01
3.893829862321290247e-01 3.876340493831907930e-01 3.827378058866702792e-01 3.755800395581907480e-01 3.712225091790405940e-01 3.706071714017538099e-01 3.736490122869965402e-01 3.793133503436987852e-01 3.825207044482198948e-01 3.822303856219915752e-01 3.784501052810470556e-01 3.721943166127070213e-01 3.685399994330115225e-01 3.684865876986195832e-01 3.720221611356914759e-01 3.781381757283637235e-01 3.817745771393212806e-01 3.819110040429948283e-01 3.785435533816341458e-01 3.726929849119974825e-01 3.693833090904840577e-01 3.696205665590138190e-01 3.734172705899047040e-01 3.797671782266109908e-01 3.836290642688952035e-01 3.839914787534756124e-01 3.808429075893765559e-01 3.752069155788395061e-01 3.720691625479697895e-01 3.724460012161096567e-01 3.763661661028027128e-01 3.828232160660569039e-01 3.867947503935761921e-01 3.872743248450236653e-01 3.842484248989057050e-01 3.787445179013321783e-01 3.757185279049476412e-01 3.761893089420497160e-01 3.801754826720320501e-01 3.866496836788200220e-01 3.906297583160427966e-01 3.911053587683247512e-01 3.880586623087642906e-01 3.824887003303648059e-01 3.792278325778876691e-01 3.792900067131476649e-01 3.826847353641930627e-01 3.884041792541920168e-01 3.916031621505920990e-01 3.912865562367943140e-01 3.874670781340346370e-01 3.811661913147890712e-01 3.773869860836412404e-01 3.771680438978646799e-01 3.805177809196291228e-01 3.864204462132722062e-01 3.898664328447019600e-01 3.898307742633012052e-01 3.863147677016244286e-01 3.803420840246953816e-01 3.769285301705379010e-01 3.770891595656763462e-01 3.808132668707853719e-01 3.870632708569047842e-01 3.908354623768549585e-01 3.911077777240565267e-01 3.878689962049975959e-01 3.821148525861538525e-01 3.787035465742928375e-01 3.786438250228625346e-01 3.819310940889861228e-01 3.875561075974549019e-01 3.906693541985986617e-01 3.902728022019660292e-01 3.863825657428788252e-01 3.800171138628370415e-01 3.761829509519814541e-01 3.759141634411665711e-01 3.792131677867682238e-01 3.850662093568482658e-01 3.884710619410377541e-01 3.884037561102350322e-01 3.848672883536766176e-01 3.788813323237634756e-01 3.754508017941396991e-01 3.755860538849530861e-01 3.792718820769733767e-01 3.854735991931536598e-01 3.892059919251460998e-01 3.894497933456918526e-01 3.861951839692591704e-01 3.804314983608492740e-01 3.769909301750805630e-01 3.768748268575985994e-01 3.800687834229977691e-01 3.855646423774570786e-01 3.885521168776622236e-01 3.880359699390794059e-01 3.840360215831594148e-01 3.775559286258635128e-01 3.735569716896582348e-01 3.730589263598452221e-01 3.760402759538366557e-01 3.814890551236032046e-01 3.844759066621813992e-01 3.839789547012863458e-01 3.800127139460653392e-01 3.735766364946835338e-01 3.696652604680883414e-01 3.692776358954119043e-01 3.723833311057412887e-01 3.779735831846666727e-01 3.810934919526872688e-01 3.807258850668844286e-01 3.768826745062103245e-01 3.705682197783459197e-01 3.667913900885707568e-01 3.665510367772609190e-01 3.698338476818773812e-01 3.756412731313587550e-01 3.789829578815516742e-01 3.788453325200247246e-01 3.752326995459216996e-01 3.691575319501180230e-01 3.656455271640999261e-01 3.656972415123336817e-01 3.693243940088589139e-01 3.755351425589303349e-01 3.792879590940030354e-01 3.795758808700179232e-01 3.763912963276855317e-01 3.707673057051465992e-01 3.677472361862954009e-01 3.683578798906661511e-01 3.726835522242396559e-01 3.797895867194260866e-01 3.846503764391748792e-01 3.863866303800410629e-01
