3.790035751153326693e-01 3.785410695417472660e-01 3.774360226645132044e-01 3.758217080732868531e-01 3.743458704946655002e-01 3.737558873191410003e-01 3.740201155143296763e-01 3.745418791414086845e-01 3.747379169449182035e-01 3.744214835512241768e-01 3.736041939542554258e-01 3.723833735986665783e-01 3.713578033476933604e-01 3.711992645413172975e-01 3.718924342423546858e-01 3.727962794129903168e-01 3.733223338391106760e-01 3.733328129429616671e-01 3.728258156308038029e-01 3.719359127694727984e-01 3.712409609190581161e-01 3.713708861635022229e-01 3.723328964698559007e-01 3.734668336735640914e-01 3.741867339135336312e-01 3.743862538615908564e-01 3.740557820430531200e-01 3.733500162108271958e-01 3.728319924018758669e-01 3.731063069001053778e-01 3.741916807529579447e-01 3.754220486830009973e-01 3.762170527979693535e-01 3.764845685224562089e-01 3.762118802553736652e-01 3.755561901497676547e-01 3.750676194133030772e-01 3.753381460410870618e-01 3.763851907355560411e-01 3.775549008955418895e-01 3.782802354902217723e-01 3.784654664723851591e-01 3.781012814640785646e-01 3.773273651118679850e-01 3.766880293377027900e-01 3.767857644798843775e-01 3.776293825476806365e-01 3.785965669489997354e-01 3.791369952051750203e-01 3.791348180053085160e-01 3.785926375739544492e-01 3.776344217664751035e-01 3.768254114109966801e-01 3.767993327363842182e-01 3.775581913075705676e-01 3.784775620334877022e-01 3.789936022567717555e-01 3.789787534262559210e-01 3.784341130822934662e-01 3.774838554681523295e-01 3.766949222598488523e-01 3.766969291991905666e-01 3.774875798090845946e-01 3.784347334986640776e-01 3.789717415520688637e-01 3.789733531542898159e-01 3.784376610741214120e-01 3.774838374163933530e-01 3.766675079607113008e-01 3.766133774623312558e-01 3.773175510350001982e-01 3.781676083171587321e-01 3.786110189544863447e-01 3.785162276079846455e-01 3.778887357673077485e-01 3.768418104944101232e-01 3.759451959375143537e-01 3.758423188980511420e-01 3.765280845389635256e-01 3.773843635683155062e-01 3.778473086986164908e-01 3.777811624438520144e-01 3.771885203590697455e-01 3.761859564679948531e-01 3.753403094975711896e-01 3.752842946629992849e-01 3.760101119741229292e-01 3.768936236019463371e-01 3.773721858032179077e-01 3.773131421642897942e-01 3.767163866569230857e-01 3.756897786185007249e-01 3.747846402416748490e-01 3.746287798318869156e-01 3.752089911832311442e-01 3.759303759790124100e-01 3.762513161730920430e-01 3.760260372235950110e-01 3.752655477210669610e-01 3.740602837611440301e-01 3.729765862507130048e-01 3.726702057495995812e-01 3.731213247407872413e-01 3.737435583327980426e-01 3.739898807106502576e-01 3.736995943822290500e-01 3.728864136170778054e-01 3.716390680309605288e-01 3.705359170998440699e-01 3.702422275982966138e-01 3.707377799740685931e-01 3.714229728549293674e-01 3.717380643188535339e-01 3.715268596716290728e-01 3.707995690691791024e-01 3.696602389135548172e-01 3.686919368569678834e-01 3.685521245634348353e-01 3.692327951369568928e-01 3.701087157682586004e-01 3.706059257853797084e-01 3.705893545166705216e-01 3.700611032951883761e-01 3.691573578145125323e-01 3.684631897643537157e-01 3.686157362425674378e-01 3.696299207370074558e-01 3.708388569771668419e-01 3.716478571717851120e-01 3.719595969278652881e-01 3.717626599576683288e-01 3.712422946514693511e-01 3.709778668720042361e-01 3.715621571428862624e-01 3.730266092869922723e-01 3.746289397145586286e-01 3.757259966275019458e-01 3.761851066857644921e-01
3.785410695417472660e-01 3.779864439928521946e-01 3.766426851555411681e-01 3.747226707330321149e-01 3.730930326921113593e-01 3.725127623940924781e-01 3.729424070684600467e-01 3.737435353899683510e-01 3.741133002908345051e-01 3.737891554936152994e-01 3.727846216889688091e-01 3.712834343674136783e-01 3.701070679109120798e-01 3.699531358704024053e-01 3.708051138105337707e-01 3.719895251739523401e-01 3.726971159243824272e-01 3.727088958842565414e-01 3.720227637100987916e-01 3.708547975214327996e-01 3.700032417125920792e-01 3.701309657441316792e-01 3.712461767865259943e-01 3.726602796838986431e-01 3.735658216230977602e-01 3.737716481589260509e-01 3.732667481134531728e-01 3.722846208207822860e-01 3.716069893076163200e-01 3.718758980860329966e-01 3.731117690482807503e-01 3.746216015427595303e-01 3.756037494856675485e-01 3.758796746759665575e-01 3.754348613092098330e-01 3.745046119906690896e-01 3.738568335382180807e-01 3.741224543037000028e-01 3.753203966069038611e-01 3.767681700944310319e-01 3.776782455206612599e-01 3.778695838635869886e-01 3.773314720190804605e-01 3.762833964424379118e-01 3.754871560792374940e-01 3.755823873336495700e-01 3.765785044967550066e-01 3.778203474694423192e-01 3.785385083280596308e-01 3.785348300216512807e-01 3.778120136222750114e-01 3.765759342258800935e-01 3.756114194961708286e-01 3.755848384083655955e-01 3.764981980604215073e-01 3.776940306267224656e-01 3.783888062341644876e-01 3.783735579261929827e-01 3.776491840157529811e-01 3.764222643106138189e-01 3.754792274526862483e-01 3.754821327027474398e-01 3.764284853793012919e-01 3.776533029186989188e-01 3.783708496274685862e-01 3.783737651542670166e-01 3.776601422679026765e-01 3.764313588976290204e-01 3.754619260157787686e-01 3.754090938130620336e-01 3.762687681770406356e-01 3.773933856948534227e-01 3.780126298901929638e-01 3.779142366096177041e-01 3.771045088537113843e-01 3.757800195993762360e-01 3.747301003394490904e-01 3.746288217103088680e-01 3.754706883753544111e-01 3.766030297689317852e-01 3.772435118642769591e-01 3.771758665568272773e-01 3.764030914392390015e-01 3.751247647893105608e-01 3.741268143606689689e-01 3.740733986674492639e-01 3.749561185093835958e-01 3.761165954202233541e-01 3.767739954435438410e-01 3.767150547527831628e-01 3.759399669243215780e-01 3.746395996512142390e-01 3.735840594143664539e-01 3.734322009158675959e-01 3.741699165696253937e-01 3.751643610100304227e-01 3.756575307904628791e-01 3.754254454091865978e-01 3.744802150869073198e-01 3.729981860941858351e-01 3.717653891140625944e-01 3.714649131493338308e-01 3.720752398465639321e-01 3.729707338460052091e-01 3.733876833008421547e-01 3.730885880469796967e-01 3.720890629250953596e-01 3.705637502949295503e-01 3.693117001417129397e-01 3.690239162029351760e-01 3.696785769294467228e-01 3.706385328607963436e-01 3.711266549126990277e-01 3.709091431752456480e-01 3.699972095672513506e-01 3.685795113542835733e-01 3.674593068450470734e-01 3.673219953545152627e-01 3.681584709311602754e-01 3.693107571239463427e-01 3.699858037199941219e-01 3.699678322494566185e-01 3.692591427497962098e-01 3.680769283147783955e-01 3.672250505731464720e-01 3.673730901477483268e-01 3.685371725391559106e-01 3.700246776010250316e-01 3.710195243583954139e-01 3.713389744966552608e-01 3.709694100131611938e-01 3.701716773831197904e-01 3.697430310273610576e-01 3.703177082874137827e-01 3.719348628530076972e-01 3.738408952290179776e-01 3.751749663394512990e-01 3.757255971589500421e-01
3.774360226645132044e-01 3.766426851555411681e-01 3.745385326976096163e-01 3.715843669515438430e-01 3.696168877243366513e-01 3.690637540734154620e-01 3.698897179603396479e-01 3.716653196153598127e-01 3.726135382444926702e-01 3.722680645528758658e-01 3.706366094324526350e-01 3.681589462800918811e-01 3.666391336913654153e-01 3.664976191777207237e-01 3.677206843568014416e-01 3.698818721812947019e-01 3.711956514997621359e-01 3.712106334094432136e-01 3.699255155200799061e-01 3.677878825013984887e-01 3.665703517011877355e-01 3.666926710358500152e-01 3.681597448340239165e-01 3.705489213036283203e-01 3.720756710513656862e-01 3.722984168982109709e-01 3.712106520064887283e-01 3.692639639955271891e-01 3.682085422462152979e-01 3.684632348289604287e-01 3.700423567867096586e-01 3.725249602378944980e-01 3.741339229827527757e-01 3.744324753683233031e-01 3.734120071679068453e-01 3.715227042537003199e-01 3.704964339236734849e-01 3.707493390883220830e-01 3.722936349795984978e-01 3.747093729199145185e-01 3.762389558227590136e-01 3.764466142617749478e-01 3.753258403767318341e-01 3.733207131904685561e-01 3.721540887633063566e-01 3.722426108859656080e-01 3.735937896890939025e-01 3.757936850088431369e-01 3.771085274312010460e-01 3.771010448908891921e-01 3.757734401348882258e-01 3.735699955016785201e-01 3.722426032610028912e-01 3.722145159559149818e-01 3.734886415522058467e-01 3.756481355006229816e-01 3.769415992575327334e-01 3.769250541814312960e-01 3.755992987159486041e-01 3.734080164965213888e-01 3.721059027796899676e-01 3.721114046271068454e-01 3.734211244435468591e-01 3.756129087632198438e-01 3.769341539587928169e-01 3.769403815333990382e-01 3.756301861591578306e-01 3.734427461120936043e-01 3.721162357921579678e-01 3.720669988698427910e-01 3.732917406954808226e-01 3.753743152931698912e-01 3.765825419353420189e-01 3.764745453748468140e-01 3.750545267589042164e-01 3.727636699363081618e-01 3.713587730328659076e-01 3.712615890170508637e-01 3.724693241291738843e-01 3.745641305263680554e-01 3.757986033719126762e-01 3.757268619184475078e-01 3.743509045616079667e-01 3.721109144195719476e-01 3.707598874243173692e-01 3.707135705899102240e-01 3.719639621370765536e-01 3.740887078367093332e-01 3.753443054039217741e-01 3.752851737035978741e-01 3.739113076030271543e-01 3.716562830125895722e-01 3.702522719379769400e-01 3.701111183209481736e-01 3.712219144604915755e-01 3.731695156302647365e-01 3.742396549617137413e-01 3.739887522821664367e-01 3.724243141270786039e-01 3.699790145162851762e-01 3.684049572160946195e-01 3.681199936569596876e-01 3.691094114017686167e-01 3.709590649188922451e-01 3.719468760610984415e-01 3.716239552183261408e-01 3.699996116835812532e-01 3.675072216378504342e-01 3.659160150638947617e-01 3.656440451845998085e-01 3.666757970270064226e-01 3.685947210372200744e-01 3.696612133692184221e-01 3.694261836526052112e-01 3.678963379331532946e-01 3.655098578685977428e-01 3.640411866142736486e-01 3.639101786098494218e-01 3.651110307347107398e-01 3.672267924228127534e-01 3.684964295182649452e-01 3.684749565129930016e-01 3.671639733438809006e-01 3.650115747963228463e-01 3.637917057140940269e-01 3.639279264417230042e-01 3.654335579551040158e-01 3.678908471458245399e-01 3.695081206418743824e-01 3.698486005941031274e-01 3.689045766205813481e-01 3.671391617103923477e-01 3.663170928303140506e-01 3.668650334208809483e-01 3.688177316808644024e-01 3.717507248533086783e-01 3.738396963080599100e-01 3.746273418403606725e-01
3.758217080732868531e-01 3.747226707330321149e-01 3.715843669515438430e-01 3.676331995254331075e-01 3.655517725945456320e-01 3.650294799543358226e-01 3.660746317116182480e-01 3.687936659511543702e-01 3.704962671295759513e-01 3.701203513921956789e-01 3.676505988697041372e-01 3.642445233941528637e-01 3.625875346480301187e-01 3.624603413120007223e-01 3.638631451705710562e-01 3.669639598128165980e-01 3.690819848795191538e-01 3.691026695592597440e-01 3.670253127219565425e-01 3.639555635271542466e-01 3.625638098627066985e-01 3.626811260224987454e-01 3.643015040046615471e-01 3.676281040349566043e-01 3.699888363585989715e-01 3.702375112198903473e-01 3.683820382260140636e-01 3.654994298050715518e-01 3.642485587212012654e-01 3.644890351083594493e-01 3.662111476225293760e-01 3.696328749692728288e-01 3.720897394362667754e-01 3.724229329779576991e-01 3.706428680677837373e-01 3.678161431254838298e-01 3.665900159216354814e-01 3.668306064959105939e-01 3.685267013752875909e-01 3.718857689668530475e-01 3.742560456253580803e-01 3.744890353976362829e-01 3.725916461322134055e-01 3.696459927909930832e-01 3.682883194109767278e-01 3.683693303812493602e-01 3.698880244533471751e-01 3.730242401727726920e-01 3.751397289621616338e-01 3.751251393446213833e-01 3.729825747088366117e-01 3.698318932555548222e-01 3.683283663212705283e-01 3.682971713119883583e-01 3.697437129268888456e-01 3.728417300188299754e-01 3.749359476767096799e-01 3.749174067461925608e-01 3.727860094036042349e-01 3.696560002100440778e-01 3.681844547933663114e-01 3.681938540938047288e-01 3.696802909430580986e-01 3.728177085440852467e-01 3.749510307027305589e-01 3.749634767576154881e-01 3.728535507201856114e-01 3.697298845201458795e-01 3.682337371247582647e-01 3.681883956010287284e-01 3.695950578654326191e-01 3.726152572865587542e-01 3.746099320176255465e-01 3.744864281387746408e-01 3.722425485382529486e-01 3.690092542405771225e-01 3.674400240448369992e-01 3.673463333806123998e-01 3.687341861509502161e-01 3.717672196515416361e-01 3.737941516835923128e-01 3.737166163191517065e-01 3.715316154549043182e-01 3.683578963930987937e-01 3.668454389360489842e-01 3.668083222990454195e-01 3.682429378823257604e-01 3.713128231391591427e-01 3.733716954477964700e-01 3.733140781962255295e-01 3.711353707777421684e-01 3.679498186965331485e-01 3.663869819256950211e-01 3.662579328830120051e-01 3.675650709661215654e-01 3.704494037703045528e-01 3.722867703577956155e-01 3.720069406001082490e-01 3.696017088892989966e-01 3.662195716125882239e-01 3.645001068665434940e-01 3.642303540530938410e-01 3.654224249298103633e-01 3.682046074050987494e-01 3.699443238919088994e-01 3.695851645560838672e-01 3.671154165970200167e-01 3.636908929515991762e-01 3.619607908897558568e-01 3.617049346724481307e-01 3.629329347348434487e-01 3.657822868795656546e-01 3.676098955312804839e-01 3.673482372508359295e-01 3.649887033657399082e-01 3.616717915661989968e-01 3.600527117508568464e-01 3.599276057033891640e-01 3.613026806447315886e-01 3.643443661356833840e-01 3.664001512697592777e-01 3.663727747649380140e-01 3.642625398295549766e-01 3.611774048743394139e-01 3.597798948270423125e-01 3.599024939461625827e-01 3.615448017314204510e-01 3.649241116591454004e-01 3.673733908670229198e-01 3.677440132778370674e-01 3.660508998052354190e-01 3.633488438779996499e-01 3.623095844795178877e-01 3.628269831430927517e-01 3.648929300176945167e-01 3.688156344710566970e-01 3.719313669879281692e-01 3.730224148672441342e-01
3.743458704946655002e-01 3.730930326921113593e-01 3.696168877243366513e-01 3.655517725945456320e-01 3.634882698017799507e-01 3.629810967809017908e-01 3.640411689308719057e-01 3.668324963798191285e-01 3.687272471162981180e-01 3.683347080968027432e-01 3.656442660870529715e-01 3.621776127765873321e-01 3.605397506896598769e-01 3.604231716106039429e-01 3.618303819854962189e-01 3.650061929528331528e-01 3.673412984101717682e-01 3.673697912946077282e-01 3.650908690726773487e-01 3.619569375482525886e-01 3.605704928020865840e-01 3.606903128504463929e-01 3.623081884786072404e-01 3.657141898171850092e-01 3.683081218675168245e-01 3.685782219146433447e-01 3.665290941674018144e-01 3.635762954144211023e-01 3.623216216312779014e-01 3.625607971626950143e-01 3.642798055516028866e-01 3.677886435661596454e-01 3.704902223757733370e-01 3.708519497137637844e-01 3.688795329515787147e-01 3.659777123254295828e-01 3.647455791638364864e-01 3.649882721053053225e-01 3.666897727056729894e-01 3.701466635588487319e-01 3.727646593282973320e-01 3.730202768076801845e-01 3.709167199920547775e-01 3.678844558411165089e-01 3.665149682389913788e-01 3.665914723134126585e-01 3.681114646876018637e-01 3.713305837866555104e-01 3.736604498527160700e-01 3.736336450014036137e-01 3.712533737396234157e-01 3.680031656244197036e-01 3.664860206864896108e-01 3.664472131205296912e-01 3.678930490046596335e-01 3.710724673438465238e-01 3.733838693477938286e-01 3.733635302547185231e-01 3.710112508390309705e-01 3.677987372308720859e-01 3.663277910266978243e-01 3.663436956270060829e-01 3.678422416988327837e-01 3.710763814333411514e-01 3.734440136327566440e-01 3.734666811126529651e-01 3.711418825447433956e-01 3.679351106725581300e-01 3.664362560655521350e-01 3.663926123105957777e-01 3.678062761441393547e-01 3.709097809649620214e-01 3.731134354352285132e-01 3.729736191398962952e-01 3.704905354039204624e-01 3.671617168856388114e-01 3.655848720771400773e-01 3.654878713982981364e-01 3.668789204732569309e-01 3.699942596591818678e-01 3.722362803348326366e-01 3.721555496887183345e-01 3.697501686845111046e-01 3.664970452465920459e-01 3.649894890324520413e-01 3.649629804956995294e-01 3.664140103915575208e-01 3.695828230795485392e-01 3.718745084440314153e-01 3.718256110340942833e-01 3.694313279406933881e-01 3.661652693415179960e-01 3.646046296676990761e-01 3.644825842256614323e-01 3.658034345279033150e-01 3.687738782705353158e-01 3.708137172762711598e-01 3.705093628482634682e-01 3.678568115379819425e-01 3.643792473471232918e-01 3.626569734516742471e-01 3.623870157612008591e-01 3.635863908636960962e-01 3.664431696650143899e-01 3.683726419532917795e-01 3.679841493923765583e-01 3.652711851576196378e-01 3.617616480918899313e-01 3.600364477723604351e-01 3.597830913305120615e-01 3.610156935313434956e-01 3.639346357603575055e-01 3.659541020662985811e-01 3.656707190206817670e-01 3.630797830760243428e-01 3.596850673559953693e-01 3.580696888118288790e-01 3.579428778108294518e-01 3.593130432897024829e-01 3.624183118908619883e-01 3.646739641500423845e-01 3.646386801044458337e-01 3.623132622988349816e-01 3.591544293118429931e-01 3.577532118139963302e-01 3.578655956281526773e-01 3.594890768605999987e-01 3.629282655381671496e-01 3.655966358324825860e-01 3.659836818015017590e-01 3.640999168069282699e-01 3.613265663578857367e-01 3.602728864126093500e-01 3.607753651936140837e-01 3.628233879264098904e-01 3.668589415257506037e-01 3.703098187836666999e-01 3.715535685691027101e-01
3.737558873191410003e-01 3.725127623940924781e-01 3.690637540734154620e-01 3.650294799543358226e-01 3.629810967809017908e-01 3.624739237601099506e-01 3.635189756484847323e-01 3.662810635730332498e-01 3.681544849039870559e-01 3.677655503793689218e-01 3.651037461224561076e-01 3.616729400653249105e-01 3.600564053386213215e-01 3.599472360101846902e-01 3.613476358501192531e-01 3.645043196478768843e-01 3.668279079358909844e-01 3.668664127948957909e-01 3.646188319529233279e-01 3.615210478010874029e-01 3.601574330554065395e-01 3.602886668263087788e-01 3.619064400299669693e-01 3.653032257938505500e-01 3.678944516634090056e-01 3.681777671704185018e-01 3.661576776765556041e-01 3.632364210645810387e-01 3.620028743931787973e-01 3.622558666445367392e-01 3.639817808389733123e-01 3.674926167533096311e-01 3.702019013465220332e-01 3.705807492703278583e-01 3.686352683952440201e-01 3.657606847966227703e-01 3.645493791387428573e-01 3.648114963032811353e-01 3.665304155643022144e-01 3.700041233075788694e-01 3.726407387256036596e-01 3.729135771703847579e-01 3.708246411385344721e-01 3.678016924307256352e-01 3.664343087276218935e-01 3.665092092716182859e-01 3.680241913158910361e-01 3.712310885406279737e-01 3.735438278908140286e-01 3.734987982701492015e-01 3.711001060757864733e-01 3.678345826869422464e-01 3.663030213002677615e-01 3.662500943387455021e-01 3.676827106732330486e-01 3.708473043977028594e-01 3.731475892153163776e-01 3.731256481181904339e-01 3.707812839258649573e-01 3.675808918087431487e-01 3.661204630545827898e-01 3.661474832978439675e-01 3.676568418258696069e-01 3.709015927424788028e-01 3.732830411398864179e-01 3.733208297649591167e-01 3.710114570652837673e-01 3.678164061887453373e-01 3.663215601521266351e-01 3.662772173091470296e-01 3.676856741339123991e-01 3.707759604216023241e-01 3.729623913634296795e-01 3.728060547175795492e-01 3.703081560827057861e-01 3.669680278057612655e-01 3.653797708106069075e-01 3.652707561719820695e-01 3.666498896189797074e-01 3.697513091419049047e-01 3.719837178280051004e-01 3.719036898448527251e-01 3.695094260249566220e-01 3.662716265545416516e-01 3.647774896295034042e-01 3.647647005002901399e-01 3.662291481469093224e-01 3.694115788349904839e-01 3.717202869564195655e-01 3.716893141969890846e-01 3.693130571627984970e-01 3.660606186182829291e-01 3.645057877232952270e-01 3.643855455539669053e-01 3.657037926097601033e-01 3.686636226066385413e-01 3.706881417431552861e-01 3.703669658307587320e-01 3.676971930510307129e-01 3.642045102694008718e-01 3.624660161537035519e-01 3.621772334555452555e-01 3.633556811864965264e-01 3.661847236149023410e-01 3.680871601467495813e-01 3.676820458383296963e-01 3.649628743795735875e-01 3.614528374613810713e-01 3.597219297704999375e-01 3.594552554428737112e-01 3.606670301402466472e-01 3.635542304901238642e-01 3.655447584114350779e-01 3.652487596406613357e-01 3.626615285711182746e-01 3.592772268602333896e-01 3.576626493145076968e-01 3.575249244528951875e-01 3.588725595344370856e-01 3.619417806328638076e-01 3.641661913796832573e-01 3.641212948384782155e-01 3.618079934213064286e-01 3.586689866897148637e-01 3.572750785596892631e-01 3.573803532557855989e-01 3.589826064858865351e-01 3.623861476448073105e-01 3.650258807019337581e-01 3.654095219127438399e-01 3.635473859351355808e-01 3.608035746194908078e-01 3.597650142912066640e-01 3.602676933218310618e-01 3.623005959223781769e-01 3.663051082588371088e-01 3.697287495113816269e-01 3.709627864187748925e-01
3.740201155143296763e-01 3.729424070684600467e-01 3.698897179603396479e-01 3.660746317116182480e-01 3.640411689308719057e-01 3.635189756484847323e-01 3.645153617458974371e-01 3.670981120016739707e-01 3.687231084956520411e-01 3.683578054817056580e-01 3.659867821983500136e-01 3.627359130253441366e-01 3.611476140178762062e-01 3.610427482685568124e-01 3.624225172763000380e-01 3.654223917535793231e-01 3.674946503064494552e-01 3.675456720514582720e-01 3.655728522075901155e-01 3.626525015631091309e-01 3.613325422758930094e-01 3.614840990921669439e-01 3.631033688022684003e-01 3.663682750583446834e-01 3.687123754158973532e-01 3.690014986780711381e-01 3.672402500754763377e-01 3.644828105020291309e-01 3.632967245458082473e-01 3.635783499518623896e-01 3.653220802402176171e-01 3.687278690893360245e-01 3.712029430012047104e-01 3.715887996680638516e-01 3.698920473286800847e-01 3.671648618239802264e-01 3.660011177728729748e-01 3.662999794838799894e-01 3.680533376102709253e-01 3.714582424668039229e-01 3.738865792859786263e-01 3.741735350817133043e-01 3.723192097226383779e-01 3.694033100657411750e-01 3.680490455280877593e-01 3.681251465485752550e-01 3.696308116175517355e-01 3.727274511980575578e-01 3.747920571444866011e-01 3.747197899842240054e-01 3.725201623462291445e-01 3.693291487042587584e-01 3.677768663224134094e-01 3.677025136601680955e-01 3.691106959498741125e-01 3.721481127094689034e-01 3.742066715937812926e-01 3.741833261844060288e-01 3.720780790409454197e-01 3.690009628425000021e-01 3.675599690374621309e-01 3.676030153850652904e-01 3.691266955951216788e-01 3.722882302258057052e-01 3.744640006931359566e-01 3.745245158563806909e-01 3.724616684218692853e-01 3.693787788499280911e-01 3.678927565835592439e-01 3.678456174021466074e-01 3.692383594823397952e-01 3.722124891711922623e-01 3.741545919376374485e-01 3.739786251793116301e-01 3.716895003954410193e-01 3.684308911424751809e-01 3.668228196680720088e-01 3.666926850875043553e-01 3.680457917092221365e-01 3.710190417002945940e-01 3.730141304306781036e-01 3.729386031865198348e-01 3.707897604470928865e-01 3.676797371772104195e-01 3.662066387717935467e-01 3.662114808427807677e-01 3.676914563008421566e-01 3.707946828602853850e-01 3.729058244244760068e-01 3.729048860277162647e-01 3.707803571684185062e-01 3.676403734283171798e-01 3.660934613783021763e-01 3.659699220216743876e-01 3.672716538747477499e-01 3.701211391283026897e-01 3.719124457264075811e-01 3.715796491660878220e-01 3.691211515639947760e-01 3.657002672666920806e-01 3.639273343263574878e-01 3.636012079000289776e-01 3.647303962801456967e-01 3.674102429692802652e-01 3.690655488395806483e-01 3.686554231456172226e-01 3.661722600045805298e-01 3.627696675500606815e-01 3.610216423756510418e-01 3.607265346612283374e-01 3.618901500993610965e-01 3.646128338153120652e-01 3.663462185925195347e-01 3.660458102116139201e-01 3.637064037285624996e-01 3.604553797121248238e-01 3.588399049046837597e-01 3.586822559800386667e-01 3.599860369143432770e-01 3.628780237277980936e-01 3.648294710961733078e-01 3.647728566053812238e-01 3.627105853118400836e-01 3.597287879051834780e-01 3.583560099708946733e-01 3.584571803230311993e-01 3.600310979782314069e-01 3.632551022399064800e-01 3.656059507876342485e-01 3.659664603367457358e-01 3.643517510199582032e-01 3.617871769997831888e-01 3.607972824746850105e-01 3.613148819032639958e-01 3.633326648868852038e-01 3.671187882989331297e-01 3.701484073087400462e-01 3.712180264207600722e-01
3.745418791414086845e-01 3.737435353899683510e-01 3.716653196153598127e-01 3.687936659511543702e-01 3.668324963798191285e-01 3.662810635730332498e-01 3.670981120016739707e-01 3.687778821582530786e-01 3.696890474342999777e-01 3.693605934340565833e-01 3.677996308115873969e-01 3.654543429396428511e-01 3.639864969392091476e-01 3.638858328547739940e-01 3.651427356332536123e-01 3.672607555884979114e-01 3.685817362299678712e-01 3.686480793796413913e-01 3.674526779620695960e-01 3.654520254575898686e-01 3.642993776101245418e-01 3.644821698035853319e-01 3.660155191024058174e-01 3.684120874380241717e-01 3.699813802881200542e-01 3.702727073222762399e-01 3.692714533774996144e-01 3.674397189268253650e-01 3.664450742485401702e-01 3.667716518845746121e-01 3.684482862607565967e-01 3.709954495583798750e-01 3.726874038106471887e-01 3.730751636198587073e-01 3.721399055118577159e-01 3.703467362608355851e-01 3.693911566406457569e-01 3.697484897379731961e-01 3.714463689918129363e-01 3.740075686888429951e-01 3.756669026848388215e-01 3.759701785788576167e-01 3.748964700196469879e-01 3.729008697643556025e-01 3.717129195091287142e-01 3.717917221130055960e-01 3.731451871843430856e-01 3.753186194007561149e-01 3.765749679571525066e-01 3.764650477184334765e-01 3.750064816819618785e-01 3.726630757678039974e-01 3.711940065858770343e-01 3.710863136180955202e-01 3.723356958378871151e-01 3.744654279001061181e-01 3.757486676540036652e-01 3.757240157569787242e-01 3.743928703839512484e-01 3.722164362554454264e-01 3.709233495909763367e-01 3.709917385056794581e-01 3.724230134372108481e-01 3.747301354127433037e-01 3.761616223769909673e-01 3.762540730061822991e-01 3.749923615492529172e-01 3.728264792574014774e-01 3.714877700449805698e-01 3.714355375330631870e-01 3.726654863296819942e-01 3.747178144884900641e-01 3.758691681375886939e-01 3.756671586678314023e-01 3.741310059573930702e-01 3.717209165529112291e-01 3.701906694711741830e-01 3.700262035890919399e-01 3.712184206079870985e-01 3.732886915266420691e-01 3.745207639144381706e-01 3.744523360403976819e-01 3.730851041346182062e-01 3.708770730240532609e-01 3.695509896602779953e-01 3.695826800555460090e-01 3.709701545343797591e-01 3.732263725838281809e-01 3.746072388679199672e-01 3.746488471000146148e-01 3.733359716360377112e-01 3.711141014440243469e-01 3.697114998109483630e-01 3.695814633796863369e-01 3.707118875723465212e-01 3.726443691169478711e-01 3.736650462683118179e-01 3.733199243319232363e-01 3.716311285811596532e-01 3.690493549888095304e-01 3.673279062485227953e-01 3.669419103238189539e-01 3.678613364519061624e-01 3.696123600854290814e-01 3.705149601261649717e-01 3.701057286098540233e-01 3.684041865316034503e-01 3.658557250492024404e-01 3.641728988738487938e-01 3.638326387305157450e-01 3.648051125707670872e-01 3.666083834245889017e-01 3.675893640267641205e-01 3.672885484537267708e-01 3.657207546621465966e-01 3.633330746449220383e-01 3.618027218794691580e-01 3.616139369736321441e-01 3.627513048259731199e-01 3.647302852233667014e-01 3.659110058324659409e-01 3.658402683365192254e-01 3.645250804416228507e-01 3.624195439058158774e-01 3.611687334285214601e-01 3.612658025276701546e-01 3.627201655089085652e-01 3.650451797976929647e-01 3.665921605351376567e-01 3.669166194899774469e-01 3.660111469122900862e-01 3.643433616645326834e-01 3.635317062787383757e-01 3.640783449895014234e-01 3.660243341153329721e-01 3.688737166429182923e-01 3.709359529738928685e-01 3.717283046291741666e-01
3.747379169449182035e-01 3.741133002908345051e-01 3.726135382444926702e-01 3.704962671295759513e-01 3.687272471162981180e-01 3.681544849039870559e-01 3.687231084956520411e-01 3.696890474342999777e-01 3.701643454617946638e-01 3.698627269674163998e-01 3.687990124745048615e-01 3.671932861185238650e-01 3.659522318524439655e-01 3.658603761991883196e-01 3.669041974467482925e-01 3.683089879564325764e-01 3.691752778777150357e-01 3.692613469027750672e-01 3.685601883371018572e-01 3.673258299200028998e-01 3.664411238457954689e-01 3.666571549369007643e-01 3.679946441821838610e-01 3.696639661045711955e-01 3.707590431214760063e-01 3.710653893976808559e-01 3.705634833973476816e-01 3.695266751696852370e-01 3.688267053504824533e-01 3.691983355986488413e-01 3.706813136934271613e-01 3.724801055104990377e-01 3.736839268296398564e-01 3.740902089747188963e-01 3.736741220026396637e-01 3.727173291379794473e-01 3.720880648573433036e-01 3.725081749670919318e-01 3.740149043814217644e-01 3.758088123168183414e-01 3.769779110103980146e-01 3.773152288474756477e-01 3.767941321048591807e-01 3.756688513293807707e-01 3.747861907029245154e-01 3.748654911224990616e-01 3.759175676047002423e-01 3.772139676350546589e-01 3.779005771510178802e-01 3.777406892432341734e-01 3.767533266137135795e-01 3.751707962964201948e-01 3.739084928534280872e-01 3.737601496968075421e-01 3.747214673328537193e-01 3.760369523859622976e-01 3.768073270772643868e-01 3.767800693693874603e-01 3.759572770324342561e-01 3.745862819632972962e-01 3.735703597863729297e-01 3.736705991222784573e-01 3.748877113249364235e-01 3.764318527790595503e-01 3.773892237649676962e-01 3.775246281966324613e-01 3.768214371695166598e-01 3.755165742079037972e-01 3.744689542540604044e-01 3.744121277506454737e-01 3.753405004980144288e-01 3.765296126956119704e-01 3.771266403920074395e-01 3.768836744738834343e-01 3.758234358589907509e-01 3.741706338806405907e-01 3.728431639126732478e-01 3.726389584464882554e-01 3.735468193797794600e-01 3.748144475823071420e-01 3.755447593051918220e-01 3.754812336946947715e-01 3.746271664131720636e-01 3.732253922268746194e-01 3.721775862721049544e-01 3.722443341989807308e-01 3.734214482028274107e-01 3.749234819212160508e-01 3.758409340688266265e-01 3.759351070589609378e-01 3.751908720348239301e-01 3.738375451331266142e-01 3.727288414259407601e-01 3.725954105041316411e-01 3.734205456434608328e-01 3.744916964728943753e-01 3.749679510593673104e-01 3.745915834972923242e-01 3.733913247275190694e-01 3.715692533542312437e-01 3.700342601464546299e-01 3.695846883053333087e-01 3.701801965260075877e-01 3.711044307136023845e-01 3.714953502865525614e-01 3.710700931414441239e-01 3.698543869820890562e-01 3.680475058996140469e-01 3.665556395965045566e-01 3.661707263617346997e-01 3.668515209480703865e-01 3.678687539283983510e-01 3.683566783040194692e-01 3.680426421382848035e-01 3.669461674513749827e-01 3.652797417264802560e-01 3.639433510383105475e-01 3.637219269919402809e-01 3.645942487923473085e-01 3.658146255142520897e-01 3.665064961673121791e-01 3.664170314708878329e-01 3.655535382174054382e-01 3.641554387511285462e-01 3.631160120686082182e-01 3.632046722302075259e-01 3.644344406101927558e-01 3.660266844526804952e-01 3.670812107411225433e-01 3.673794339080130311e-01 3.669065329073916693e-01 3.659467859928949296e-01 3.653814582139361389e-01 3.659494263400943082e-01 3.677050640605026843e-01 3.698065549794142259e-01 3.712952316553467247e-01 3.719152543681945589e-01
3.744214835512241768e-01 3.737891554936152994e-01 3.722680645528758658e-01 3.701203513921956789e-01 3.683347080968027432e-01 3.677655503793689218e-01 3.683578054817056580e-01 3.693605934340565833e-01 3.698627269674163998e-01 3.695731229441064358e-01 3.685068021372632230e-01 3.668895575888914684e-01 3.656477996373012074e-01 3.655706615712219221e-01 3.666454231888138238e-01 3.680916689675126086e-01 3.689931039911992783e-01 3.691064054436042907e-01 3.684238675458065271e-01 3.672043219854520535e-01 3.663383359384540516e-01 3.665783954635658537e-01 3.679454233328129931e-01 3.696475892770632043e-01 3.707751077717177379e-01 3.711158949566866205e-01 3.706498285473231458e-01 3.696516618747552885e-01 3.689857294013427214e-01 3.693840912025281309e-01 3.708880970548847356e-01 3.727052150461541702e-01 3.739363722432896830e-01 3.743863062761009775e-01 3.740296878547076376e-01 3.731473802273433948e-01 3.725830916217884314e-01 3.730494589098691249e-01 3.745831252349236529e-01 3.763896555448787429e-01 3.775892961531240877e-01 3.779876901564388492e-01 3.775553998252628163e-01 3.765352419836131559e-01 3.757118496585064027e-01 3.757865417821266152e-01 3.767705333596299000e-01 3.779540949704029984e-01 3.785443833491344279e-01 3.783152023984270862e-01 3.772888797063989608e-01 3.756860099952806786e-01 3.743955609917004601e-01 3.742081665784700584e-01 3.751219297481319659e-01 3.763898659534419266e-01 3.771328135748239219e-01 3.771014520139751025e-01 3.762976793011027499e-01 3.749655255089038852e-01 3.739891503337797740e-01 3.741220344428806688e-01 3.753620867173622089e-01 3.769219638569665798e-01 3.779123888090498706e-01 3.781079772083678070e-01 3.774891957613223936e-01 3.762828566569156319e-01 3.752920102866008079e-01 3.752336852175369164e-01 3.761019891786768765e-01 3.771897806457281677e-01 3.776993033091304297e-01 3.773923578588469496e-01 3.762948712538640161e-01 3.746213400907642543e-01 3.732672348517211969e-01 3.730281869520479798e-01 3.738956020481620790e-01 3.751246890944396339e-01 3.758352815962893168e-01 3.757736627054005241e-01 3.749431280833934732e-01 3.735841089856472563e-01 3.725803620495745649e-01 3.726850626640172415e-01 3.738915196470258828e-01 3.754163900286775490e-01 3.763742004299743815e-01 3.765369673889469304e-01 3.758863570272956700e-01 3.746417738929395114e-01 3.735988580938362502e-01 3.734701353451985173e-01 3.742384984234413681e-01 3.752089205995512433e-01 3.755992650070306138e-01 3.751627206291989203e-01 3.739308213876423315e-01 3.720938306437025500e-01 3.705310017074178730e-01 3.700362712603406656e-01 3.705698992605482855e-01 3.714241433757058952e-01 3.717588901005596802e-01 3.712914786096492281e-01 3.700484370908198040e-01 3.682224303686205680e-01 3.667092367091574490e-01 3.662987903618574737e-01 3.669481442150279160e-01 3.679302315872991502e-01 3.683849129836981873e-01 3.680379339559121665e-01 3.669094167580199684e-01 3.652098474067690947e-01 3.638441183496630149e-01 3.635996645693149731e-01 3.644550639911049439e-01 3.656629248556414469e-01 3.663377727478077106e-01 3.662222735435659016e-01 3.653239348001032782e-01 3.638843805770228257e-01 3.628141133965332443e-01 3.628885548067617428e-01 3.641201259483915487e-01 3.657251862800400266e-01 3.667833175764355635e-01 3.670699257518905689e-01 3.665702891123202023e-01 3.655733930649253671e-01 3.649843344214708241e-01 3.655488977893512903e-01 3.673216581379160628e-01 3.694542907021393097e-01 3.709646952314163415e-01 3.715926285759985626e-01
3.736041939542554258e-01 3.727846216889688091e-01 3.706366094324526350e-01 3.676505988697041372e-01 3.656442660870529715e-01 3.651037461224561076e-01 3.659867821983500136e-01 3.677996308115873969e-01 3.687990124745048615e-01 3.685068021372632230e-01 3.669323137122861844e-01 3.645326419402383222e-01 3.630645880222834188e-01 3.630086779597011537e-01 3.643533950941936772e-01 3.666110018793038439e-01 3.680438278640278393e-01 3.681912695918697631e-01 3.670509250893288500e-01 3.650853977546268947e-01 3.639882088587205744e-01 3.642431882678169863e-01 3.658620477785958780e-01 3.683586538861989279e-01 3.700281755575512976e-01 3.704223254607542093e-01 3.695323940119357164e-01 3.678225866080134798e-01 3.669254492451571315e-01 3.673323219199687850e-01 3.690708370481336487e-01 3.716573644997817061e-01 3.734289233903822502e-01 3.739467385059369597e-01 3.732003978840263692e-01 3.716545074216665578e-01 3.708855467614435297e-01 3.713831530109431567e-01 3.731639458735937498e-01 3.757259710929907182e-01 3.774709253843659962e-01 3.779584300048570156e-01 3.771725653579942050e-01 3.755465980042664298e-01 3.745231368130711447e-01 3.745880136383308856e-01 3.757508409766418533e-01 3.775324976360431850e-01 3.784777554418441436e-01 3.781588559775133085e-01 3.765877123139872995e-01 3.742168200890093610e-01 3.726617158038466049e-01 3.724347667008143792e-01 3.735460902447944043e-01 3.755096538265194628e-01 3.767015033048177197e-01 3.766642397285205335e-01 3.753987619204076087e-01 3.733612709049104472e-01 3.721835218946197843e-01 3.723516494224121121e-01 3.738535447747853291e-01 3.761779418409629261e-01 3.777043885240732313e-01 3.779786919103292897e-01 3.769899325081432773e-01 3.751676791579734438e-01 3.739874744322055355e-01 3.739305475105088039e-01 3.749930035037587484e-01 3.766931149233286868e-01 3.775619279902432401e-01 3.771668803410521686e-01 3.755222859863378559e-01 3.730794411217020490e-01 3.714677871246490626e-01 3.711967919594216236e-01 3.722712739134677595e-01 3.742051978273145396e-01 3.753700052573327728e-01 3.753073974097447807e-01 3.740192722975028694e-01 3.719602315232193313e-01 3.707628190528548529e-01 3.709103705212228874e-01 3.723866759634911205e-01 3.746811668177844612e-01 3.761795038814188530e-01 3.764280939775483392e-01 3.754172206346588214e-01 3.735719463273184382e-01 3.723533900205631131e-01 3.722376788724946484e-01 3.732107052958048010e-01 3.747893339054677031e-01 3.755319538970452453e-01 3.750054994868683433e-01 3.732271885463765426e-01 3.706349020984759934e-01 3.688280435444930005e-01 3.683049698051770182e-01 3.690465655216718099e-01 3.705660903036055998e-01 3.712902597008571615e-01 3.707559658655412704e-01 3.689744202047682275e-01 3.663814008654671661e-01 3.646365940882780321e-01 3.642198344749502104e-01 3.651019911079616542e-01 3.667954201609557874e-01 3.676733669347919120e-01 3.672743230095590894e-01 3.656070988536225252e-01 3.631170840807170230e-01 3.615019202021617639e-01 3.612439446821917310e-01 3.623309469278681028e-01 3.642824921003171013e-01 3.654138478359483244e-01 3.652652080963780801e-01 3.638389738168520959e-01 3.615928522784139787e-01 3.602547267966693667e-01 3.603088390097167193e-01 3.617662062503074760e-01 3.641500985563081438e-01 3.657137010405025479e-01 3.660034148882007621e-01 3.650098257925372680e-01 3.632077636623584072e-01 3.623299203768748922e-01 3.628662459763095649e-01 3.648586966140102139e-01 3.678248328968962144e-01 3.699582633674911580e-01 3.707722435243048231e-01
