1.770678859572555552e+02 1.770678861976992096e+02 1.770678867847427114e+02 1.770678903655614249e+02 1.770679067673034410e+02 1.770679391517054455e+02 1.770679921852080838e+02 1.770680501864957819e+02 1.770681064192322083e+02 1.770681638466222978e+02 1.770682233330558688e+02 1.770682909531966800e+02 1.770683753881784810e+02 1.770684699239960480e+02 1.770685826090513331e+02 1.770686954366338455e+02 1.770687971223498494e+02 1.770689009844254542e+02 1.770690032666228717e+02 1.770691199388820962e+02 1.770692491754371076e+02 1.770693840307675373e+02 1.770695279942988520e+02 1.770696649446604169e+02 1.770697879888582520e+02 1.770699104841706344e+02 1.770700296768467865e+02 1.770701594524439599e+02 1.770702998212730108e+02 1.770704321190354165e+02 1.770705657588037809e+02 1.770706848310013584e+02 1.770707881958557266e+02 1.770708888648812263e+02 1.770709842554554996e+02 1.770710843274966635e+02 1.770711815372961269e+02 1.770712614217071632e+02 1.770713296427796593e+02 1.770713818589109394e+02 1.770714195668903699e+02 1.770714519547965722e+02 1.770714798110549850e+02 1.770714966213384685e+02 1.770714991312092934e+02 1.770714767883895888e+02 1.770714282562606741e+02 1.770713652760345838e+02 1.770712989369382626e+02 1.770712230892343371e+02 1.770711408864300154e+02 1.770710343939720417e+02 1.770708960505128005e+02 1.770707312118821051e+02 1.770705321603880691e+02 1.770703269016700290e+02 1.770701323676001948e+02 1.770699236145950977e+02 1.770697113003463699e+02 1.770694593111942083e+02 1.770691662187226711e+02 1.770688559256898031e+02 1.770685110135671039e+02 1.770681728171158511e+02 1.770678619818493189e+02 1.770675383870136272e+02 1.770672146697329481e+02 1.770668420351940142e+02 1.770664258706054284e+02 1.770660084302116957e+02 1.770655619260473372e+02 1.770651397485082441e+02 1.770647583287006057e+02 1.770643651602668172e+02 1.770639755268125555e+02 1.770635333519193750e+02 1.770630492447701556e+02 1.770625789226403413e+02 1.770620901547191863e+02 1.770616352246886436e+02 1.770612315411852933e+02 1.770608152475266195e+02 1.770604078734666018e+02 1.770599466075825035e+02 1.770594522615749611e+02 1.770589793379917865e+02 1.770585002699128552e+02 1.770580631734476356e+02 1.770576742369784995e+02 1.770572772655712868e+02 1.770568880020390736e+02 1.770564542176337568e+02 1.770559902919571584e+02 1.770555576650889691e+02 1.770551255636144674e+02 1.770547335389976240e+02 1.770543890113878263e+02 1.770540370813340587e+02 1.770536939095221669e+02 1.770533088351540982e+02 1.770529043758283763e+02 1.770525314841731586e+02 1.770521665610599200e+02 1.770518379706302312e+02 1.770515509445529290e+02 1.770512590063895857e+02 1.770509725110260604e+02 1.770506540612857123e+02 1.770503226379456692e+02 1.770500231172028407e+02 1.770497357673434351e+02 1.770494818644641271e+02 1.770492609908581585e+02 1.770490351867452432e+02 1.770488136434476019e+02 1.770485701973307187e+02 1.770483216454760225e+02 1.770481006812121336e+02 1.770478975794838448e+02 1.770477225516023623e+02 1.770475721402096383e+02 1.770474198768492329e+02 1.770472695058712702e+02 1.770471057326070365e+02 1.770469437969910018e+02 1.770468113225016680e+02 1.770466981450571780e+02 1.770466063775454586e+02 1.770465295957196474e+02 1.770464528411899039e+02 1.770463791617846709e+02 1.770463014024307142e+02 1.770462309309036470e+02 1.770461890205218083e+02 1.770461697227063951e+02 1.770461651372519611e+02 1.770461670886795389e+02 1.770461668640455173e+02
1.770678861976992096e+02 1.770678845891947901e+02 1.770678835323442115e+02 1.770678859785704446e+02 1.770678997561979315e+02 1.770679317505351094e+02 1.770679851531585030e+02 1.770680463241772600e+02 1.770681035922909814e+02 1.770681650390469031e+02 1.770682220213977303e+02 1.770682898548883770e+02 1.770683710730962162e+02 1.770684636938888445e+02 1.770685754635484841e+02 1.770686913831260085e+02 1.770687968666633481e+02 1.770689034457796538e+02 1.770690074855138789e+02 1.770691232306734264e+02 1.770692502171488911e+02 1.770693804792498156e+02 1.770695237363123056e+02 1.770696630337918691e+02 1.770697894077323724e+02 1.770699170752729401e+02 1.770700370942451798e+02 1.770701678292687120e+02 1.770703058907232901e+02 1.770704345659968624e+02 1.770705673014341812e+02 1.770706885079455617e+02 1.770707941373752874e+02 1.770708995035134876e+02 1.770709957679390243e+02 1.770710977396443866e+02 1.770711945155536000e+02 1.770712730146735794e+02 1.770713398550615523e+02 1.770713916844778737e+02 1.770714307560628811e+02 1.770714650161392854e+02 1.770714920328197479e+02 1.770715124589859215e+02 1.770715140601029418e+02 1.770714934866961130e+02 1.770714449573409865e+02 1.770713821833455484e+02 1.770713143016574804e+02 1.770712358033828480e+02 1.770711535291446523e+02 1.770710486510591863e+02 1.770709135725608974e+02 1.770707534455461030e+02 1.770705561395633367e+02 1.770703487113875667e+02 1.770701485492088807e+02 1.770699363669842228e+02 1.770697194619752963e+02 1.770694678231306796e+02 1.770691801297938071e+02 1.770688773785985859e+02 1.770685363116085682e+02 1.770681958496243169e+02 1.770678775232907753e+02 1.770675468501692649e+02 1.770672159926236588e+02 1.770668410781576370e+02 1.770664320642866301e+02 1.770660234398511932e+02 1.770655847100869664e+02 1.770651609330624865e+02 1.770647701904467795e+02 1.770643681335255621e+02 1.770639681048400291e+02 1.770635235751893219e+02 1.770630480394856647e+02 1.770625872040838829e+02 1.770621091779384813e+02 1.770616546524742319e+02 1.770612397720250897e+02 1.770608141637842436e+02 1.770603942783467346e+02 1.770599313619500208e+02 1.770594442949166023e+02 1.770589826203678001e+02 1.770585144918348135e+02 1.770580753556013462e+02 1.770576794853722902e+02 1.770572735516850571e+02 1.770568750590747129e+02 1.770564344998971933e+02 1.770559792505179928e+02 1.770555553017613306e+02 1.770551328327812257e+02 1.770547428136079020e+02 1.770543915430324660e+02 1.770540314460104980e+02 1.770536776451574781e+02 1.770532889878377318e+02 1.770528901318003818e+02 1.770525258376568729e+02 1.770521686120797824e+02 1.770518428556755453e+02 1.770515516375483855e+02 1.770512510550643697e+02 1.770509568280685926e+02 1.770506341826530274e+02 1.770503076018829063e+02 1.770500139046309016e+02 1.770497332533247743e+02 1.770494821939839198e+02 1.770492573216639869e+02 1.770490273230574019e+02 1.770487997506349132e+02 1.770485521408119496e+02 1.770483056097268957e+02 1.770480915177292047e+02 1.770478930770108548e+02 1.770477212788475185e+02 1.770475689622514039e+02 1.770474114620219552e+02 1.770472569767602522e+02 1.770470904209084608e+02 1.770469287784638937e+02 1.770467986439881258e+02 1.770466887120929869e+02 1.770466002580650127e+02 1.770465242111660302e+02 1.770464469123006097e+02 1.770463676787773579e+02 1.770462862496973457e+02 1.770462167652959522e+02 1.770461754549131967e+02 1.770461575310881699e+02 1.770461576228293836e+02 1.770461616915266347e+02 1.770461639454019576e+02
1.770678867847427114e+02 1.770678835323442115e+02 1.770678769166684106e+02 1.770678716595879223e+02 1.770678821546221684e+02 1.770679110182381066e+02 1.770679637423598365e+02 1.770680323452075982e+02 1.770681003275593071e+02 1.770681649582105308e+02 1.770682244878680933e+02 1.770682861092308258e+02 1.770683577866300880e+02 1.770684473754429860e+02 1.770685552037882928e+02 1.770686770244654724e+02 1.770687968458250907e+02 1.770689106147805774e+02 1.770690216093220783e+02 1.770691333897510447e+02 1.770692502180056067e+02 1.770693744519637391e+02 1.770695110750569086e+02 1.770696558648214136e+02 1.770697962229911582e+02 1.770699328527992975e+02 1.770700621632388447e+02 1.770701935206126336e+02 1.770703220281923791e+02 1.770704446287565190e+02 1.770705711308488333e+02 1.770706936725996172e+02 1.770708123695098664e+02 1.770709252217532992e+02 1.770710303641539838e+02 1.770711354605235783e+02 1.770712255233006545e+02 1.770713016663903261e+02 1.770713653063785955e+02 1.770714166028053285e+02 1.770714605457104085e+02 1.770714985473272520e+02 1.770715291112198315e+02 1.770715551808946486e+02 1.770715580500730084e+02 1.770715383965391538e+02 1.770714954655414033e+02 1.770714286286401205e+02 1.770713535602354511e+02 1.770712725781551171e+02 1.770711852164157563e+02 1.770710845562509235e+02 1.770709588383853088e+02 1.770708100629526029e+02 1.770706272754300130e+02 1.770704120530168382e+02 1.770701939835588803e+02 1.770699663330899511e+02 1.770697344803624844e+02 1.770694856710314582e+02 1.770692173479988014e+02 1.770689323229796344e+02 1.770686130418223740e+02 1.770682660074813555e+02 1.770679214968182009e+02 1.770675666471404099e+02 1.770672081327523131e+02 1.770668333854195282e+02 1.770664496543292330e+02 1.770660657336042618e+02 1.770656565695313134e+02 1.770652271381067351e+02 1.770648051476736669e+02 1.770643738655213610e+02 1.770639417741735713e+02 1.770634906671026556e+02 1.770630454406892227e+02 1.770626128447773340e+02 1.770621676894703569e+02 1.770617103021957348e+02 1.770612644470084831e+02 1.770608097166554273e+02 1.770603539873964394e+02 1.770598813328287235e+02 1.770594252848693770e+02 1.770589910209698985e+02 1.770585568041485942e+02 1.770581200273068134e+02 1.770576952494792522e+02 1.770572602841301091e+02 1.770568258413609044e+02 1.770563758080181458e+02 1.770559495877206473e+02 1.770555496953806767e+02 1.770551600930741643e+02 1.770547737547401255e+02 1.770543989485929330e+02 1.770540149255185156e+02 1.770536277238371952e+02 1.770532274298164452e+02 1.770528522029320584e+02 1.770525091244763303e+02 1.770521806307430666e+02 1.770518622106026214e+02 1.770515514199603615e+02 1.770512318174648385e+02 1.770509091243540354e+02 1.770505734815527603e+02 1.770502654381963055e+02 1.770499899852426893e+02 1.770497331859345138e+02 1.770494896443355799e+02 1.770492531096282107e+02 1.770490063786108976e+02 1.770487554321277912e+02 1.770484963322896874e+02 1.770482610589686203e+02 1.770480598564843149e+02 1.770478810087103057e+02 1.770477177002382518e+02 1.770475607167518888e+02 1.770473931809037538e+02 1.770472199514901774e+02 1.770470397709663928e+02 1.770468847693147723e+02 1.770467630542015343e+02 1.770466659472831736e+02 1.770465888901894687e+02 1.770465125423293671e+02 1.770464292903841113e+02 1.770463387085376326e+02 1.770462466978152065e+02 1.770461760444945298e+02 1.770461378854597854e+02 1.770461263784397659e+02 1.770461376385518975e+02 1.770461496759891133e+02 1.770461525272740175e+02
1.770678903655614249e+02 1.770678859785704446e+02 1.770678716595879223e+02 1.770678554444835413e+02 1.770678614498589525e+02 1.770678886544901900e+02 1.770679391643813005e+02 1.770680159270186209e+02 1.770680993606549407e+02 1.770681710183105793e+02 1.770682315235766566e+02 1.770682851584242314e+02 1.770683471933664066e+02 1.770684302499375065e+02 1.770685286228276141e+02 1.770686600004800653e+02 1.770688005427419682e+02 1.770689292022746315e+02 1.770690488353549767e+02 1.770691522780684863e+02 1.770692549336395416e+02 1.770693701305045806e+02 1.770694968727373180e+02 1.770696499953949967e+02 1.770698151768392279e+02 1.770699673491024555e+02 1.770701113816469956e+02 1.770702351620659840e+02 1.770703463246669287e+02 1.770704629121652260e+02 1.770705793686074401e+02 1.770707128470549776e+02 1.770708507219851242e+02 1.770709765068278898e+02 1.770710958085510640e+02 1.770711946215451462e+02 1.770712730245803641e+02 1.770713453819459460e+02 1.770714072749505874e+02 1.770714657797382756e+02 1.770715222181431727e+02 1.770715656175486856e+02 1.770716002766547490e+02 1.770716208501061146e+02 1.770716223631673927e+02 1.770716065794067902e+02 1.770715735156496748e+02 1.770715126652004585e+02 1.770714345559619289e+02 1.770713465563181899e+02 1.770712452302250313e+02 1.770711426278868714e+02 1.770710298377217100e+02 1.770708905767534418e+02 1.770707336700762653e+02 1.770705256619243357e+02 1.770702836767975725e+02 1.770700346107737175e+02 1.770697673025644292e+02 1.770695149758236653e+02 1.770692747387019779e+02 1.770690099391351850e+02 1.770687299991698183e+02 1.770683916465076493e+02 1.770680024538049224e+02 1.770676148373093213e+02 1.770672042501604437e+02 1.770668254637362509e+02 1.770664827574591129e+02 1.770661243021380358e+02 1.770657653841585955e+02 1.770653455151028481e+02 1.770648709599802260e+02 1.770643984859380566e+02 1.770639026845060755e+02 1.770634477300486651e+02 1.770630508642415464e+02 1.770626478601465976e+02 1.770622556414856774e+02 1.770618120544561975e+02 1.770613113391378590e+02 1.770608131773072671e+02 1.770602915392406942e+02 1.770598142552713057e+02 1.770594077811185798e+02 1.770590051740078081e+02 1.770586229319855534e+02 1.770581993607642914e+02 1.770577237167893543e+02 1.770572492279378025e+02 1.770567513565223123e+02 1.770562963957441411e+02 1.770559144726227601e+02 1.770555450885152027e+02 1.770552040151611948e+02 1.770548306268759404e+02 1.770544121354039930e+02 1.770539926875947003e+02 1.770535492732430498e+02 1.770531418560588293e+02 1.770528086166150388e+02 1.770524905187421325e+02 1.770522043915109691e+02 1.770518984712051065e+02 1.770515551218496455e+02 1.770512051947507928e+02 1.770508344455027157e+02 1.770504918975244379e+02 1.770502154769108358e+02 1.770499606551906311e+02 1.770497376402091732e+02 1.770495076118965585e+02 1.770492473842033121e+02 1.770489788297572602e+02 1.770486889508781303e+02 1.770484194552707038e+02 1.770482091726176463e+02 1.770480238844652945e+02 1.770478690406854980e+02 1.770477197158074603e+02 1.770475477247833282e+02 1.770473660615472511e+02 1.770471630421637030e+02 1.770469744297470811e+02 1.770468331748750472e+02 1.770467209927468843e+02 1.770466391680337779e+02 1.770465735060569727e+02 1.770464949741739815e+02 1.770464039462491712e+02 1.770462955960308591e+02 1.770461922775951678e+02 1.770461267351736581e+02 1.770460923552002726e+02 1.770460866272504461e+02 1.770461095668230200e+02 1.770461312851893183e+02 1.770461364791481742e+02
1.770679067673034410e+02 1.770678997561979315e+02 1.770678821546221684e+02 1.770678614498589525e+02 1.770678654522823479e+02 1.770678933559368602e+02 1.770679414894964907e+02 1.770680230124107766e+02 1.770681128056976377e+02 1.770681894566570236e+02 1.770682523487087678e+02 1.770683019973062926e+02 1.770683594084517836e+02 1.770684418023285502e+02 1.770685383622149516e+02 1.770686759278389104e+02 1.770688281737100453e+02 1.770689635731918941e+02 1.770690892481521246e+02 1.770691885717268690e+02 1.770692858003562264e+02 1.770693997174180367e+02 1.770695241844661609e+02 1.770696855977776636e+02 1.770698671126259569e+02 1.770700285295781669e+02 1.770701784939824677e+02 1.770702991027700079e+02 1.770704040535037791e+02 1.770705186141847776e+02 1.770706356385991853e+02 1.770707788985038178e+02 1.770709332615460596e+02 1.770710700347702016e+02 1.770711921244230780e+02 1.770712848068196479e+02 1.770713581109665142e+02 1.770714319429299906e+02 1.770714978421057140e+02 1.770715694031687519e+02 1.770716385827016381e+02 1.770716876153473436e+02 1.770717180486889220e+02 1.770717327095655662e+02 1.770717309600018439e+02 1.770717181684221373e+02 1.770716948215589071e+02 1.770716473818821726e+02 1.770715761728841073e+02 1.770714856691357397e+02 1.770713731731300129e+02 1.770712610216199607e+02 1.770711488081828122e+02 1.770710168435464027e+02 1.770708733002473707e+02 1.770706785421698726e+02 1.770704330029858227e+02 1.770701703229825057e+02 1.770698824255144075e+02 1.770696192826917184e+02 1.770693830444878643e+02 1.770691267072952826e+02 1.770688650408763465e+02 1.770685372469434355e+02 1.770681353488024570e+02 1.770677220272057184e+02 1.770672835796145250e+02 1.770668939588735498e+02 1.770665610411860484e+02 1.770662144433892990e+02 1.770658765755075024e+02 1.770654653497659581e+02 1.770649711364611960e+02 1.770644698216906647e+02 1.770639426575602329e+02 1.770634821893707453e+02 1.770630975667496614e+02 1.770627098562412129e+02 1.770623394684762673e+02 1.770619005295477564e+02 1.770613794826851120e+02 1.770608524510764710e+02 1.770602990418413754e+02 1.770598190473179727e+02 1.770594264649709260e+02 1.770590397756344601e+02 1.770586777501318068e+02 1.770582604780455824e+02 1.770577637712556225e+02 1.770572623286389842e+02 1.770567362725621194e+02 1.770562799389902295e+02 1.770559138327129745e+02 1.770555599188319604e+02 1.770552350863362392e+02 1.770548681278152685e+02 1.770544327734688466e+02 1.770539883797221421e+02 1.770535208466635595e+02 1.770531134320356443e+02 1.770527950669215329e+02 1.770524895048219776e+02 1.770522185976649610e+02 1.770519183284043550e+02 1.770515593000850743e+02 1.770511908884370769e+02 1.770508005873697641e+02 1.770504584320500499e+02 1.770501950694587947e+02 1.770499498177113935e+02 1.770497378681622251e+02 1.770495132494177710e+02 1.770492417011009252e+02 1.770489596193491479e+02 1.770486533677570833e+02 1.770483842943348805e+02 1.770481839981520977e+02 1.770480060407855660e+02 1.770478595357071754e+02 1.770477133981025020e+02 1.770475349682270689e+02 1.770473434250213529e+02 1.770471305933390624e+02 1.770469411963542257e+02 1.770468068695074066e+02 1.770466994615536862e+02 1.770466220580231322e+02 1.770465585897487983e+02 1.770464795483081559e+02 1.770463828055201532e+02 1.770462684505778839e+02 1.770461637520087947e+02 1.770461020388964641e+02 1.770460676805165292e+02 1.770460630589705602e+02 1.770460887914455554e+02 1.770461124674434359e+02 1.770461206817261655e+02
1.770679391517054455e+02 1.770679317505351094e+02 1.770679110182381066e+02 1.770678886544901900e+02 1.770678933559368602e+02 1.770679213376768359e+02 1.770679713024715340e+02 1.770680565368487009e+02 1.770681508174860994e+02 1.770682283082687434e+02 1.770682907512690747e+02 1.770683397952538201e+02 1.770683991736432574e+02 1.770684815239830243e+02 1.770685830901070972e+02 1.770687270385802776e+02 1.770688855898310123e+02 1.770690246055596049e+02 1.770691496563086673e+02 1.770692493439739792e+02 1.770693464837962097e+02 1.770694642580261018e+02 1.770695956707989467e+02 1.770697674156590438e+02 1.770699566138043224e+02 1.770701236770026128e+02 1.770702734254855955e+02 1.770703921000713592e+02 1.770704990164470303e+02 1.770706177496130636e+02 1.770707443193686288e+02 1.770709010348250843e+02 1.770710676082253201e+02 1.770712097401884080e+02 1.770713305234686743e+02 1.770714199061826548e+02 1.770714927779342247e+02 1.770715700756585420e+02 1.770716478674100358e+02 1.770717334243929031e+02 1.770718155149799031e+02 1.770718690125498540e+02 1.770718953580496589e+02 1.770719014791525865e+02 1.770718968330002667e+02 1.770718884004898257e+02 1.770718758897262148e+02 1.770718447427443039e+02 1.770717853512174145e+02 1.770716977471147402e+02 1.770715771258157645e+02 1.770714523084991185e+02 1.770713335414857852e+02 1.770712044394812210e+02 1.770710670275116172e+02 1.770708863476791635e+02 1.770706473464807118e+02 1.770703842232567524e+02 1.770700827338904730e+02 1.770698039522640101e+02 1.770695569842011992e+02 1.770692970975367189e+02 1.770690397261622593e+02 1.770687183872380217e+02 1.770683207821648466e+02 1.770679031959286647e+02 1.770674485760243613e+02 1.770670430560420527e+02 1.770667004812628704e+02 1.770663481874449303e+02 1.770660102419024327e+02 1.770656013703217013e+02 1.770651089657857540e+02 1.770646034977981458e+02 1.770640632330188851e+02 1.770635880945953033e+02 1.770631951369688863e+02 1.770628016416152661e+02 1.770624305846822608e+02 1.770619947244086347e+02 1.770614708025528614e+02 1.770609381922743353e+02 1.770603772206742406e+02 1.770598860134151948e+02 1.770594884946554828e+02 1.770590974777310578e+02 1.770587347917641239e+02 1.770583166459085191e+02 1.770578183989309764e+02 1.770573136987420639e+02 1.770567808793667552e+02 1.770563184406921096e+02 1.770559489854605317e+02 1.770555922522846402e+02 1.770552666307694381e+02 1.770548984903385872e+02 1.770544617193398551e+02 1.770540149478183309e+02 1.770535434889151816e+02 1.770531318203307194e+02 1.770528095951771661e+02 1.770525042000357132e+02 1.770522321088036790e+02 1.770519305259938392e+02 1.770515710818597768e+02 1.770512016038031788e+02 1.770508080153622075e+02 1.770504631450593251e+02 1.770501989877638778e+02 1.770499542570032361e+02 1.770497417862678162e+02 1.770495163137092902e+02 1.770492445161783337e+02 1.770489590591029980e+02 1.770486525668458171e+02 1.770483825729660055e+02 1.770481822408548851e+02 1.770480021456915551e+02 1.770478570264561995e+02 1.770477096857480888e+02 1.770475311758041812e+02 1.770473385540335016e+02 1.770471244623096254e+02 1.770469349695533765e+02 1.770468014924533122e+02 1.770466929348743861e+02 1.770466148584929726e+02 1.770465518885937684e+02 1.770464703330298732e+02 1.770463741649603548e+02 1.770462587223405819e+02 1.770461541378426489e+02 1.770460937664684593e+02 1.770460594220697885e+02 1.770460549691096332e+02 1.770460808834094166e+02 1.770461041200225054e+02 1.770461122937678340e+02
1.770679921852080838e+02 1.770679851531585030e+02 1.770679637423598365e+02 1.770679391643813005e+02 1.770679414894964907e+02 1.770679713024715340e+02 1.770680273908780578e+02 1.770681208957205399e+02 1.770682136791700714e+02 1.770682893487945648e+02 1.770683508608499324e+02 1.770683960278259121e+02 1.770684593041827100e+02 1.770685477943229102e+02 1.770686606620615748e+02 1.770688162793017568e+02 1.770689767697002992e+02 1.770691139634433000e+02 1.770692343547718792e+02 1.770693300308279845e+02 1.770694322394414257e+02 1.770695605489085551e+02 1.770697079276586692e+02 1.770698997726790651e+02 1.770700950172366674e+02 1.770702611128282626e+02 1.770704033174580729e+02 1.770705135761739939e+02 1.770706245622413064e+02 1.770707559199244372e+02 1.770709034290553063e+02 1.770710879909021287e+02 1.770712670561509867e+02 1.770714098502365914e+02 1.770715200867618080e+02 1.770715934981233772e+02 1.770716681964137535e+02 1.770717555733493782e+02 1.770718507757524947e+02 1.770719735307730787e+02 1.770720737288725957e+02 1.770721300947645602e+02 1.770721444883974982e+02 1.770721243408608245e+02 1.770721143253680907e+02 1.770721092081175243e+02 1.770721104516390767e+02 1.770721186842408486e+02 1.770720862121816879e+02 1.770720048578746173e+02 1.770718725668735942e+02 1.770717129952879247e+02 1.770715772964159100e+02 1.770714417801329432e+02 1.770713104517630825e+02 1.770711610379986780e+02 1.770709515129503586e+02 1.770706965477667438e+02 1.770703841646749765e+02 1.770700640646073509e+02 1.770697899737172349e+02 1.770695153747295763e+02 1.770692491500996084e+02 1.770689495645972897e+02 1.770685782222053319e+02 1.770681714877957802e+02 1.770677124780885379e+02 1.770672671091105030e+02 1.770668897080105637e+02 1.770665166223351719e+02 1.770661617072734373e+02 1.770657662244331618e+02 1.770652978742640471e+02 1.770648071068794422e+02 1.770642703036105843e+02 1.770637623443025177e+02 1.770633364988383107e+02 1.770629207874954432e+02 1.770625283077820029e+02 1.770620964927458658e+02 1.770615974783917181e+02 1.770610818674277596e+02 1.770605288759234668e+02 1.770600163073119120e+02 1.770595878253910769e+02 1.770591739854813511e+02 1.770587900697686905e+02 1.770583723805422949e+02 1.770578940150669212e+02 1.770574065929186816e+02 1.770568877046117109e+02 1.770564085238868586e+02 1.770560154552288452e+02 1.770556384442178910e+02 1.770552940016306707e+02 1.770549242009415138e+02 1.770545022807812643e+02 1.770540728841433804e+02 1.770536158121917083e+02 1.770531956220465588e+02 1.770528544294646167e+02 1.770525329066540507e+02 1.770522439842199276e+02 1.770519382497670904e+02 1.770515905849235310e+02 1.770512364571850128e+02 1.770508571116867529e+02 1.770505073207979763e+02 1.770502283091204276e+02 1.770499712306116180e+02 1.770497453885683115e+02 1.770495162163873317e+02 1.770492519197734964e+02 1.770489785325161733e+02 1.770486854535473640e+02 1.770484138049545493e+02 1.770482020873277236e+02 1.770480152221912817e+02 1.770478580004946991e+02 1.770477082039915615e+02 1.770475333584994928e+02 1.770473483849149261e+02 1.770471444952589195e+02 1.770469539044875944e+02 1.770468142717957392e+02 1.770467026025262669e+02 1.770466183517064280e+02 1.770465507057647301e+02 1.770464716960047724e+02 1.770463785133098042e+02 1.770462695360330088e+02 1.770461678561815972e+02 1.770461041685359476e+02 1.770460681440534927e+02 1.770460622086545470e+02 1.770460841954161424e+02 1.770461034941961032e+02 1.770461096798117637e+02
1.770680501864957819e+02 1.770680463241772600e+02 1.770680323452075982e+02 1.770680159270186209e+02 1.770680230124107766e+02 1.770680565368487009e+02 1.770681208957205399e+02 1.770682076910215415e+02 1.770682904775153190e+02 1.770683636360709272e+02 1.770684237723259002e+02 1.770684809392035390e+02 1.770685583173616635e+02 1.770686579499244147e+02 1.770687863271582501e+02 1.770689424182588994e+02 1.770690867730424429e+02 1.770692194033225917e+02 1.770693349032352444e+02 1.770694450650203180e+02 1.770695695176934805e+02 1.770697135344103117e+02 1.770698837783822626e+02 1.770700811606706111e+02 1.770702584818218384e+02 1.770704211893794024e+02 1.770705590565231375e+02 1.770706835231205503e+02 1.770708212540230306e+02 1.770709712025283693e+02 1.770711415836057370e+02 1.770713348466675825e+02 1.770715020743387242e+02 1.770716420928209516e+02 1.770717531289916451e+02 1.770718376180320774e+02 1.770719347393234671e+02 1.770720361122187967e+02 1.770721485999992524e+02 1.770722792933610492e+02 1.770723743385822502e+02 1.770724337977907794e+02 1.770724555298802159e+02 1.770724430046652174e+02 1.770724426166031833e+02 1.770724433430683575e+02 1.770724473237248731e+02 1.770724601860695202e+02 1.770724335956928144e+02 1.770723644084875446e+02 1.770722518495514066e+02 1.770720927858748439e+02 1.770719460883764498e+02 1.770718021283019823e+02 1.770716486618192675e+02 1.770714957439513455e+02 1.770713049578928633e+02 1.770710652985685272e+02 1.770707851933999564e+02 1.770704552694793108e+02 1.770701433033379146e+02 1.770698426161509076e+02 1.770695306358771859e+02 1.770692166913851793e+02 1.770688752427744248e+02 1.770684890906190105e+02 1.770680719276653292e+02 1.770676127887717541e+02 1.770671796004305634e+02 1.770667699058723485e+02 1.770663571940390568e+02 1.770659433274760204e+02 1.770655134821440697e+02 1.770650504901246052e+02 1.770645652617638177e+02 1.770640448143932417e+02 1.770635568317013053e+02 1.770631032775190477e+02 1.770626480587768015e+02 1.770621960502068930e+02 1.770617389497660383e+02 1.770612551618522446e+02 1.770607576008846706e+02 1.770602345722798248e+02 1.770597456076253309e+02 1.770592962937416530e+02 1.770588525678884366e+02 1.770584155374266970e+02 1.770579779851318847e+02 1.770575209663770693e+02 1.770570562104530268e+02 1.770565747945491921e+02 1.770561257982013785e+02 1.770557177863846618e+02 1.770553206740961514e+02 1.770549319173153719e+02 1.770545466711583913e+02 1.770541464644727512e+02 1.770537387651582435e+02 1.770533188180685045e+02 1.770529324344005886e+02 1.770525844998360299e+02 1.770522517368233366e+02 1.770519299281837959e+02 1.770516127269896174e+02 1.770512810924079758e+02 1.770509461220410685e+02 1.770506006286695992e+02 1.770502858424283943e+02 1.770500083739150057e+02 1.770497485226622416e+02 1.770495031845227913e+02 1.770492603521936985e+02 1.770490080532060801e+02 1.770487487759799308e+02 1.770484830617400860e+02 1.770482453216106649e+02 1.770480435934402408e+02 1.770478637390205279e+02 1.770476987098725203e+02 1.770475360410511882e+02 1.770473645549161574e+02 1.770471873578760267e+02 1.770470063324291345e+02 1.770468510457287152e+02 1.770467273241855821e+02 1.770466309943270460e+02 1.770465511790182234e+02 1.770464725427505073e+02 1.770463878031183356e+02 1.770462958424012356e+02 1.770462030379069063e+02 1.770461327883369052e+02 1.770460948611579113e+02 1.770460841637823535e+02 1.770460944967180126e+02 1.770461056759348821e+02 1.770461090312435601e+02
1.770681064192322083e+02 1.770681035922909814e+02 1.770681003275593071e+02 1.770680993606549407e+02 1.770681128056976377e+02 1.770681508174860994e+02 1.770682136791700714e+02 1.770682904775153190e+02 1.770683632334586832e+02 1.770684351917108188e+02 1.770685033749006436e+02 1.770685799373051452e+02 1.770686727025871221e+02 1.770687813087862139e+02 1.770689170325604209e+02 1.770690608992391333e+02 1.770691922666746905e+02 1.770693244375373467e+02 1.770694507447171304e+02 1.770695855150511875e+02 1.770697359861552798e+02 1.770698930207702801e+02 1.770700737739132364e+02 1.770702563914259713e+02 1.770704205553890063e+02 1.770705839649010329e+02 1.770707356502739174e+02 1.770708980387428539e+02 1.770710662492008964e+02 1.770712339634975763e+02 1.770714122296305959e+02 1.770715851232533282e+02 1.770717372845978446e+02 1.770718822346970001e+02 1.770720135050634951e+02 1.770721453096410869e+02 1.770722745396086566e+02 1.770723896841205658e+02 1.770725008946126309e+02 1.770725999626915268e+02 1.770726800891818300e+02 1.770727464639969924e+02 1.770727965022670389e+02 1.770728339413618926e+02 1.770728608279630123e+02 1.770728699424358581e+02 1.770728585216450597e+02 1.770728329720477063e+02 1.770727923969922415e+02 1.770727308823185808e+02 1.770726543037069405e+02 1.770725504438682947e+02 1.770724188562529378e+02 1.770722674426875187e+02 1.770720792166191302e+02 1.770718769859480801e+02 1.770716719234862353e+02 1.770714400978411334e+02 1.770711948581566446e+02 1.770709082941846475e+02 1.770705929062195594e+02 1.770702678437697841e+02 1.770699048544256016e+02 1.770695394866388597e+02 1.770691859676628610e+02 1.770688080645055322e+02 1.770684245749021102e+02 1.770679929715389846e+02 1.770675399956658396e+02 1.770670975962097202e+02 1.770666301093056063e+02 1.770661718391460795e+02 1.770657409288265001e+02 1.770652876874552817e+02 1.770648355110776038e+02 1.770643382387283680e+02 1.770638218703188898e+02 1.770633338005933410e+02 1.770628287494274673e+02 1.770623426682612376e+02 1.770618901678901125e+02 1.770614201518134792e+02 1.770609555014002012e+02 1.770604476368281723e+02 1.770599290806220552e+02 1.770594487717738446e+02 1.770589580064451241e+02 1.770584953976450606e+02 1.770580695604795096e+02 1.770576274981001745e+02 1.770571928111934596e+02 1.770567218878600215e+02 1.770562464285819431e+02 1.770558118373975276e+02 1.770553757446344889e+02 1.770549691315058567e+02 1.770545956396396150e+02 1.770542097729214674e+02 1.770538298566798687e+02 1.770534190967316306e+02 1.770530088298367843e+02 1.770526388483262394e+02 1.770522762068751490e+02 1.770519420530846162e+02 1.770516355368077086e+02 1.770513180404681179e+02 1.770510066000077813e+02 1.770506685756769514e+02 1.770503350841519250e+02 1.770500409782213183e+02 1.770497604533164804e+02 1.770495039972827271e+02 1.770492695902768219e+02 1.770490270816569875e+02 1.770487866035107345e+02 1.770485294983247400e+02 1.770482787112591154e+02 1.770480654347381346e+02 1.770478692076897858e+02 1.770476953365133852e+02 1.770475363803858215e+02 1.770473722744078771e+02 1.770472108136706595e+02 1.770470374455386207e+02 1.770468735666709108e+02 1.770467436725566017e+02 1.770466364919664386e+02 1.770465482975043585e+02 1.770464707887359452e+02 1.770463889957527783e+02 1.770463065337220314e+02 1.770462211451320513e+02 1.770461502462703720e+02 1.770461092163169212e+02 1.770460939291922671e+02 1.770460978368961094e+02 1.770461017316083314e+02 1.770461050124007443e+02
1.770681638466222978e+02 1.770681650390469031e+02 1.770681649582105308e+02 1.770681710183105793e+02 1.770681894566570236e+02 1.770682283082687434e+02 1.770682893487945648e+02 1.770683636360709272e+02 1.770684351917108188e+02 1.770685110617810665e+02 1.770685883466592827e+02 1.770686748757987345e+02 1.770687765154810904e+02 1.770688903524192312e+02 1.770690261967163508e+02 1.770691665717072567e+02 1.770693003963637011e+02 1.770694422872543896e+02 1.770695800760780116e+02 1.770697352116025627e+02 1.770698997074988199e+02 1.770700657997563496e+02 1.770702459269064093e+02 1.770704244707004875e+02 1.770705909215512008e+02 1.770707665542087454e+02 1.770709403523007666e+02 1.770711303525350786e+02 1.770713205708077567e+02 1.770714981631610954e+02 1.770716743922080809e+02 1.770718391775223211e+02 1.770719898690645948e+02 1.770721497221008747e+02 1.770723083999788798e+02 1.770724768442163963e+02 1.770726339452506863e+02 1.770727581068862833e+02 1.770728623993222470e+02 1.770729419978550254e+02 1.770730147987521832e+02 1.770730911917792980e+02 1.770731696601710894e+02 1.770732504309948183e+02 1.770733051340965005e+02 1.770733209580222649e+02 1.770732966889873978e+02 1.770732436770012725e+02 1.770731890751674200e+02 1.770731356887935419e+02 1.770730877483070458e+02 1.770730242522445224e+02 1.770729209122823136e+02 1.770727707759013185e+02 1.770725587509889181e+02 1.770723156509211265e+02 1.770720838790017524e+02 1.770718477740809931e+02 1.770716191365294492e+02 1.770713626135795948e+02 1.770710627020400523e+02 1.770707314748439671e+02 1.770703372257580099e+02 1.770699255462857309e+02 1.770695396018086001e+02 1.770691465023057560e+02 1.770687667417894602e+02 1.770683521839330581e+02 1.770679032927653509e+02 1.770674517259115532e+02 1.770669548504167210e+02 1.770664606949088977e+02 1.770660013804390758e+02 1.770655360222412753e+02 1.770650825414399776e+02 1.770645928737799863e+02 1.770640789206520935e+02 1.770635815661142374e+02 1.770630546037488671e+02 1.770625399090351380e+02 1.770620674500124494e+02 1.770615852687651852e+02 1.770611162362415598e+02 1.770606128539018016e+02 1.770600921391822737e+02 1.770596041393398821e+02 1.770591004912522237e+02 1.770586183059498637e+02 1.770581776747387721e+02 1.770577256834504567e+02 1.770572882918403650e+02 1.770568175950864145e+02 1.770563401366953542e+02 1.770559007261616387e+02 1.770554568202648795e+02 1.770550378529491979e+02 1.770546551598890801e+02 1.770542619752570488e+02 1.770538787841214514e+02 1.770534677930470480e+02 1.770530550467238697e+02 1.770526822148233919e+02 1.770523149711287658e+02 1.770519734123314777e+02 1.770516626090306431e+02 1.770513409710323742e+02 1.770510272636807372e+02 1.770506904442137568e+02 1.770503544678118715e+02 1.770500583095026172e+02 1.770497750044345935e+02 1.770495156058198347e+02 1.770492779133072929e+02 1.770490329454631535e+02 1.770487925247269914e+02 1.770485343893455195e+02 1.770482818752057312e+02 1.770480660196344331e+02 1.770478694845820087e+02 1.770476932517160265e+02 1.770475347350199229e+02 1.770473703892851631e+02 1.770472064823884182e+02 1.770470321067542727e+02 1.770468666870160632e+02 1.770467362803319133e+02 1.770466279104500984e+02 1.770465413038101019e+02 1.770464630869691405e+02 1.770463799065942965e+02 1.770462977293139772e+02 1.770462115622147223e+02 1.770461385493762805e+02 1.770460982062443520e+02 1.770460833261809057e+02 1.770460864926238571e+02 1.770460934822127967e+02 1.770460964175769902e+02
1.770682233330558688e+02 1.770682220213977303e+02 1.770682244878680933e+02 1.770682315235766566e+02 1.770682523487087678e+02 1.770682907512690747e+02 1.770683508608499324e+02 1.770684237723259002e+02 1.770685033749006436e+02 1.770685883466592827e+02 1.770686743291329321e+02 1.770687724191487575e+02 1.770688747750223229e+02 1.770689887256956752e+02 1.770691178545817763e+02 1.770692593570194902e+02 1.770694056713050770e+02 1.770695611991633029e+02 1.770697240012388818e+02 1.770699001467456526e+02 1.770700679041617320e+02 1.770702337887766760e+02 1.770704067188612498e+02 1.770705793601127027e+02 1.770707610996700225e+02 1.770709581189212543e+02 1.770711669719269992e+02 1.770713925882583908e+02 1.770715933213807034e+02 1.770717723601991054e+02 1.770719389970594193e+02 1.770720879834267691e+02 1.770722493406779563e+02 1.770724316432873593e+02 1.770726317623675357e+02 1.770728527199229347e+02 1.770730263002247398e+02 1.770731559574307994e+02 1.770732464801252490e+02 1.770732961276325454e+02 1.770733606594888272e+02 1.770734533522806942e+02 1.770735715631331573e+02 1.770737118785273196e+02 1.770737917048828933e+02 1.770738149765528249e+02 1.770737816301571570e+02 1.770736818634039764e+02 1.770736071337597650e+02 1.770735584696049330e+02 1.770735427919552762e+02 1.770735437440968667e+02 1.770734722447957665e+02 1.770733309939230651e+02 1.770731085640512390e+02 1.770728034381412499e+02 1.770725223235081103e+02 1.770722690093868721e+02 1.770720480324648634e+02 1.770718413024290783e+02 1.770715740351215004e+02 1.770712488363517423e+02 1.770708480018774935e+02 1.770703705249828204e+02 1.770699202795667873e+02 1.770694909814419589e+02 1.770690937789550787e+02 1.770687046216808085e+02 1.770682867777346701e+02 1.770678446685749918e+02 1.770673517695968542e+02 1.770668021342547149e+02 1.770662837615537342e+02 1.770657789392274140e+02 1.770652967980644235e+02 1.770648203383595103e+02 1.770643374548121187e+02 1.770638538614590516e+02 1.770633388501040315e+02 1.770627882555530448e+02 1.770622604347142897e+02 1.770617408940193798e+02 1.770612379151007474e+02 1.770607359998381298e+02 1.770602454600010560e+02 1.770597717320753759e+02 1.770592857876693813e+02 1.770587810076822564e+02 1.770582962971535608e+02 1.770578143172993464e+02 1.770573411283984342e+02 1.770568665892683384e+02 1.770564141380793899e+02 1.770559899717144674e+02 1.770555648777400677e+02 1.770551347564230582e+02 1.770547210561352927e+02 1.770543018099970993e+02 1.770538873126088788e+02 1.770534670504800658e+02 1.770530735335375994e+02 1.770527165521561699e+02 1.770523699892287937e+02 1.770520260934988528e+02 1.770516928588610028e+02 1.770513522112831879e+02 1.770510110186178849e+02 1.770506629708339972e+02 1.770503442968037291e+02 1.770500614212615460e+02 1.770497940925791909e+02 1.770495371835052367e+02 1.770492859814823134e+02 1.770490279932547537e+02 1.770487641991703356e+02 1.770484954566571218e+02 1.770482532888769640e+02 1.770480477110638162e+02 1.770478638739805035e+02 1.770476950250821915e+02 1.770475301811076747e+02 1.770473548817636527e+02 1.770471741519969271e+02 1.770469875494976577e+02 1.770468289043959089e+02 1.770467043622056735e+02 1.770466070436290522e+02 1.770465277534696895e+02 1.770464500369569123e+02 1.770463619255913557e+02 1.770462680047250501e+02 1.770461701662184737e+02 1.770460994922980547e+02 1.770460596766805565e+02 1.770460498101918461e+02 1.770460646046350348e+02 1.770460773527667868e+02 1.770460814856556624e+02
