1.291327838772827752e+00 1.291472025719018202e+00 1.291828487579936180e+00 1.292394220099689184e+00 1.292981972951402936e+00 1.293279340235238051e+00 1.293272301410659741e+00 1.293167135628171538e+00 1.293147083630779015e+00 1.293267212565375468e+00 1.293529526458962353e+00 1.293934013584454146e+00 1.294300443063716832e+00 1.294369474156843003e+00 1.294139112014793591e+00 1.293853684256061731e+00 1.293692426628420877e+00 1.293676361784835471e+00 1.293808486843535999e+00 1.294058757207105614e+00 1.294250940874067224e+00 1.294152739485934456e+00 1.293766162677417064e+00 1.293357568594946772e+00 1.293102185951833238e+00 1.293001007330404351e+00 1.293052030233150740e+00 1.293211189013458995e+00 1.293303253428445876e+00 1.293108946958649641e+00 1.292636277554616964e+00 1.292161619925891847e+00 1.291859197969191575e+00 1.291717993361378047e+00 1.291737002305132442e+00 1.291865160098041976e+00 1.291930238714104728e+00 1.291717963289224613e+00 1.291235343583593487e+00 1.290762741971506422e+00 1.290470381433139968e+00 1.290348252540003404e+00 1.290394353814430239e+00 1.290567639158064939e+00 1.290694886942977293e+00 1.290550794298673143e+00 1.290138361403883271e+00 1.289723919897576287e+00 1.289477690720482350e+00 1.289398691996063828e+00 1.289486919137099896e+00 1.289703356586332283e+00 1.289874774563873228e+00 1.289762841730714538e+00 1.289370550107484137e+00 1.288961214322474902e+00 1.288710058496139954e+00 1.288618121104987191e+00 1.288683401693784036e+00 1.288865889596233938e+00 1.288987358996030785e+00 1.288821471597706658e+00 1.288376222598317744e+00 1.287925924524125465e+00 1.287645805058190707e+00 1.287529909266323491e+00 1.287578237661137326e+00 1.287747791683583110e+00 1.287862351090190760e+00 1.287700559298575742e+00 1.287265412398271414e+00 1.286828202790619047e+00 1.286562154120249657e+00 1.286461328856668196e+00 1.286525726491156041e+00 1.286712363841033158e+00 1.286848010628979022e+00 1.286703298182487964e+00 1.286280217245985735e+00 1.285848050506930074e+00 1.285581029494976768e+00 1.285475221795636225e+00 1.285530628943616360e+00 1.285704268848202103e+00 1.285821914072204475e+00 1.285662196658980516e+00 1.285231112844094303e+00 1.284800950524811691e+00 1.284542942092088413e+00 1.284457153542547303e+00 1.284540592389209701e+00 1.284761283180136493e+00 1.284951003406702652e+00 1.284877376420757278e+00 1.284544393900712178e+00 1.284203324631364662e+00 1.284024394643496825e+00 1.284018688338133041e+00 1.284187209011804720e+00 1.284512001309528584e+00 1.284825838841249679e+00 1.284876322997057896e+00 1.284659440067727365e+00 1.284409439615440407e+00 1.284294554920186515e+00 1.284343878048667342e+00 1.284557414638716866e+00 1.284926208831078664e+00 1.285281030188675233e+00 1.285362482588412902e+00 1.285166552827777586e+00 1.284925499729550724e+00 1.284810559307481004e+00 1.284850816487146830e+00 1.285047275593822258e+00 1.285386958879374930e+00 1.285695636323966884e+00 1.285722929672233894e+00 1.285466828726764765e+00 1.285166623092142135e+00 1.284996546893811598e+00 1.284975659257822533e+00 1.285102961501325192e+00 1.285347441619737463e+00 1.285533861154012580e+00 1.285426879028317426e+00 1.285027492381793257e+00 1.284600034852911854e+00 1.284320743069658821e+00 1.284183636238095394e+00 1.284188707683528996e+00 1.284275896374486248e+00 1.284266956508753887e+00 1.283958602862332876e+00 1.283365857238458752e+00 1.282797128222263439e+00 1.282440666396885476e+00 1.282296479464196892e+00
1.291472025719018202e+00 1.291637239906948453e+00 1.292048776053303705e+00 1.292708632066267294e+00 1.293375487641614585e+00 1.293677860658853485e+00 1.293602732845918313e+00 1.293415459064101602e+00 1.293352349295006531e+00 1.293470476752047293e+00 1.293773844390339489e+00 1.294259440305925768e+00 1.294696959970129235e+00 1.294764992363849565e+00 1.294465535905984899e+00 1.294096999919079005e+00 1.293892687069097436e+00 1.293877621434886604e+00 1.294050803806998884e+00 1.294383181659850113e+00 1.294645454263370743e+00 1.294545251397453578e+00 1.294087579305752023e+00 1.293595874956076086e+00 1.293298438339234524e+00 1.293198260966523572e+00 1.293292341640512433e+00 1.293533609948998686e+00 1.293694763581371809e+00 1.293499452804542482e+00 1.292953688168943405e+00 1.292394919534297193e+00 1.292050442584365300e+00 1.291911238944849716e+00 1.291973306679058409e+00 1.292185572929404724e+00 1.292319742801709470e+00 1.292104464650163154e+00 1.291548747674157394e+00 1.290991033297760548e+00 1.290655617027117286e+00 1.290534489382618721e+00 1.290625647867166936e+00 1.290884044955634469e+00 1.291081387284370052e+00 1.290937293110762774e+00 1.290451766513533993e+00 1.289953212981425290e+00 1.289663928071992149e+00 1.289586928785927844e+00 1.289719214437026196e+00 1.290021763860137227e+00 1.290264278650625096e+00 1.290153346046144289e+00 1.289688961969487568e+00 1.289195514667569986e+00 1.288902301807570927e+00 1.288811363624589035e+00 1.288920701193563945e+00 1.289187300102467626e+00 1.289377865350245678e+00 1.289211975910941499e+00 1.288692633492238171e+00 1.288157223161602305e+00 1.287834045411973438e+00 1.287719148316535112e+00 1.287812531366975488e+00 1.288065199741890376e+00 1.288250853924358896e+00 1.288088062925992983e+00 1.287579823857643690e+00 1.287058501709235747e+00 1.286749395774955840e+00 1.286649569716530328e+00 1.286758023308895771e+00 1.287030772120791200e+00 1.287237516240851143e+00 1.287091807144732369e+00 1.286596634269914885e+00 1.286080356010225634e+00 1.285770277222500146e+00 1.285666466396193641e+00 1.285764929785881749e+00 1.286022680700048992e+00 1.286210420477873262e+00 1.286048704148135879e+00 1.285543527946779507e+00 1.285028252857291831e+00 1.284727184089083485e+00 1.284641393492519601e+00 1.284768886758689943e+00 1.285073690095776655e+00 1.285333507438874978e+00 1.285259881989332831e+00 1.284853808848108736e+00 1.284429625719490042e+00 1.284206637217244040e+00 1.284201926525902815e+00 1.284412503729748911e+00 1.284823407486414215e+00 1.285209344123564357e+00 1.285260833115208667e+00 1.284973860751755792e+00 1.284640750024033329e+00 1.284483805209696072e+00 1.284532126064630519e+00 1.284787717648020688e+00 1.285240623365184964e+00 1.285667541780782575e+00 1.285749997993404392e+00 1.285484978510180953e+00 1.285161816383938893e+00 1.285003818181877033e+00 1.285044072796778458e+00 1.285282585870563654e+00 1.285705379433174089e+00 1.286085152175682200e+00 1.286113447798726828e+00 1.285787257935589789e+00 1.285405943494185577e+00 1.285194810471981697e+00 1.285173922836086113e+00 1.285343280585834913e+00 1.285670869955123585e+00 1.285926382804852386e+00 1.285819401192705991e+00 1.285349923062844013e+00 1.284841356726319050e+00 1.284521011198613616e+00 1.284385905323353283e+00 1.284434035063507284e+00 1.284603332270439102e+00 1.284661481683851303e+00 1.284348123336747305e+00 1.283677272649556445e+00 1.283015419333172202e+00 1.282603883207397599e+00 1.282438669035088186e+00
1.291828487579936180e+00 1.292048776053303705e+00 1.292619519915419124e+00 1.293581772401098728e+00 1.294484939997736284e+00 1.294798326750221218e+00 1.294516927945173590e+00 1.294059297138055120e+00 1.293863015177833864e+00 1.293977136110551207e+00 1.294403665492831035e+00 1.295159617413714548e+00 1.295811416529444982e+00 1.295879447393474493e+00 1.295365709954365396e+00 1.294725813654690416e+00 1.294393335366718967e+00 1.294378269732546549e+00 1.294678620372639033e+00 1.295281353210634867e+00 1.295753899761100447e+00 1.295650691109912156e+00 1.294974731513311550e+00 1.294208665145033743e+00 1.293786065306831379e+00 1.293688892699758730e+00 1.293913147426373422e+00 1.294427771916888625e+00 1.294798197737799361e+00 1.294597879698118792e+00 1.293830822282968640e+00 1.292993687145375770e+00 1.292525046184019866e+00 1.292388848839134852e+00 1.292584090803652552e+00 1.293071718791501734e+00 1.293415162891109915e+00 1.293194876457357756e+00 1.292414864994679613e+00 1.291574780649668908e+00 1.291114195550880028e+00 1.290997070862155205e+00 1.291221404596179401e+00 1.291759169945861929e+00 1.292171795523016753e+00 1.292025699871284017e+00 1.291319886840034625e+00 1.290540965836000309e+00 1.290126509548142009e+00 1.290053511687546228e+00 1.290318971058550535e+00 1.290902892260391788e+00 1.291363696085012780e+00 1.291252767049092309e+00 1.290569102376230459e+00 1.289797289588609841e+00 1.289377904097939842e+00 1.289289964559781509e+00 1.289532470237824580e+00 1.290076436952835248e+00 1.290480288564190614e+00 1.290309400023189168e+00 1.289566772526969274e+00 1.288748993245420804e+00 1.288299638777566702e+00 1.288187737261222265e+00 1.288413288699276293e+00 1.288945325339715842e+00 1.289344270996355180e+00 1.289178484420362647e+00 1.288448964308730682e+00 1.287647274685191023e+00 1.287211993044589553e+00 1.287117160458709941e+00 1.287358782151173830e+00 1.287910903318621791e+00 1.288332943465579472e+00 1.288186240785986980e+00 1.287470789657658710e+00 1.286675147215682324e+00 1.286239889359775734e+00 1.286139072053366972e+00 1.286369700755602308e+00 1.286903819264467286e+00 1.287302851112665181e+00 1.287136137236773559e+00 1.286408676714221766e+00 1.285610032450331452e+00 1.285181782614284618e+00 1.285096984054595604e+00 1.285355640866146398e+00 1.285938814300952693e+00 1.286412925427286469e+00 1.286337306697690863e+00 1.285712954747886494e+00 1.285008404143861194e+00 1.284657234336465947e+00 1.284652515961984820e+00 1.284993255455448846e+00 1.285683533124921230e+00 1.286288769799212695e+00 1.286343270223970103e+00 1.285845025747196280e+00 1.285236554298906153e+00 1.284950429483377121e+00 1.284998740085881330e+00 1.285381492257849700e+00 1.286110766097774416e+00 1.286754982063221808e+00 1.286840449201715586e+00 1.286365158344556781e+00 1.285770637414042294e+00 1.285485461700035303e+00 1.285524708911123248e+00 1.285889383886101411e+00 1.286584541607779464e+00 1.287179605819342099e+00 1.287209909071366676e+00 1.286673445271029115e+00 1.286022774520561240e+00 1.285687469265330174e+00 1.285668578480455571e+00 1.285965103483787786e+00 1.286563054004971729e+00 1.287029852307494782e+00 1.286922872236107462e+00 1.286240112831362747e+00 1.285462189671366939e+00 1.285020679759383944e+00 1.284890579098647123e+00 1.285070881820000066e+00 1.285509537391484214e+00 1.285771960954216864e+00 1.285447588363421323e+00 1.284540426151298487e+00 1.283579172402537383e+00 1.283009427247779666e+00 1.282789138261603679e+00
1.292394220099689184e+00 1.292708632066267294e+00 1.293581772401098728e+00 1.295421176335147084e+00 1.296907106347180427e+00 1.297240519602549602e+00 1.296437434040609737e+00 1.295148711773384198e+00 1.294678070852641083e+00 1.294784182815832629e+00 1.295463046747263647e+00 1.297048084061352080e+00 1.298238587081592899e+00 1.298306613356653427e+00 1.297255167653166064e+00 1.295783180175415383e+00 1.295188358421141661e+00 1.295171295387997690e+00 1.295733992043607508e+00 1.297163805737357345e+00 1.298164040927128005e+00 1.298054818666257271e+00 1.296833138268419949e+00 1.295232978736005736e+00 1.294555045702015850e+00 1.294460881938732211e+00 1.294955489611226085e+00 1.296298198244496769e+00 1.297193307429300724e+00 1.296982972315373850e+00 1.295662187169408952e+00 1.293986952344923003e+00 1.293263980455977791e+00 1.293134789813277452e+00 1.293602387730525383e+00 1.294921103096672077e+00 1.295789231069692127e+00 1.295555927893334847e+00 1.294219186483007045e+00 1.292535996717310010e+00 1.291819076154413271e+00 1.291707955899328963e+00 1.292204642017618310e+00 1.293581504224806666e+00 1.294528832787845918e+00 1.294378736218577020e+00 1.293126211842049011e+00 1.291509191658642530e+00 1.290838394807771072e+00 1.290772400588760638e+00 1.291312207192738537e+00 1.292740236083538274e+00 1.293743761551470417e+00 1.293633841920738492e+00 1.292406473727170768e+00 1.290795563567364246e+00 1.290118829631838882e+00 1.290035887664641612e+00 1.290550733992486210e+00 1.291932801927193619e+00 1.292868367574170341e+00 1.292687479808663387e+00 1.291389140953867587e+00 1.289726256295715912e+00 1.289018547023137229e+00 1.288912635644413607e+00 1.289409523410933955e+00 1.290778664110864282e+00 1.291710331191913363e+00 1.291537553232149138e+00 1.290258333349632691e+00 1.288616544080185333e+00 1.287925905237910618e+00 1.287838066066821163e+00 1.288353023505132811e+00 1.289746255269070385e+00 1.290706029749024708e+00 1.290556342741354445e+00 1.289294197139577935e+00 1.287660453970222552e+00 1.286968835086982343e+00 1.286873006639284611e+00 1.287374966013995481e+00 1.288742189745086364e+00 1.289668945007333090e+00 1.289491234790019814e+00 1.288208069602714501e+00 1.286567315010116230e+00 1.285879698842202323e+00 1.285796884355943970e+00 1.286321869157347475e+00 1.287738147829695201e+00 1.288743989956093738e+00 1.288664382618777138e+00 1.287497337648348505e+00 1.285957684936712919e+00 1.285346147524941696e+00 1.285343414744021029e+00 1.285947480512517949e+00 1.287474870987294295e+00 1.288624853384552571e+00 1.288686378436432634e+00 1.287659455357917260e+00 1.286224889956899986e+00 1.285676396043947012e+00 1.285723692582434241e+00 1.286365768584247338e+00 1.287927150537436338e+00 1.289114108215030585e+00 1.289206595889760720e+00 1.288205624032666696e+00 1.286788011862327830e+00 1.286240472676571711e+00 1.286279707063430644e+00 1.286903709961320974e+00 1.288425970590230119e+00 1.289558765671996898e+00 1.289594083891042242e+00 1.288529931467734313e+00 1.287059170651179141e+00 1.286466512774638860e+00 1.286450618549501934e+00 1.287011484383184579e+00 1.288434534808549303e+00 1.289433049315058977e+00 1.289325074670493176e+00 1.288105609249654115e+00 1.286505590955989708e+00 1.285813744343076603e+00 1.285693650517426345e+00 1.286147313002279802e+00 1.287411067967788147e+00 1.288191183074214319e+00 1.287845785298150414e+00 1.286360854082225114e+00 1.284528441467074789e+00 1.283659295879856277e+00 1.283345883106923768e+00
1.292981972951402936e+00 1.293375487641614585e+00 1.294484939997736284e+00 1.296907106347180427e+00 1.298863653825298003e+00 1.299217091544019542e+00 1.297990448223099280e+00 1.296154009793401674e+00 1.295480102136648215e+00 1.295579207398792621e+00 1.296450320761867170e+00 1.298577068785972788e+00 1.300200136214046287e+00 1.300266155403083879e+00 1.298777132930550415e+00 1.296756425493123421e+00 1.295962344037310254e+00 1.295943277487436429e+00 1.296700228621355588e+00 1.298668747749066377e+00 1.300093533788666544e+00 1.299974296492488079e+00 1.298310030534833404e+00 1.296161150024536468e+00 1.295286962054889246e+00 1.295193799030974757e+00 1.295884666227694382e+00 1.297767077465078023e+00 1.299083732734576335e+00 1.298860376800919258e+00 1.297092000872712259e+00 1.294865044383522346e+00 1.293946816768757113e+00 1.293817627655458935e+00 1.294482482267446555e+00 1.296339897459501955e+00 1.297626568280506376e+00 1.297377240028328105e+00 1.295588907427871694e+00 1.293351994518846526e+00 1.292439817210105923e+00 1.292329697183862258e+00 1.293026638135391870e+00 1.294948210207553352e+00 1.296327101417355854e+00 1.296175003877899634e+00 1.294487912084847148e+00 1.292327185830472125e+00 1.291467138194649422e+00 1.291410149604068414e+00 1.292155219830791291e+00 1.294139973058485049e+00 1.295588083521170608e+00 1.295484177496044387e+00 1.293822253100834985e+00 1.291667632279107636e+00 1.290797642050807603e+00 1.290720696351929320e+00 1.291435798525811363e+00 1.293362580911641357e+00 1.294725714407798378e+00 1.294533821062763934e+00 1.292784905521915384e+00 1.290567297995053098e+00 1.289662322838911246e+00 1.289556403800814710e+00 1.290251541849783079e+00 1.292164395243886821e+00 1.293524637044521253e+00 1.293346866108628923e+00 1.291627086630517951e+00 1.289440585447441556e+00 1.288559686390764236e+00 1.288478845740402834e+00 1.289199058618493821e+00 1.291143018460667147e+00 1.292541384758848722e+00 1.292393715572926816e+00 1.290695013853049078e+00 1.288515556500506420e+00 1.287630673136330506e+00 1.287537837183973854e+00 1.288238046315764107e+00 1.290145984627586673e+00 1.291495311241400046e+00 1.291302599173891785e+00 1.289568856826516452e+00 1.287374373971843511e+00 1.286488485023968398e+00 1.286403656269247797e+00 1.287122885313998655e+00 1.289077876590435157e+00 1.290510296617645603e+00 1.290425699421730465e+00 1.288825093920057396e+00 1.286743727413816485e+00 1.285939924701185344e+00 1.285940186444943567e+00 1.286743504226878665e+00 1.288820623094260265e+00 1.290414207194930940e+00 1.290487762089397750e+00 1.289042296188583681e+00 1.287074023902902375e+00 1.286333267754544263e+00 1.286384557495700909e+00 1.287222887910987490e+00 1.289332995476575761e+00 1.290961551351306635e+00 1.291064064332016592e+00 1.289642544597396467e+00 1.287690223264813305e+00 1.286950419785387822e+00 1.286991650000375742e+00 1.287811907309756698e+00 1.289879892374625969e+00 1.291450279645655064e+00 1.291493615550042939e+00 1.290007907845545088e+00 1.288002436837031972e+00 1.287218520528183197e+00 1.287206627190557118e+00 1.287967751913593917e+00 1.289935527069316690e+00 1.291366624450658529e+00 1.291260657437505621e+00 1.289611623668586615e+00 1.287473889895541568e+00 1.286593788079169798e+00 1.286480701451152786e+00 1.287136631994716618e+00 1.288943109195825443e+00 1.290143786039467111e+00 1.289778363812872364e+00 1.287824812486034087e+00 1.285415629547596694e+00 1.284311171116175432e+00 1.283919653793291538e+00
1.293279340235238051e+00 1.293677860658853485e+00 1.294798326750221218e+00 1.297240519602549602e+00 1.299217091544019542e+00 1.299574532727840070e+00 1.298334873684508395e+00 1.296484414714515587e+00 1.295802498088424848e+00 1.295900600572436501e+00 1.296775719950070682e+00 1.298915479108269544e+00 1.300547556755011103e+00 1.300607567942800413e+00 1.299098518458303042e+00 1.297058783728086251e+00 1.296253688537385207e+00 1.296229615234758104e+00 1.296988565807511096e+00 1.298964091127383869e+00 1.300393878823035809e+00 1.300265626721424095e+00 1.298579330745500915e+00 1.296409422994715843e+00 1.295524219251377174e+00 1.295426046416547905e+00 1.296116910555387136e+00 1.298004323959001338e+00 1.299321977419925389e+00 1.299088603393937058e+00 1.297297196199106217e+00 1.295049210940396822e+00 1.294118966303416274e+00 1.293981765162389941e+00 1.294643612460822935e+00 1.296500021817118320e+00 1.297781680788340442e+00 1.297517329728597568e+00 1.295703963872494313e+00 1.293447023951193264e+00 1.292523831887316677e+00 1.292407702839281747e+00 1.293103641521769598e+00 1.295032214687281469e+00 1.296418112595994154e+00 1.296269015741103647e+00 1.294578921218145773e+00 1.292416193992952600e+00 1.291559149591153144e+00 1.291509171267862355e+00 1.292267255685005889e+00 1.294274033828839432e+00 1.295746173742093443e+00 1.295655283941778313e+00 1.293993361578027024e+00 1.291832739377447803e+00 1.290960746647286106e+00 1.290883803493391602e+00 1.291602910146498084e+00 1.293537698432425387e+00 1.294902835944416353e+00 1.294699931403659576e+00 1.292928990932646682e+00 1.290691360976039093e+00 1.289775373609951536e+00 1.289662448376866610e+00 1.290356585681113000e+00 1.292274443266623551e+00 1.293638693621794955e+00 1.293459923977497317e+00 1.291733139831986676e+00 1.289540635233997756e+00 1.288659738724904802e+00 1.288583906865027995e+00 1.289313134549652462e+00 1.291276118105264104e+00 1.292693513223456492e+00 1.292553858614190254e+00 1.290850157285893474e+00 1.288662694027619793e+00 1.287773806176128577e+00 1.287678970278424151e+00 1.288380182699427001e+00 1.290292124976008203e+00 1.291638453973309231e+00 1.291432725668449466e+00 1.289673955172187414e+00 1.287457446893507162e+00 1.286559542961269953e+00 1.286466705239513564e+00 1.287181932358431480e+00 1.289137925903180770e+00 1.290572349446423850e+00 1.290484751573081734e+00 1.288877139889367252e+00 1.286790770211660995e+00 1.285987969258204133e+00 1.285995238202549906e+00 1.286808572052660304e+00 1.288905718447213911e+00 1.290523336605591709e+00 1.290612913009334672e+00 1.289173458184694310e+00 1.287207190445100347e+00 1.286470439802172683e+00 1.286529741580094033e+00 1.287381088223203074e+00 1.289511225881931233e+00 1.291162813031431655e+00 1.291276341794621585e+00 1.289854823085637703e+00 1.287898498811629766e+00 1.287159696580562729e+00 1.287206935311353995e+00 1.288038208404087115e+00 1.290127220709176958e+00 1.291719638521150015e+00 1.291771988739246257e+00 1.290283277290437791e+00 1.288271798792717249e+00 1.287486881749100531e+00 1.287480993848194588e+00 1.288251134425203226e+00 1.290238936086238297e+00 1.291691059167848987e+00 1.291590100963077470e+00 1.289933056181882698e+00 1.287783309483881089e+00 1.286899202161373656e+00 1.286788117003180298e+00 1.287452056505901998e+00 1.289272554263087400e+00 1.290485248139546792e+00 1.290116821141550796e+00 1.288144244044678421e+00 1.285714035920499487e+00 1.284599562439488363e+00 1.284204038069824749e+00
1.293272301410659741e+00 1.293602732845918313e+00 1.294516927945173590e+00 1.296437434040609737e+00 1.297990448223099280e+00 1.298334873684508395e+00 1.297486728364267261e+00 1.296132922895194106e+00 1.295633241684710946e+00 1.295734346385379876e+00 1.296435233708957746e+00 1.298074335392484624e+00 1.299299878038403966e+00 1.299351877708409209e+00 1.298234339398191883e+00 1.296684249428007751e+00 1.296049376198842751e+00 1.296019289287073883e+00 1.296593993790701616e+00 1.298061849837758075e+00 1.299083099527163609e+00 1.298946834379421489e+00 1.297652053656376037e+00 1.295973790103759349e+00 1.295254802308035247e+00 1.295144609392669066e+00 1.295645217422895623e+00 1.297017949756320565e+00 1.297925060676093256e+00 1.297682674394669666e+00 1.296287786146831822e+00 1.294535449570666685e+00 1.293769419403208776e+00 1.293616192167873491e+00 1.294078774668502074e+00 1.295407484683512633e+00 1.296267584829203345e+00 1.295988210452549305e+00 1.294570361782879875e+00 1.292815080073082878e+00 1.292059109791046989e+00 1.291929961451357078e+00 1.292430640329180758e+00 1.293833518686524409e+00 1.294810870430095795e+00 1.294668777724363729e+00 1.293401237665461556e+00 1.291768207179746497e+00 1.291101419394269145e+00 1.291060454344598263e+00 1.291643312082911166e+00 1.293150425838147211e+00 1.294234048118423797e+00 1.294163179711727230e+00 1.292927813232433554e+00 1.291288881859163906e+00 1.290599138306182114e+00 1.290519200069311756e+00 1.291051065567667244e+00 1.292466169581865332e+00 1.293415750635737771e+00 1.293202826450709830e+00 1.291829405648988738e+00 1.290094441778821155e+00 1.289346689176204874e+00 1.289219757170592784e+00 1.289717646165790210e+00 1.291109810960603399e+00 1.292062507797265836e+00 1.291885735526827172e+00 1.290577495738453040e+00 1.288907688844634247e+00 1.288213052650260426e+00 1.288141240588123626e+00 1.288692246020774146e+00 1.290151565271077105e+00 1.291177432850960427e+00 1.291052791844040648e+00 1.289770638618874532e+00 1.288100862749197661e+00 1.287390227286708377e+00 1.287288399513818460e+00 1.287799373179300488e+00 1.289188626403678040e+00 1.290115389825224224e+00 1.289894634086006464e+00 1.288530372868966545e+00 1.286812530829111179e+00 1.286081863527180014e+00 1.285974019867900608e+00 1.286492000016047355e+00 1.287919295480834725e+00 1.288937156669959672e+00 1.288848547300448955e+00 1.287654474757036427e+00 1.286092801230993565e+00 1.285481265350992386e+00 1.285496560670862820e+00 1.286138677459441437e+00 1.287735164312723501e+00 1.288964256084753623e+00 1.289073849764217572e+00 1.288058949349198734e+00 1.286618383631393581e+00 1.286077901754053121e+00 1.286150233600622750e+00 1.286835368406179514e+00 1.288472852921331624e+00 1.289733913741289095e+00 1.289859451327696194e+00 1.288850472048381102e+00 1.287407830209468917e+00 1.286857286765985098e+00 1.286914548239185940e+00 1.287578606712076468e+00 1.289178971377229033e+00 1.290384866819788146e+00 1.290448226149248256e+00 1.289368052728607106e+00 1.287861247488912175e+00 1.287259578378802338e+00 1.287258704931259157e+00 1.287858623553715054e+00 1.289358777794773925e+00 1.290424383121628882e+00 1.290333434318719386e+00 1.289081925361922565e+00 1.287430839301964669e+00 1.286718966184742907e+00 1.286603879627617353e+00 1.287087581613584053e+00 1.288414421892873918e+00 1.289238598083449983e+00 1.288883186798788216e+00 1.287332170119617425e+00 1.285421651414133004e+00 1.284511451568970175e+00 1.284183016991872428e+00
1.293167135628171538e+00 1.293415459064101602e+00 1.294059297138055120e+00 1.295148711773384198e+00 1.296154009793401674e+00 1.296484414714515587e+00 1.296132922895194106e+00 1.295575159574434032e+00 1.295326808605432811e+00 1.295433916209593139e+00 1.295897489244149270e+00 1.296737542995170855e+00 1.297444405181237936e+00 1.297488394353244257e+00 1.296871515558315702e+00 1.296109457746798421e+00 1.295710887362154562e+00 1.295672788422485011e+00 1.295996157078431965e+00 1.296662958619168915e+00 1.297169535394047557e+00 1.297025259749105208e+00 1.296236141215878268e+00 1.295344907553144242e+00 1.294852211645412643e+00 1.294727996152335026e+00 1.294968257098517705e+00 1.295534930723493128e+00 1.295930369927177805e+00 1.295681973607335502e+00 1.294795751804330264e+00 1.293833448353377547e+00 1.293288703830667519e+00 1.293116447264878177e+00 1.293310673711952630e+00 1.293823311003261978e+00 1.294162728194083289e+00 1.293870331469274992e+00 1.292957139151005297e+00 1.291991892093346639e+00 1.291459211481062130e+00 1.291313040893656616e+00 1.291551376814604302e+00 1.292142189988516598e+00 1.292611869909531475e+00 1.292476782373022770e+00 1.291737925571019741e+00 1.290922965716957638e+00 1.290507512245900434e+00 1.290474563808591268e+00 1.290821118698624703e+00 1.291538195245113263e+00 1.292130164653426228e+00 1.292080316850883648e+00 1.291379639583123184e+00 1.290555777132318171e+00 1.290110366291505661e+00 1.290026433762182068e+00 1.290301980108165214e+00 1.290906017114225257e+00 1.291336904940857622e+00 1.291113959072677897e+00 1.290248188658508433e+00 1.289306266751882202e+00 1.288782828528886926e+00 1.288638890086382327e+00 1.288872454541979851e+00 1.289450549595098972e+00 1.289891558357524337e+00 1.289719779550934753e+00 1.288936211364933193e+00 1.288080474191733105e+00 1.287631186785678450e+00 1.287562399400385527e+00 1.287872112093563892e+00 1.288538388838211590e+00 1.289071587451601664e+00 1.288964957661834942e+00 1.288213482497018392e+00 1.287352776246629471e+00 1.286880482395422076e+00 1.286771663769008534e+00 1.287023324291131754e+00 1.287599504923767402e+00 1.288006560534456391e+00 1.287771775029352472e+00 1.286908155429539846e+00 1.285979351914306790e+00 1.285470006054955761e+00 1.285344159364899541e+00 1.285600817759886105e+00 1.286215036021010061e+00 1.286718196641624123e+00 1.286629572928347010e+00 1.285951161741468507e+00 1.285197558660380102e+00 1.284836380970582059e+00 1.284862705898707658e+00 1.285274542728688685e+00 1.286086987036425988e+00 1.286823407220597515e+00 1.286952014877219330e+00 1.286461792681228733e+00 1.285835302346536757e+00 1.285553189185498546e+00 1.285641554332890291e+00 1.286100409578720516e+00 1.286953853590353969e+00 1.287716235315455204e+00 1.287852776373537012e+00 1.287358464875591579e+00 1.286716888352800181e+00 1.286420699420874225e+00 1.286489985619962750e+00 1.286924757209746639e+00 1.287744083058519839e+00 1.288453305480904199e+00 1.288527671355707893e+00 1.287962170844463294e+00 1.287253423590787760e+00 1.286898096451037032e+00 1.286903238191774657e+00 1.287267852696864390e+00 1.287986966063385363e+00 1.288556905770103844e+00 1.288475963801799962e+00 1.287741137950509263e+00 1.286883107745683263e+00 1.286406552092912881e+00 1.286285462153750947e+00 1.286516835210189225e+00 1.287055623307026941e+00 1.287387140700173793e+00 1.287046748652071138e+00 1.286039453402668897e+00 1.284954033578145305e+00 1.284313191584124603e+00 1.284065867355548063e+00
1.293147083630779015e+00 1.293352349295006531e+00 1.293863015177833864e+00 1.294678070852641083e+00 1.295480102136648215e+00 1.295802498088424848e+00 1.295633241684710946e+00 1.295326808605432811e+00 1.295195604750495333e+00 1.295302715414129446e+00 1.295655141179198999e+00 1.296238857936405475e+00 1.296752467913264484e+00 1.296790448064508050e+00 1.296352802469375121e+00 1.295837063557896629e+00 1.295543628363080568e+00 1.295500518592514583e+00 1.295706731977958048e+00 1.296116200375052818e+00 1.296431526928994327e+00 1.296280238976338595e+00 1.295667349387662037e+00 1.295016425094617896e+00 1.294623853546432946e+00 1.294490622738548646e+00 1.294611726937047402e+00 1.294926071113444710e+00 1.295133265881593720e+00 1.294877857254774778e+00 1.294167859809518761e+00 1.293439857726952136e+00 1.292990231321138550e+00 1.292803955745592370e+00 1.292877022437893597e+00 1.293136332089365403e+00 1.293284498039929620e+00 1.292976078788388161e+00 1.292227094313704638e+00 1.291485128772190460e+00 1.291041560312494285e+00 1.290882372472214490e+00 1.291006560435486117e+00 1.291359065207369206e+00 1.291652518731232435e+00 1.291522434887163673e+00 1.290970813115523530e+00 1.290402164512405747e+00 1.290098858026625717e+00 1.290075924621239212e+00 1.290328362641115723e+00 1.290822155629572698e+00 1.291255916015602079e+00 1.291224091191759626e+00 1.290720662453300527e+00 1.290150120496472708e+00 1.289812856742512226e+00 1.289727926017657733e+00 1.289890333808455747e+00 1.290244052522916851e+00 1.290484691875313672e+00 1.290248727213646029e+00 1.289550166841067380e+00 1.288834534257768283e+00 1.288402220366299478e+00 1.288244273109417026e+00 1.288360695551162838e+00 1.288694477767391211e+00 1.288956248726016218e+00 1.288785468603558693e+00 1.288186132188039013e+00 1.287573708622012703e+00 1.287233574154025728e+00 1.287170804976877525e+00 1.287382403475042736e+00 1.287823389068427415e+00 1.288193372407031134e+00 1.288101758780196837e+00 1.287542529456012996e+00 1.286930144075570270e+00 1.286562999713702249e+00 1.286449186085182106e+00 1.286585708647346005e+00 1.286912564080155308e+00 1.287128363322667779e+00 1.286877552207935649e+00 1.286175137696909943e+00 1.285465622425953747e+00 1.285044401776265666e+00 1.284903546589806433e+00 1.285044063232387845e+00 1.285416963725663164e+00 1.285739880171914873e+00 1.285648250148470728e+00 1.285147064021783470e+00 1.284630770634902053e+00 1.284378747454931302e+00 1.284414094884685609e+00 1.284734821695573181e+00 1.285328977973408282e+00 1.285908181666005179e+00 1.286053810541745834e+00 1.285756836962556715e+00 1.285380678189185888e+00 1.285216728733944880e+00 1.285316116326818747e+00 1.285678855321131131e+00 1.286302991418875497e+00 1.286895141443319845e+00 1.287040691683324356e+00 1.286734624609588762e+00 1.286343380164050698e+00 1.286163351935207588e+00 1.286239656618938021e+00 1.286576300233613468e+00 1.287159312505180786e+00 1.287696300213170719e+00 1.287779676295428111e+00 1.287404426809405589e+00 1.286950017141527347e+00 1.286709847408363139e+00 1.286720000009714537e+00 1.286979478829262558e+00 1.287456268561704809e+00 1.287849970611223860e+00 1.287777036061855673e+00 1.287234463219386393e+00 1.286630772655056543e+00 1.286263366408123998e+00 1.286140276539686100e+00 1.286257498569890689e+00 1.286545954585925244e+00 1.286699232337640719e+00 1.286366849248379074e+00 1.285561821544047190e+00 1.284747764634465605e+00 1.284237098773126862e+00 1.284032831812426556e+00
1.293267212565375468e+00 1.293470476752047293e+00 1.293977136110551207e+00 1.294784182815832629e+00 1.295579207398792621e+00 1.295900600572436501e+00 1.295734346385379876e+00 1.295433916209593139e+00 1.295302715414129446e+00 1.295408821260347398e+00 1.295755239533714187e+00 1.296328942275090990e+00 1.296832538236301957e+00 1.296862508398865854e+00 1.296420854241106424e+00 1.295903109264407993e+00 1.295607667494532711e+00 1.295559549951935674e+00 1.295758753577826550e+00 1.296158206940183799e+00 1.296460517772239918e+00 1.296298211497705744e+00 1.295674303587397880e+00 1.295015362679891480e+00 1.294616779053385791e+00 1.294477538715733012e+00 1.294593635652489860e+00 1.294900973637752584e+00 1.295100154340514731e+00 1.294832728182718995e+00 1.294108704083828609e+00 1.293366676366798584e+00 1.292907031359660230e+00 1.292712742737779363e+00 1.292779801938712669e+00 1.293032103869309335e+00 1.293165252109399921e+00 1.292833799042354181e+00 1.292053764137649274e+00 1.291280749694667662e+00 1.290817151674414465e+00 1.290648946989610524e+00 1.290772136760844235e+00 1.291132658145576650e+00 1.291436123644313927e+00 1.291310042753573528e+00 1.290758413843541952e+00 1.290186755884745073e+00 1.289889450771620094e+00 1.289880533314883504e+00 1.290154003159390994e+00 1.290679843745622835e+00 1.291144652518706470e+00 1.291135856406720572e+00 1.290644441114751739e+00 1.290078897746112618e+00 1.289743631893748077e+00 1.289658704221130048e+00 1.289821116083735397e+00 1.290171839712072055e+00 1.290402471156704589e+00 1.290146483550888457e+00 1.289418883385333725e+00 1.288675208687707130e+00 1.288222868794437259e+00 1.288053906262809800e+00 1.288166328803481697e+00 1.288503122919473443e+00 1.288766903507699180e+00 1.288594125979962479e+00 1.287989783309138936e+00 1.287372350426133627e+00 1.287034218957168852e+00 1.286982465548322851e+00 1.287212091619324372e+00 1.287680121129374022e+00 1.288077146852143917e+00 1.288002560060193646e+00 1.287451341225042345e+00 1.286837955609777762e+00 1.286468809766413202e+00 1.286352996701502605e+00 1.286487520850298605e+00 1.286810376394903255e+00 1.287013163490041467e+00 1.286738324961655966e+00 1.286001865949505607e+00 1.285258305667034806e+00 1.284813057608293452e+00 1.284659184140982902e+00 1.284794698119651413e+00 1.285171607184937725e+00 1.285495529481825772e+00 1.285400894684724182e+00 1.284889697093732019e+00 1.284362390995336334e+00 1.284110367300685729e+00 1.284155730285192698e+00 1.284497485358943480e+00 1.285124687953754785e+00 1.285736939500797815e+00 1.285906600897261942e+00 1.285622647644837580e+00 1.285252497897976465e+00 1.285094555931847404e+00 1.285201956586397465e+00 1.285576711072612843e+00 1.286216870731794693e+00 1.286825044318063105e+00 1.286983611298408547e+00 1.286685558313789279e+00 1.286300321357888743e+00 1.286125300396324667e+00 1.286208612791963857e+00 1.286552267709633712e+00 1.287145294003141149e+00 1.287694298742861232e+00 1.287789691343880216e+00 1.287427458085389054e+00 1.286982064270889570e+00 1.286749903497478975e+00 1.286765063880023208e+00 1.287027548497647667e+00 1.287507342488436235e+00 1.287907050487737681e+00 1.287841127243074535e+00 1.287308568936775810e+00 1.286714891881822087e+00 1.286353493124464675e+00 1.286233405460607715e+00 1.286348627048218063e+00 1.286633077558086313e+00 1.286784351273158711e+00 1.286452970972627785e+00 1.285653951784655913e+00 1.284846905153095742e+00 1.284341244505938562e+00 1.284137980333893703e+00
1.293529526458962353e+00 1.293773844390339489e+00 1.294403665492831035e+00 1.295463046747263647e+00 1.296450320761867170e+00 1.296775719950070682e+00 1.296435233708957746e+00 1.295897489244149270e+00 1.295655141179198999e+00 1.295755239533714187e+00 1.296200788563519612e+00 1.297005796572820557e+00 1.297680617273532899e+00 1.297703574107489155e+00 1.297075667814605593e+00 1.296311594763083663e+00 1.295906005443926423e+00 1.295852883188094218e+00 1.296154223355740154e+00 1.296785982724713460e+00 1.297255507694511145e+00 1.297078179632590977e+00 1.296257003305487654e+00 1.295340717531477948e+00 1.294829985388744609e+00 1.294688741535602317e+00 1.294913981715882345e+00 1.295462637964953423e+00 1.295831039890853909e+00 1.295549588098616978e+00 1.294620287634470568e+00 1.293611897699152413e+00 1.293036099181524845e+00 1.292839803986514546e+00 1.293017009717557508e+00 1.293512636994543108e+00 1.293809996136544571e+00 1.293448500003768986e+00 1.292439156726453042e+00 1.291370742324186471e+00 1.290777967934467307e+00 1.290600749462940566e+00 1.290838090756921464e+00 1.291467970460845827e+00 1.291962692293810999e+00 1.291840613846894525e+00 1.291101735120180338e+00 1.290270722659145441e+00 1.289869274937528010e+00 1.289878379443311740e+00 1.290291028966287445e+00 1.291111269789500415e+00 1.291802381655553278e+00 1.291819623098833913e+00 1.291157982269186100e+00 1.290344106790179080e+00 1.289901691517745030e+00 1.289819763504059580e+00 1.290096323824159175e+00 1.290695385155375963e+00 1.291094252880772508e+00 1.290812235858339374e+00 1.289857344077668611e+00 1.288821279770753003e+00 1.288238760199694743e+00 1.288057777572221285e+00 1.288280342042933180e+00 1.288876491177167072e+00 1.289324528035124207e+00 1.289147755708810239e+00 1.288351167169220268e+00 1.287469385757225249e+00 1.287026105306109613e+00 1.286990366757933879e+00 1.287355166993628508e+00 1.288112589505557182e+00 1.288726919868620868e+00 1.288671371094569640e+00 1.287941929499507143e+00 1.287076211359643230e+00 1.286597910508883613e+00 1.286483092039958809e+00 1.286730758285280940e+00 1.287298949870924414e+00 1.287664971656083290e+00 1.287359101578592790e+00 1.286390347799415856e+00 1.285347393757087175e+00 1.284768957648111831e+00 1.284600059309145781e+00 1.284844708852111772e+00 1.285481970656268347e+00 1.285989148029226703e+00 1.285887515240892620e+00 1.285180067326053832e+00 1.284382404184474025e+00 1.284019225014775945e+00 1.284077597055297781e+00 1.284552523284257397e+00 1.285476124597591863e+00 1.286315687190316526e+00 1.286513394300864643e+00 1.286064230969645283e+00 1.285448758463488161e+00 1.285183666521508172e+00 1.285296069828660181e+00 1.285789974403387603e+00 1.286697494538507458e+00 1.287509945343319862e+00 1.287682538005607391e+00 1.287214265116917611e+00 1.286587709882501818e+00 1.286305543042947530e+00 1.286392856841001020e+00 1.286850657654279972e+00 1.287702027552400263e+00 1.288448300265781832e+00 1.288557716501083972e+00 1.288028269138788540e+00 1.287352566157564882e+00 1.287018268824375422e+00 1.287039432590759480e+00 1.287414062145361138e+00 1.288140184250410325e+00 1.288726144443220978e+00 1.288667234557193009e+00 1.287963451509054558e+00 1.287139468365365413e+00 1.286679937013490482e+00 1.286565857352711895e+00 1.286793224389874757e+00 1.287314989727090797e+00 1.287639496329400446e+00 1.287304110009325875e+00 1.286313840087708771e+00 1.285254458878757777e+00 1.284626635679035012e+00 1.284383316443363121e+00
