1.287000596009962861e+00 1.287521290289917575e+00 1.288800999051475049e+00 1.290800666924046158e+00 1.292780301073927829e+00 1.293605380388030524e+00 1.293249871389999583e+00 1.292575936171643125e+00 1.292292525788022894e+00 1.292570866519801465e+00 1.293421972609407167e+00 1.294814790936604565e+00 1.296079426332862772e+00 1.296252592731417241e+00 1.295336298299638145e+00 1.294253786921134131e+00 1.293674960980863986e+00 1.293691931162687325e+00 1.294305699229812312e+00 1.295438148772068532e+00 1.296426391810825862e+00 1.296350207796415521e+00 1.295214605546475717e+00 1.293965864860145976e+00 1.293264873280722371e+00 1.293173696840083542e+00 1.293688335184783211e+00 1.294711644072613188e+00 1.295579736854792330e+00 1.295388415009333549e+00 1.294144689848968799e+00 1.292810861651687349e+00 1.292050810881336220e+00 1.291909593179420668e+00 1.292384205317161250e+00 1.293368501098592471e+00 1.294198593875023562e+00 1.293973287321568133e+00 1.292703591558303611e+00 1.291359804993240878e+00 1.290602812077133121e+00 1.290479673009410799e+00 1.290988385809776595e+00 1.292028831868768268e+00 1.292938125786910808e+00 1.292801031608962647e+00 1.291617554488967201e+00 1.290345953122519207e+00 1.289646112259173583e+00 1.289578122237383662e+00 1.290136985581063600e+00 1.291234605362078458e+00 1.292200095479612676e+00 1.292104183948921348e+00 1.290946862007201545e+00 1.289679372905710997e+00 1.288970603859500796e+00 1.288878670557085382e+00 1.289402572784450474e+00 1.290443224651781851e+00 1.291330736160569925e+00 1.291151836712130851e+00 1.289913527305888818e+00 1.288586053219282546e+00 1.287835307716746813e+00 1.287711409424189490e+00 1.288214359376537388e+00 1.289241086853238460e+00 1.290128702344091272e+00 1.289962920031952009e+00 1.288748733767356214e+00 1.287447367228865769e+00 1.286720711267697270e+00 1.286622900900122657e+00 1.287150939615522516e+00 1.288208768070484567e+00 1.289128495682738240e+00 1.288991810406972194e+00 1.287797701692722230e+00 1.286504382697194471e+00 1.285775749350975383e+00 1.285665947581387636e+00 1.286172982132242515e+00 1.287197790501474870e+00 1.288074480985308856e+00 1.287895754144250393e+00 1.286669607024843343e+00 1.285360265371855881e+00 1.284630626978161549e+00 1.284531836687334394e+00 1.285063898640289359e+00 1.286136761113117366e+00 1.287091539061426815e+00 1.287010919966890654e+00 1.285898893282349631e+00 1.284695661478659989e+00 1.284057119323806617e+00 1.284052426939950475e+00 1.284680589813115503e+00 1.285872575744926083e+00 1.286970498341198255e+00 1.287034018385465828e+00 1.286059116372458400e+00 1.284959972136252349e+00 1.284393481191413056e+00 1.284443818802630144e+00 1.285112989019761676e+00 1.286336961780834454e+00 1.287459846956541254e+00 1.287541313562185152e+00 1.286577347786440173e+00 1.285480136271174745e+00 1.284905576929169291e+00 1.284937831586092205e+00 1.285577903563740021e+00 1.286753740406495927e+00 1.287809448342314589e+00 1.287816723242577233e+00 1.286772554095914733e+00 1.285599159197011510e+00 1.284952434397343746e+00 1.284900510696293852e+00 1.285442385289531586e+00 1.286480954837047053e+00 1.287349312355748010e+00 1.287141192550322444e+00 1.285851590218974438e+00 1.284443791919219313e+00 1.283580701723200601e+00 1.283287380401155753e+00 1.283554812055514693e+00 1.284208773952760785e+00 1.284546306935473003e+00 1.283715235373368291e+00 1.281739595948569344e+00 1.279748916009656012e+00 1.278476198362472616e+00 1.277958500058056890e+00
1.287521290289917575e+00 1.288126098158435928e+00 1.289631110898897370e+00 1.292007282526375311e+00 1.294295328355741015e+00 1.295134425656004451e+00 1.294507553213124496e+00 1.293500172539804316e+00 1.293041527790388168e+00 1.293315862499397673e+00 1.294334193486939455e+00 1.296057453525119252e+00 1.297598458605361715e+00 1.297771625003686147e+00 1.296579960073485083e+00 1.295166004189523878e+00 1.294415948875284217e+00 1.294431919355585325e+00 1.295215915548576069e+00 1.296678807316929971e+00 1.297942416729556570e+00 1.297865230436107131e+00 1.296452256223471045e+00 1.294871071846067867e+00 1.294000851327196999e+00 1.293909677978943185e+00 1.294597545616081424e+00 1.295952299523689177e+00 1.297095759710500396e+00 1.296902434853643094e+00 1.295379334719900744e+00 1.293712058491861105e+00 1.292780779894153076e+00 1.292640564986187401e+00 1.293289408179781219e+00 1.294607150961096131e+00 1.295712613718772221e+00 1.295485302092778124e+00 1.293933228643313393e+00 1.292251991632599628e+00 1.291323765735874041e+00 1.291201628431392967e+00 1.291884574864247126e+00 1.293262470853591362e+00 1.294451138714256766e+00 1.294313044834547899e+00 1.292849193039436795e+00 1.291240142257890078e+00 1.290369068413034448e+00 1.290302079639031430e+00 1.291036175286207843e+00 1.292471248605972178e+00 1.293718115162530324e+00 1.293623205395357800e+00 1.292185512386792690e+00 1.290582573787866005e+00 1.289701573088163800e+00 1.289610638970867695e+00 1.290308772253354830e+00 1.291684874134297223e+00 1.292849760186129293e+00 1.292668859789629865e+00 1.291147176090304605e+00 1.289482249493098198e+00 1.288558270571945830e+00 1.288436369099111189e+00 1.289112551438118759e+00 1.290475730178614722e+00 1.291641723012594944e+00 1.291474942550450145e+00 1.289979382942611386e+00 1.288340565956940464e+00 1.287442674939931031e+00 1.287345863754402631e+00 1.288048134556268653e+00 1.289442416860175245e+00 1.290642523283680232e+00 1.290504842444693212e+00 1.289031361851909363e+00 1.287402592321067463e+00 1.286502724429999800e+00 1.286393920806786717e+00 1.287074185678960703e+00 1.288432445709613683e+00 1.289585513121213056e+00 1.289404785855245539e+00 1.287896263116408813e+00 1.286249468948751584e+00 1.285347593722787396e+00 1.285248800327898122e+00 1.285954092600950061e+00 1.287361408505789395e+00 1.288593565671640517e+00 1.288512947614322224e+00 1.287120547808172422e+00 1.285581863395545144e+00 1.284771085438502380e+00 1.284766389947760157e+00 1.285567783139268672e+00 1.287094223543673976e+00 1.288471527340742107e+00 1.288537052472374711e+00 1.287285781812101293e+00 1.285855187881577377e+00 1.285116463203876291e+00 1.285166796668961942e+00 1.286006196570705917e+00 1.287562618721703078e+00 1.288961882397474223e+00 1.289044353881966476e+00 1.287807017498451057e+00 1.286379359607550787e+00 1.285634567469714717e+00 1.285666818496180364e+00 1.286476119430151943e+00 1.287981403997138230e+00 1.289311487942317758e+00 1.289319765128891460e+00 1.288002226929221283e+00 1.286500387110399712e+00 1.285685431488477359e+00 1.285634507478185862e+00 1.286346612794497579e+00 1.287714629548958323e+00 1.288857359446147877e+00 1.288648240470412487e+00 1.287084265761635482e+00 1.285349021711543971e+00 1.284318706610942495e+00 1.284030390487144624e+00 1.284472057853810023e+00 1.285456468724965218e+00 1.286063367850079908e+00 1.285218278307483475e+00 1.282937223166947138e+00 1.280572037298418619e+00 1.279075013788786963e+00 1.278474201059747850e+00
1.288800999051475049e+00 1.289631110898897370e+00 1.291784989509116244e+00 1.295383801861214934e+00 1.298595082295571856e+00 1.299465222405212339e+00 1.298014242508554572e+00 1.295900378756737581e+00 1.294909021659090609e+00 1.295170341176300477e+00 1.296695350519550427e+00 1.299519084601298280e+00 1.301900212460610495e+00 1.302073378342787580e+00 1.300045589953653380e+00 1.297528156798078092e+00 1.296260408370266015e+00 1.296274377385584708e+00 1.297573064494363049e+00 1.300136428242841147e+00 1.302233153244478636e+00 1.302153959815375073e+00 1.299899857452309071e+00 1.297214191979952913e+00 1.295829285184620261e+00 1.295742115797239968e+00 1.296950681836750885e+00 1.299410913447408555e+00 1.301388488923938880e+00 1.301190155765445944e+00 1.298818920293549839e+00 1.296040153721659482e+00 1.294594184725181618e+00 1.294457975839687913e+00 1.295631521911384310e+00 1.298060750913250461e+00 1.300003332188794047e+00 1.299769009250507645e+00 1.297361791728217195e+00 1.294559051379682302e+00 1.293110130173322103e+00 1.292991995799231519e+00 1.294201648121295678e+00 1.296701044356794119e+00 1.298735845574762182e+00 1.298596750447455372e+00 1.296281762147678318e+00 1.293552210305351391e+00 1.292160437542321016e+00 1.292097451697978405e+00 1.293360251092095625e+00 1.295918830763890250e+00 1.298016840012519379e+00 1.297922937680239253e+00 1.295638114188590206e+00 1.292917679815435372e+00 1.291516976802322247e+00 1.291429041787263143e+00 1.292652874041489319e+00 1.295145474060158453e+00 1.297151496519601155e+00 1.296964594826822026e+00 1.294587771692094602e+00 1.291798341096976444e+00 1.290353653448694127e+00 1.290232749611095020e+00 1.291435629588780332e+00 1.293918313314663004e+00 1.295927450225323740e+00 1.295757673248693509e+00 1.293408982897521931e+00 1.290650661437556579e+00 1.289233063445950345e+00 1.289140248472015582e+00 1.290370218156256410e+00 1.292884011137958478e+00 1.294930268499069781e+00 1.294792596963448172e+00 1.292470989290827266e+00 1.289725721604605635e+00 1.288307145390837682e+00 1.288201335689701965e+00 1.289405297033341835e+00 1.291876059540857158e+00 1.293867268964089545e+00 1.293678543616966659e+00 1.291316880844313841e+00 1.288548577106126247e+00 1.287124989283567000e+00 1.287027186788700650e+00 1.288255174799210367e+00 1.290777999007221899e+00 1.292851305570447362e+00 1.292767693611581725e+00 1.290528161777733995e+00 1.287872970919244908e+00 1.286541479011350297e+00 1.286536775235208596e+00 1.287858863736641046e+00 1.290500816082141622e+00 1.292724275533376987e+00 1.292793815504702959e+00 1.290707424162737205e+00 1.288170336772290758e+00 1.286913900836875957e+00 1.286963223725579031e+00 1.288317314041479866e+00 1.290978235978355038e+00 1.293216646591111685e+00 1.293302129081890905e+00 1.291233673376675162e+00 1.288707528888149989e+00 1.287448030260957665e+00 1.287478274644275222e+00 1.288800264533967566e+00 1.291403039645610429e+00 1.293567260669850727e+00 1.293576546371103753e+00 1.291429887710663582e+00 1.288835565140411754e+00 1.287509913719104837e+00 1.287461989299838239e+00 1.288689790426669868e+00 1.291152296065352090e+00 1.293125157019474392e+00 1.292915040432127682e+00 1.290515936738313219e+00 1.287688207855771871e+00 1.286156207659013839e+00 1.285880906711813765e+00 1.286851291813771114e+00 1.288934196561217105e+00 1.290360208871830228e+00 1.289483078379514147e+00 1.286285779206689517e+00 1.282706940971834797e+00 1.280567044041670766e+00 1.279740926798815126e+00
1.290800666924046158e+00 1.292007282526375311e+00 1.295383801861214934e+00 1.302495317184121371e+00 1.307940589982155233e+00 1.308866801520641054e+00 1.305368078383664310e+00 1.299921750720003821e+00 1.297845942122339169e+00 1.298086234917831039e+00 1.300639623300074765e+00 1.306775792209165177e+00 1.311233696401983728e+00 1.311406857127470627e+00 1.307310294138083639e+00 1.301478422114126676e+00 1.299158266760222613e+00 1.299169233578150839e+00 1.301513322485409629e+00 1.307383110991978681e+00 1.311541588451186957e+00 1.311455383192353441e+00 1.307123494486112980e+00 1.301122389933707435e+00 1.298696089940981402e+00 1.298612928637794317e+00 1.300876912045582090e+00 1.306653576765833602e+00 1.310693902338561978e+00 1.310485551030655671e+00 1.306022513810378705e+00 1.299914290692511187e+00 1.297423930424988159e+00 1.297294728213882697e+00 1.299529696047744265e+00 1.305287372101060273e+00 1.309294708545069019e+00 1.309043362845670799e+00 1.304530326621321512e+00 1.298377109705638688e+00 1.295879783475919700e+00 1.295766652764750670e+00 1.298041725141027447e+00 1.303887593467630612e+00 1.308007182543818869e+00 1.307865086765387819e+00 1.303455303281502387e+00 1.297379278829684512e+00 1.294938097216003836e+00 1.294884116417061026e+00 1.297215335485526699e+00 1.303131402526137128e+00 1.307325228313056753e+00 1.307237340170928519e+00 1.302862734949576273e+00 1.296797830454279543e+00 1.294346710118400967e+00 1.294264771760593069e+00 1.296553014570576146e+00 1.302387091799146468e+00 1.306469910195979356e+00 1.306268004745215761e+00 1.301781378019871926e+00 1.295636457890849691e+00 1.293139342673190084e+00 1.293021428645841908e+00 1.295287716378437759e+00 1.301112886322133511e+00 1.305201834807433681e+00 1.305024068500260537e+00 1.300578588723524165e+00 1.294473785849449055e+00 1.292008759794993855e+00 1.291923939825940337e+00 1.294220319450552381e+00 1.300080613480702585e+00 1.304213705134250834e+00 1.304077055520322936e+00 1.299665669235259946e+00 1.293583917097030467e+00 1.291116909478335684e+00 1.291016088440490650e+00 1.293281452955866051e+00 1.299081705672669340e+00 1.303137729226770736e+00 1.302933002546043939e+00 1.298466535740851802e+00 1.292353727203890523e+00 1.289878697480295822e+00 1.289781876571738595e+00 1.292065265427049914e+00 1.297914588556990934e+00 1.302059720104884466e+00 1.301970120862009805e+00 1.297646800337224349e+00 1.291661116427964773e+00 1.289281182188031671e+00 1.289278465371012539e+00 1.291652953552006711e+00 1.297621413661341983e+00 1.301929719537340047e+00 1.302010290340936960e+00 1.297865135800335246e+00 1.292020574183651238e+00 1.289715698996506843e+00 1.289764007680884284e+00 1.292160491930429700e+00 1.298127900344173025e+00 1.302438139126766314e+00 1.302530643322836523e+00 1.298408426508938174e+00 1.292589816630013599e+00 1.290285886831475937e+00 1.290315119076378636e+00 1.292676504858339515e+00 1.298570750355262149e+00 1.302793782320407656e+00 1.302808082567775472e+00 1.298611655852673463e+00 1.292733878060430941e+00 1.290373810521632691e+00 1.290331884764894133e+00 1.292607099544946792e+00 1.298359076724085348e+00 1.302382736060140545e+00 1.302171625497613450e+00 1.297710725799364084e+00 1.291594530254778439e+00 1.289044138041464782e+00 1.288790862977273299e+00 1.290838707975744626e+00 1.296229109838183513e+00 1.299685888322685390e+00 1.298753684560502775e+00 1.293338372481106946e+00 1.286273795390919128e+00 1.282919246923659440e+00 1.281719622402459402e+00
1.292780301073927829e+00 1.294295328355741015e+00 1.298595082295571856e+00 1.307940589982155233e+00 1.315158237068289715e+00 1.316142525625023874e+00 1.311024629955886089e+00 1.303483495245591817e+00 1.300629646393901107e+00 1.300854918924124526e+00 1.304154308142746022e+00 1.312370260223249652e+00 1.318468356449956636e+00 1.318639510554526550e+00 1.312900745301832872e+00 1.304981078062279254e+00 1.301897903235892606e+00 1.301904863000307166e+00 1.305001961478220229e+00 1.312947524038123870e+00 1.318734174946156745e+00 1.318637951537429798e+00 1.312658850723736226e+00 1.304569951990525833e+00 1.301384640610739885e+00 1.301302479009635471e+00 1.304325476897383762e+00 1.312181919629493487e+00 1.317849415855698814e+00 1.317626037582689813e+00 1.311502776159006123e+00 1.303296747930402955e+00 1.300046368844435252e+00 1.299915165168498143e+00 1.302910145122081698e+00 1.310748597856466580e+00 1.316378098713214762e+00 1.316101713570050347e+00 1.309911437597242934e+00 1.301648399050210569e+00 1.298385049606127994e+00 1.298269915368085670e+00 1.301309002793628267e+00 1.309251667767023841e+00 1.315018456060645269e+00 1.314875359548479894e+00 1.308815374130883225e+00 1.300645554710906371e+00 1.297451361980640705e+00 1.297408393360706569e+00 1.300516644215034434e+00 1.308548539344266182e+00 1.314414600701185432e+00 1.314340737759196465e+00 1.308321945304571132e+00 1.300163244288451647e+00 1.296953105343207069e+00 1.296875165785868811e+00 1.299929426136794186e+00 1.307858305768297535e+00 1.313578324314922829e+00 1.313356403702509390e+00 1.307193547232776254e+00 1.298933802307662200e+00 1.295668651568889995e+00 1.295547725538168882e+00 1.298576023753938991e+00 1.306494001354066681e+00 1.312224167382122442e+00 1.312041407221468114e+00 1.305940728555102792e+00 1.297742119855896492e+00 1.294522073459401401e+00 1.294447257185355360e+00 1.297516664629557059e+00 1.305484793312936320e+00 1.311279133691259480e+00 1.311150515242976100e+00 1.305095936786135891e+00 1.296922379243361512e+00 1.293698341541065888e+00 1.293599513692087033e+00 1.296626892816650667e+00 1.304510955434008190e+00 1.310194188944940219e+00 1.309966448571175279e+00 1.303826747001820330e+00 1.295606100677677786e+00 1.292364025791860271e+00 1.292260187353537093e+00 1.295299583846604596e+00 1.303230717509820114e+00 1.309009073262301426e+00 1.308914482801351253e+00 1.302946958521782328e+00 1.294876462400089911e+00 1.291742499718177672e+00 1.291746780240118797e+00 1.294885293803601733e+00 1.302951591159132727e+00 1.308919160959458150e+00 1.309021775277906530e+00 1.303260448287206996e+00 1.295349091718353218e+00 1.292294190992630210e+00 1.292347497621888053e+00 1.295504000190841998e+00 1.303554233895863002e+00 1.309509716574600136e+00 1.309615249958161032e+00 1.303874850419895370e+00 1.295991443403775145e+00 1.292937486498523914e+00 1.292968715533775903e+00 1.296085118064570496e+00 1.304051178778964371e+00 1.309909439072343584e+00 1.309931760200838902e+00 1.304118145258770678e+00 1.296180572403991649e+00 1.293074486370872744e+00 1.293038564466320262e+00 1.296072804098192144e+00 1.303896597544014213e+00 1.309549476177245486e+00 1.309340372265992647e+00 1.303251264385743680e+00 1.295071265147482054e+00 1.291780865033098857e+00 1.291542609197623870e+00 1.294363501701019326e+00 1.301833729813488993e+00 1.306897696524654373e+00 1.305907415750596989e+00 1.298732712365350705e+00 1.289450122367342022e+00 1.285180329037580726e+00 1.283676286932504018e+00
1.293605380388030524e+00 1.295134425656004451e+00 1.299465222405212339e+00 1.308866801520641054e+00 1.316142525625023874e+00 1.317141831869222957e+00 1.311993898763572641e+00 1.304420721027571783e+00 1.301550850147493721e+00 1.301776121646794238e+00 1.305091529800838535e+00 1.313341523794447907e+00 1.319472662748843339e+00 1.319637807304431476e+00 1.313853981257222525e+00 1.305893255637442740e+00 1.302788051295705074e+00 1.302789003573113114e+00 1.305898113933415594e+00 1.313870710702623068e+00 1.319684392727672906e+00 1.319578150140100492e+00 1.313548983839752049e+00 1.305416023499462508e+00 1.302207679295283027e+00 1.302117507196162371e+00 1.305150512925121298e+00 1.313031982217119031e+00 1.318721501775576677e+00 1.318482100445097283e+00 1.312305764122408958e+00 1.304048670705568513e+00 1.300770253071273919e+00 1.300626028019590930e+00 1.303622006644545861e+00 1.311472468684857118e+00 1.317107968783624905e+00 1.316800539801538328e+00 1.310545174984145245e+00 1.302226062946792329e+00 1.298933673190274751e+00 1.298805519636555994e+00 1.301849610208452912e+00 1.309815301819688971e+00 1.315611122176736592e+00 1.315471026313018044e+00 1.309387011973233372e+00 1.301198167295039010e+00 1.298000972365251915e+00 1.297973022461226922e+00 1.301112310966361152e+00 1.309200275971486471e+00 1.315128418297905055e+00 1.315079588091420115e+00 1.309044780302149436e+00 1.300863053672189684e+00 1.297641900479857613e+00 1.297563963494811512e+00 1.300632239246889421e+00 1.308585149847369511e+00 1.314322191140741447e+00 1.314078242546268704e+00 1.307854312008505326e+00 1.299540500722860203e+00 1.296246313790309079e+00 1.296111372862337241e+00 1.299144676277353083e+00 1.307084681832662243e+00 1.312839883168879673e+00 1.312655125660240785e+00 1.306526415656782625e+00 1.298303781649059907e+00 1.295077731374218555e+00 1.295014932648534511e+00 1.298111378939313498e+00 1.306131576109737180e+00 1.311981997712476034e+00 1.311873409890375264e+00 1.305798812670504683e+00 1.297599226298976394e+00 1.294362172372284681e+00 1.294261344607584574e+00 1.297298739305467574e+00 1.305203829666906845e+00 1.310899083828524825e+00 1.310645312043269728e+00 1.304442531350677337e+00 1.296165814639569813e+00 1.292893700771119203e+00 1.292774844133516732e+00 1.295816244153646934e+00 1.303765403891234298e+00 1.309565791743267704e+00 1.309468200124127346e+00 1.303472642981898133e+00 1.295380118895246291e+00 1.292242151739879441e+00 1.292258452409592806e+00 1.295427005468201997e+00 1.303547379509885751e+00 1.309580037128572627e+00 1.309712696641704088e+00 1.303948366426147976e+00 1.296026998419184340e+00 1.292972097693193101e+00 1.293039423859343451e+00 1.296222966328748782e+00 1.304322267895899223e+00 1.310331824155561264e+00 1.310453381127314243e+00 1.304692955086293571e+00 1.296786519381329272e+00 1.293723553325021758e+00 1.293763791511885586e+00 1.296902227709460842e+00 1.304913349223618013e+00 1.310820675824970527e+00 1.310854014825831193e+00 1.305015366107343810e+00 1.297051757709561937e+00 1.293935657127958327e+00 1.293904744574160048e+00 1.296960014551652662e+00 1.304826863707622797e+00 1.310523805007912435e+00 1.310320710138354272e+00 1.304199558712305862e+00 1.295987514889646031e+00 1.292681095338400032e+00 1.292443839712194231e+00 1.295280753729538104e+00 1.302782026218455735e+00 1.307875031696465351e+00 1.306870732422820813e+00 1.299638950675529925e+00 1.290302286057054992e+00 1.286001449908900085e+00 1.284483390342284093e+00
1.293249871389999583e+00 1.294507553213124496e+00 1.298014242508554572e+00 1.305368078383664310e+00 1.311024629955886089e+00 1.311993898763572641e+00 1.308372010277620623e+00 1.302753450446843653e+00 1.300599537811223838e+00 1.300838825750556316e+00 1.303468312582781063e+00 1.309779709155402427e+00 1.314373786673188826e+00 1.314529917422024852e+00 1.310263123216658609e+00 1.304229981291682661e+00 1.301814698108960000e+00 1.301809637745020787e+00 1.304215801962383514e+00 1.310242785877689498e+00 1.314516404788121484e+00 1.314397144434635401e+00 1.309885006882382630e+00 1.303677626707658632e+00 1.301152192865311807e+00 1.301046995863952782e+00 1.303366040694312611e+00 1.309285878201157605e+00 1.313426322385920164e+00 1.313170896453722092e+00 1.308514592105710639e+00 1.302189082216264282e+00 1.299588568188408733e+00 1.299416304588236759e+00 1.301680296760967748e+00 1.307536082228873742e+00 1.311590461351381132e+00 1.311243977001580907e+00 1.306500631079933417e+00 1.300120114394373916e+00 1.297506635158695243e+00 1.297353444222199004e+00 1.299665551431822941e+00 1.305635564703627294e+00 1.309872290502185121e+00 1.309738200059495927e+00 1.305228286619832589e+00 1.299038123504813846e+00 1.296568905911611003e+00 1.296560984569736341e+00 1.299011354706605559e+00 1.305156710078396953e+00 1.309574820526860917e+00 1.309564037211354615e+00 1.305112343093665084e+00 1.298916283353079626e+00 1.296406090922717969e+00 1.296325158950922152e+00 1.298677482637072389e+00 1.304648729246690397e+00 1.308813656632662914e+00 1.308540663575688212e+00 1.303837765212386479e+00 1.297467567900568497e+00 1.294854311523707224e+00 1.294695346828500737e+00 1.296995679543121227e+00 1.302941004349406962e+00 1.307136098992284889e+00 1.306953339308225770e+00 1.302391726622817103e+00 1.296161775493275270e+00 1.293657711082712769e+00 1.293609947071346689e+00 1.296015476623346485e+00 1.302091061096321445e+00 1.306430437639772846e+00 1.306355887566653884e+00 1.301856400237619171e+00 1.295635481367399588e+00 1.293102395521468440e+00 1.292995574735926745e+00 1.295316016128820857e+00 1.301237437368464755e+00 1.305362560428751095e+00 1.305075735557586825e+00 1.300385982756188996e+00 1.294045883240630079e+00 1.291452701635665612e+00 1.291307823938413923e+00 1.293617251431208981e+00 1.299574721188417215e+00 1.303814989355276621e+00 1.303716386120132409e+00 1.299278924403410640e+00 1.293174088927146581e+00 1.290760115893099913e+00 1.290798457987960779e+00 1.293286103187679670e+00 1.299478867591000286e+00 1.304013488027659262e+00 1.304190195682010556e+00 1.300002992374247324e+00 1.294067312576016038e+00 1.291737407239307522e+00 1.291828777337131751e+00 1.294336414044789496e+00 1.300517114594045731e+00 1.305020620047235180e+00 1.305162196255339913e+00 1.300944854201284917e+00 1.294989064100064091e+00 1.292634067575579637e+00 1.292687332870097627e+00 1.295146853860939418e+00 1.301244378507075528e+00 1.305647659896696178e+00 1.305698011276543946e+00 1.301390437291552127e+00 1.295361456628432606e+00 1.292942309791918598e+00 1.292918408563765720e+00 1.295287752008437820e+00 1.301239002312577719e+00 1.305431893722631687e+00 1.305239810494220665e+00 1.300646732661698612e+00 1.294359304109220288e+00 1.291733812641536527e+00 1.291482540072772744e+00 1.293607491494231931e+00 1.299169126367352156e+00 1.302748071555316578e+00 1.301772810527923374e+00 1.296149215656961173e+00 1.288846313165223689e+00 1.285364590721262967e+00 1.284115897296905118e+00
1.292575936171643125e+00 1.293500172539804316e+00 1.295900378756737581e+00 1.299921750720003821e+00 1.303483495245591817e+00 1.304420721027571783e+00 1.302753450446843653e+00 1.300330171706995275e+00 1.299186609462205100e+00 1.299444920081203048e+00 1.301117120085244938e+00 1.304251261125508821e+00 1.306866689761358113e+00 1.307013808250494513e+00 1.304699631000584725e+00 1.301830723230406495e+00 1.300383732870889597e+00 1.300372658834920925e+00 1.301796503482333112e+00 1.304643229158140461e+00 1.306945208957220217e+00 1.306812932899932278e+00 1.304254410971493305e+00 1.301208258626582959e+00 1.299638096230020912e+00 1.299516869986595546e+00 1.300839575202060505e+00 1.303565139065863576e+00 1.305729938120663958e+00 1.305459490896640817e+00 1.302761805316966726e+00 1.299603530740457868e+00 1.297949275895965204e+00 1.297746967644550331e+00 1.298993593482115738e+00 1.301621060818648923e+00 1.303669755827491006e+00 1.303283214347181085e+00 1.300483463832748043e+00 1.297272180829652566e+00 1.295600958359986787e+00 1.295416724099086814e+00 1.296715477177321718e+00 1.299459173779779597e+00 1.301713245707315059e+00 1.301587158028963298e+00 1.299078912371414152e+00 1.296123069205541212e+00 1.294656197681094190e+00 1.294670310489017817e+00 1.296162405948281693e+00 1.299131512704783775e+00 1.301610022414842804e+00 1.301642286560655837e+00 1.299208280700503648e+00 1.296241535185695959e+00 1.294717678653503512e+00 1.294633750662927962e+00 1.295986754175171285e+00 1.298734686282910333e+00 1.300897920073146974e+00 1.300594876149001600e+00 1.297845578437523129e+00 1.294653637390063450e+00 1.292986668556679541e+00 1.292796679612750355e+00 1.294082674989016857e+00 1.296800672543067412e+00 1.299012089833642802e+00 1.298834323459429951e+00 1.296270369936889599e+00 1.293265748705293205e+00 1.291757046425780375e+00 1.291726325303111711e+00 1.293169588095322231e+00 1.296072908757408548e+00 1.298475661915035939e+00 1.298440150662374171e+00 1.295951344911677960e+00 1.292945752273301885e+00 1.291393010911435102e+00 1.291278200294158074e+00 1.292598324952279887e+00 1.295305411861939815e+00 1.297431822257378853e+00 1.297110937879486281e+00 1.294364780476393584e+00 1.291188945663165999e+00 1.289536061778694398e+00 1.289360161957279871e+00 1.290660252715206902e+00 1.293401378373396637e+00 1.295661950300054377e+00 1.295563333588297450e+00 1.293108525755982452e+00 1.290215027105154899e+00 1.288798428634383653e+00 1.288862820768870598e+00 1.290405213234234960e+00 1.293449716268797012e+00 1.296061713608963828e+00 1.296284470860657789e+00 1.294098956536839040e+00 1.291371620731010195e+00 1.290047097896526385e+00 1.290164518048752429e+00 1.291726894262221093e+00 1.294763329594972756e+00 1.297328189891108652e+00 1.297488782530258566e+00 1.295241092658335980e+00 1.292458604472272343e+00 1.291088960858036483e+00 1.291156258656816380e+00 1.292663504205644909e+00 1.295624768923301362e+00 1.298093409086864325e+00 1.298158773462543936e+00 1.295812852062751652e+00 1.292943156908705316e+00 1.291496342630873428e+00 1.291476457808891976e+00 1.292882502753304186e+00 1.295694485218808589e+00 1.297951737775337122e+00 1.297770664110531547e+00 1.295144250296685007e+00 1.292010109644447180e+00 1.290334913440291498e+00 1.290063620079295648e+00 1.291185211169830760e+00 1.293575533610480832e+00 1.295215839832265958e+00 1.294272622350052249e+00 1.290729852379676856e+00 1.286734446484973260e+00 1.284350219266264137e+00 1.283431974815846033e+00
1.292292525788022894e+00 1.293041527790388168e+00 1.294909021659090609e+00 1.297845942122339169e+00 1.300629646393901107e+00 1.301550850147493721e+00 1.300599537811223838e+00 1.299186609462205100e+00 1.298504662715756375e+00 1.298771983535287111e+00 1.300002591453478740e+00 1.302129383270484109e+00 1.304014835677639983e+00 1.304153944184833103e+00 1.302551717610509474e+00 1.300678138419410823e+00 1.299672733445501160e+00 1.299655649861134687e+00 1.300627886852078197e+00 1.302466265667062029e+00 1.304040272765954578e+00 1.303896978860386024e+00 1.302044398573939832e+00 1.299984558938003909e+00 1.298845968417849939e+00 1.298712723077793507e+00 1.299579816677581379e+00 1.301300036910741031e+00 1.302737866060737604e+00 1.302453398276098184e+00 1.300456646552279549e+00 1.298275667784681842e+00 1.297041971089417878e+00 1.296818629418470703e+00 1.297598631974633321e+00 1.299211744964692938e+00 1.300514446356953124e+00 1.300088846417705390e+00 1.297956982906907752e+00 1.295689948345947196e+00 1.294421260015061748e+00 1.294209988967503611e+00 1.295052135363935042e+00 1.296808518010273747e+00 1.298354644254759993e+00 1.298233560751860027e+00 1.296446268234575427e+00 1.294485742819539098e+00 1.293473477537760541e+00 1.293511623384183018e+00 1.294594178025805897e+00 1.296617028686072759e+00 1.298428645932691694e+00 1.298500959986111036e+00 1.296813942281306753e+00 1.294856539713194588e+00 1.293781283479366273e+00 1.293695359171468162e+00 1.294596768420993804e+00 1.296336361387887770e+00 1.297761604824674952e+00 1.297424514332120804e+00 1.295350111826472972e+00 1.293108432876449942e+00 1.291847013777917885e+00 1.291629997322305545e+00 1.292456391035652130e+00 1.294182066834664635e+00 1.295680527023497675e+00 1.295503759299694302e+00 1.293656757515133204e+00 1.291643459860831733e+00 1.290585370186015046e+00 1.290573687735002917e+00 1.291604410102125788e+00 1.293560464127677223e+00 1.295294314563142590e+00 1.295294847696509155e+00 1.293546029611625237e+00 1.291543781726405271e+00 1.290433647135375228e+00 1.290313841643122350e+00 1.291182370510112198e+00 1.292884109115039148e+00 1.294272519319622949e+00 1.293914581527089380e+00 1.291836314721551693e+00 1.289600743998650323e+00 1.288349411612005113e+00 1.288144484918222199e+00 1.288987972623389267e+00 1.290742768505833027e+00 1.292293372576096999e+00 1.292191749524151723e+00 1.290444887884370173e+00 1.288531711515898959e+00 1.287564729098996219e+00 1.287652163905766090e+00 1.288792021729324722e+00 1.290902262960622604e+00 1.292855361752444310e+00 1.293121172120270446e+00 1.291677656247183004e+00 1.289958683360706848e+00 1.289094791351107938e+00 1.289231247642827594e+00 1.290375063042122017e+00 1.292444189182689440e+00 1.294317104573517119e+00 1.294493714574031173e+00 1.292968999974384747e+00 1.291184864315514380e+00 1.290265839062051834e+00 1.290344157324160079e+00 1.291422826994045536e+00 1.293407765582783808e+00 1.295178453868371493e+00 1.295256833419043740e+00 1.293634890617050726e+00 1.291764553394711079e+00 1.290766350838297827e+00 1.290751476923316599e+00 1.291719931131199317e+00 1.293545573433140916e+00 1.295097865895555644e+00 1.294925800859518361e+00 1.293023371355830564e+00 1.290890587500617359e+00 1.289651990649102853e+00 1.289372685752564918e+00 1.290035657318290063e+00 1.291424617249857132e+00 1.292354957658785608e+00 1.291428760341048365e+00 1.288657040053254876e+00 1.285737097790771832e+00 1.283881587788150425e+00 1.283136580398648086e+00
1.292570866519801465e+00 1.293315862499397673e+00 1.295170341176300477e+00 1.298086234917831039e+00 1.300854918924124526e+00 1.301776121646794238e+00 1.300838825750556316e+00 1.299444920081203048e+00 1.298771983535287111e+00 1.299037301859341520e+00 1.300255892225296250e+00 1.302358653577245562e+00 1.304223078747734021e+00 1.304354174179406023e+00 1.302756947659998499e+00 1.300892377639444986e+00 1.299889972802061644e+00 1.299866879669259179e+00 1.300825096612899578e+00 1.302639443416918397e+00 1.304189417474335588e+00 1.304031099182058728e+00 1.302171503462173252e+00 1.300109655663310937e+00 1.298968055216743300e+00 1.298826798348642564e+00 1.299681875943758724e+00 1.301385072386726183e+00 1.302802873487789226e+00 1.302500377058637193e+00 1.300485593599144174e+00 1.298289584263390806e+00 1.297041863915453286e+00 1.296802499702387701e+00 1.297565478468143407e+00 1.299152559527488870e+00 1.300415205850013134e+00 1.299934528515285237e+00 1.297732561161323517e+00 1.295398429592269807e+00 1.294086676264510016e+00 1.293848367399914379e+00 1.294683505574696136e+00 1.296450905553130362e+00 1.298008049128903663e+00 1.297891969801764356e+00 1.296103667273861060e+00 1.294141130084711655e+00 1.293140877198343919e+00 1.293209063055285046e+00 1.294337680250143174e+00 1.296426625635189733e+00 1.298307339803012272e+00 1.298429723974844352e+00 1.296776746628536481e+00 1.294837358782541248e+00 1.293768107966416947e+00 1.293682186227383513e+00 1.294578592836717057e+00 1.296303174291142390e+00 1.297696382937476356e+00 1.297311229954055678e+00 1.295171738070693301e+00 1.292866972756053778e+00 1.291562494830687191e+00 1.291316442692114208e+00 1.292131825763012776e+00 1.293860514578615728e+00 1.295361987267133141e+00 1.295184220860500668e+00 1.293330211874894831e+00 1.291311903839267083e+00 1.290262827965344528e+00 1.290278183324166772e+00 1.291349967166544932e+00 1.293366111538025720e+00 1.295163053996893687e+00 1.295208653597364146e+00 1.293488874267834543e+00 1.291498642378792860e+00 1.290390513892914814e+00 1.290269707145202505e+00 1.291130232742885076e+00 1.292814955815494882e+00 1.294169325658756309e+00 1.293759319877714420e+00 1.291608960132259343e+00 1.289305297841020437e+00 1.288006903708155182e+00 1.287771937512155240e+00 1.288604410971494252e+00 1.290362217835955283e+00 1.291914830606498032e+00 1.291809202041611204e+00 1.290049325214764231e+00 1.288124133354710210e+00 1.287163161009310830e+00 1.287277632603242239e+00 1.288462553294471347e+00 1.290641888368780910e+00 1.292667088890577354e+00 1.292987976674235151e+00 1.291584515878854811e+00 1.289889577593645198e+00 1.289042708862439435e+00 1.289195187703552126e+00 1.290354025960191775e+00 1.292441178182140549e+00 1.294334122667914588e+00 1.294530759171037992e+00 1.293025073975558881e+00 1.291257962114881197e+00 1.290350952866930800e+00 1.290437282663889018e+00 1.291520959089200948e+00 1.293508905051484303e+00 1.295289604772855263e+00 1.295384007393870718e+00 1.293786097121922163e+00 1.291938793777023475e+00 1.290954611277779884e+00 1.290945746403781458e+00 1.291912199155444529e+00 1.293730829612667499e+00 1.295281118542771281e+00 1.295117066599703382e+00 1.293235664327103684e+00 1.291124913622216708e+00 1.289899332466155624e+00 1.289621031412785390e+00 1.290276990094688880e+00 1.291646927886153318e+00 1.292564250004354820e+00 1.291639052895630524e+00 1.288882352874191506e+00 1.285982438152637686e+00 1.284137946542474928e+00 1.283397944350817443e+00
1.293421972609407167e+00 1.294334193486939455e+00 1.296695350519550427e+00 1.300639623300074765e+00 1.304154308142746022e+00 1.305091529800838535e+00 1.303468312582781063e+00 1.301117120085244938e+00 1.300002591453478740e+00 1.300255892225296250e+00 1.301889039437363893e+00 1.304938069250702659e+00 1.307490411021404730e+00 1.307613490799656164e+00 1.305312319466614079e+00 1.302484451524654752e+00 1.301048464070724053e+00 1.301019361904949712e+00 1.302399145976075090e+00 1.305161762189822827e+00 1.307390641616311466e+00 1.307214293131371941e+00 1.304634724902993925e+00 1.301590553415050033e+00 1.300011365362305105e+00 1.299866103503958037e+00 1.301153759891698236e+00 1.303821248801983579e+00 1.305925964225027824e+00 1.305602431800174434e+00 1.302850651014114680e+00 1.299647283188005931e+00 1.297949958714129215e+00 1.297702578851389177e+00 1.298898138469789298e+00 1.301452515222633943e+00 1.303379047163204074e+00 1.302829273931219278e+00 1.299812208304561345e+00 1.296382598636514727e+00 1.294577177513290822e+00 1.294308826572713178e+00 1.295587556233773974e+00 1.298383340908034755e+00 1.300673463420408682e+00 1.300562387754183868e+00 1.298050112878320617e+00 1.295068201187770551e+00 1.293637364789333333e+00 1.293746599231192285e+00 1.295378891029456803e+00 1.298563312965386851e+00 1.301255119894949575e+00 1.301440589377771406e+00 1.299108705623652105e+00 1.296190999583055836e+00 1.294685157242927875e+00 1.294602235114183486e+00 1.295941233500154999e+00 1.298644138802673043e+00 1.300712267405230715e+00 1.300264038885819762e+00 1.297312467916648338e+00 1.293917234316689369e+00 1.292117084528085602e+00 1.291837982944631147e+00 1.293089949272892669e+00 1.295835016591633915e+00 1.298056471595799399e+00 1.297873711838298583e+00 1.295290732498306507e+00 1.292250053403320109e+00 1.290769387579993710e+00 1.290821787029956313e+00 1.292392238722777087e+00 1.295494857227375229e+00 1.298091894242226374e+00 1.298192580021839460e+00 1.295787894027422338e+00 1.292815343568300523e+00 1.291270615783008502e+00 1.291149805409582685e+00 1.292450917193933568e+00 1.295109963316089408e+00 1.297133252929562719e+00 1.296654169847684779e+00 1.293688723158396447e+00 1.290287585888579835e+00 1.288491510131881679e+00 1.288221486813451611e+00 1.289486541652840490e+00 1.292260726576049512e+00 1.294530320581247507e+00 1.294416692905051569e+00 1.291923836616961196e+00 1.288970260515235999e+00 1.287572687292202644e+00 1.287720196943867634e+00 1.289400782790293798e+00 1.292671601415761984e+00 1.295505907804360479e+00 1.295892895538000911e+00 1.293827546965617747e+00 1.291169307075261230e+00 1.289893853135984036e+00 1.290058342280786086e+00 1.291667782821986910e+00 1.294758298990532408e+00 1.297383247089630709e+00 1.297600919642794226e+00 1.295412314773525697e+00 1.292684905564501552e+00 1.291350310794132428e+00 1.291442642888664061e+00 1.292963907456361472e+00 1.295930181523336389e+00 1.298424861899939220e+00 1.298538293411370059e+00 1.296265472405826014e+00 1.293475892085560242e+00 1.292073138397950682e+00 1.292072280389151562e+00 1.293472315255637550e+00 1.296248251781993988e+00 1.298496493114276173e+00 1.298341455513131404e+00 1.295777130451010173e+00 1.292727101318051464e+00 1.291088961126594548e+00 1.290824674939586858e+00 1.291919230278240738e+00 1.294241460638119179e+00 1.295840710012371222e+00 1.294898494297033187e+00 1.291400787202453326e+00 1.287479484507089156e+00 1.285133307798869140e+00 1.284226080702497219e+00
