1.041153000000000084e+01 1.039879999999999960e+01 1.036838999999999977e+01 1.032394999999999996e+01 1.028328999999999915e+01 1.026693999999999996e+01 1.027402999999999977e+01 1.028818000000000055e+01 1.029336999999999946e+01 1.028445999999999927e+01 1.026176000000000066e+01 1.022791999999999923e+01 1.019940000000000069e+01 1.019469999999999921e+01 1.021335999999999977e+01 1.023781999999999925e+01 1.025192000000000014e+01 1.025183000000000000e+01 1.023750000000000071e+01 1.021260000000000012e+01 1.019300999999999924e+01 1.019608999999999988e+01 1.022200999999999915e+01 1.025268999999999942e+01 1.027203000000000088e+01 1.027706000000000053e+01 1.026753000000000071e+01 1.024762999999999913e+01 1.023287000000000013e+01 1.023991000000000007e+01 1.026924999999999955e+01 1.030263000000000062e+01 1.032408999999999999e+01 1.033106000000000080e+01 1.032319999999999993e+01 1.030480000000000018e+01 1.029099000000000075e+01 1.029812000000000083e+01 1.032662999999999975e+01 1.035857999999999990e+01 1.037836000000000070e+01 1.038330999999999982e+01 1.037318999999999924e+01 1.035183999999999926e+01 1.033425000000000082e+01 1.033699999999999974e+01 1.036035000000000039e+01 1.038714000000000048e+01 1.040221999999999980e+01 1.040243000000000073e+01 1.038781999999999961e+01 1.036185000000000045e+01 1.034009999999999962e+01 1.033995999999999960e+01 1.036153000000000013e+01 1.038753999999999955e+01 1.040243000000000073e+01 1.040276000000000067e+01 1.038854000000000077e+01 1.036330000000000062e+01 1.034265000000000079e+01 1.034380999999999950e+01 1.036678999999999995e+01 1.039405000000000001e+01 1.040994000000000064e+01 1.041114999999999924e+01 1.039756000000000036e+01 1.037264000000000053e+01 1.035164999999999935e+01 1.035164999999999935e+01 1.037264000000000053e+01 1.039756000000000036e+01 1.041114999999999924e+01 1.040994000000000064e+01 1.039405000000000001e+01 1.036678999999999995e+01 1.034380999999999950e+01 1.034265000000000079e+01 1.036330000000000062e+01 1.038854000000000077e+01 1.040276000000000067e+01 1.040243000000000073e+01 1.038753999999999955e+01 1.036153000000000013e+01 1.033995999999999960e+01 1.034009999999999962e+01 1.036185000000000045e+01 1.038781999999999961e+01 1.040243000000000073e+01 1.040221999999999980e+01 1.038714000000000048e+01 1.036035000000000039e+01 1.033699999999999974e+01 1.033425000000000082e+01 1.035183999999999926e+01 1.037318999999999924e+01 1.038330999999999982e+01 1.037836000000000070e+01 1.035857999999999990e+01 1.032662999999999975e+01 1.029812000000000083e+01 1.029099000000000075e+01 1.030480000000000018e+01 1.032319999999999993e+01 1.033106000000000080e+01 1.032408999999999999e+01 1.030263000000000062e+01 1.026924999999999955e+01 1.023991000000000007e+01 1.023287000000000013e+01 1.024762999999999913e+01 1.026753000000000071e+01 1.027706000000000053e+01 1.027203000000000088e+01 1.025268999999999942e+01 1.022200999999999915e+01 1.019608999999999988e+01 1.019300999999999924e+01 1.021260000000000012e+01 1.023750000000000071e+01 1.025183000000000000e+01 1.025192000000000014e+01 1.023781999999999925e+01 1.021335999999999977e+01 1.019469999999999921e+01 1.019940000000000069e+01 1.022791999999999923e+01 1.026176000000000066e+01 1.028445999999999927e+01 1.029336999999999946e+01 1.028818000000000055e+01 1.027402999999999977e+01 1.026693999999999996e+01 1.028328999999999915e+01 1.032394999999999996e+01 1.036838999999999977e+01 1.039879999999999960e+01 1.041153000000000084e+01
1.039879999999999960e+01 1.038353999999999999e+01 1.034656999999999982e+01 1.029373000000000005e+01 1.024882999999999988e+01 1.023274999999999935e+01 1.024438999999999922e+01 1.026622000000000057e+01 1.027618999999999971e+01 1.026706000000000074e+01 1.023920999999999992e+01 1.019766000000000084e+01 1.016499999999999915e+01 1.016042999999999985e+01 1.018346999999999980e+01 1.021564000000000050e+01 1.023471999999999937e+01 1.023465000000000025e+01 1.021540000000000070e+01 1.018285000000000018e+01 1.015896000000000043e+01 1.016198999999999941e+01 1.019214000000000020e+01 1.023051000000000066e+01 1.025494999999999912e+01 1.026013999999999982e+01 1.024579999999999913e+01 1.021831000000000067e+01 1.019915999999999912e+01 1.020607000000000042e+01 1.023956000000000088e+01 1.028060999999999936e+01 1.030720999999999954e+01 1.031439999999999912e+01 1.030180000000000007e+01 1.027584000000000053e+01 1.025766999999999918e+01 1.026467000000000063e+01 1.029733000000000054e+01 1.033691999999999922e+01 1.036176999999999992e+01 1.036688999999999972e+01 1.035199000000000069e+01 1.032309000000000054e+01 1.030119000000000007e+01 1.030386000000000024e+01 1.033140000000000036e+01 1.036575000000000024e+01 1.038571999999999917e+01 1.038588999999999984e+01 1.036631000000000036e+01 1.033271000000000051e+01 1.030667000000000044e+01 1.030649999999999977e+01 1.033230000000000004e+01 1.036591999999999913e+01 1.038574000000000019e+01 1.038607000000000014e+01 1.036692999999999998e+01 1.033408000000000015e+01 1.030916000000000032e+01 1.031030999999999942e+01 1.033755999999999986e+01 1.037246999999999986e+01 1.039334999999999987e+01 1.039461000000000013e+01 1.037616000000000049e+01 1.034366999999999948e+01 1.031842999999999932e+01 1.031842999999999932e+01 1.034366999999999948e+01 1.037616000000000049e+01 1.039461000000000013e+01 1.039334999999999987e+01 1.037246999999999986e+01 1.033755999999999986e+01 1.031030999999999942e+01 1.030916000000000032e+01 1.033408000000000015e+01 1.036692999999999998e+01 1.038607000000000014e+01 1.038574000000000019e+01 1.036591999999999913e+01 1.033230000000000004e+01 1.030649999999999977e+01 1.030667000000000044e+01 1.033271000000000051e+01 1.036631000000000036e+01 1.038588999999999984e+01 1.038571999999999917e+01 1.036575000000000024e+01 1.033140000000000036e+01 1.030386000000000024e+01 1.030119000000000007e+01 1.032309000000000054e+01 1.035199000000000069e+01 1.036688999999999972e+01 1.036176999999999992e+01 1.033691999999999922e+01 1.029733000000000054e+01 1.026467000000000063e+01 1.025766999999999918e+01 1.027584000000000053e+01 1.030180000000000007e+01 1.031439999999999912e+01 1.030720999999999954e+01 1.028060999999999936e+01 1.023956000000000088e+01 1.020607000000000042e+01 1.019915999999999912e+01 1.021831000000000067e+01 1.024579999999999913e+01 1.026013999999999982e+01 1.025494999999999912e+01 1.023051000000000066e+01 1.019214000000000020e+01 1.016198999999999941e+01 1.015896000000000043e+01 1.018285000000000018e+01 1.021540000000000070e+01 1.023465000000000025e+01 1.023471999999999937e+01 1.021564000000000050e+01 1.018346999999999980e+01 1.016042999999999985e+01 1.016499999999999915e+01 1.019766000000000084e+01 1.023920999999999992e+01 1.026706000000000074e+01 1.027618999999999971e+01 1.026622000000000057e+01 1.024438999999999922e+01 1.023274999999999935e+01 1.024882999999999988e+01 1.029373000000000005e+01 1.034656999999999982e+01 1.038353999999999999e+01 1.039879999999999960e+01
1.036838999999999977e+01 1.034656999999999982e+01 1.028869000000000078e+01 1.020740999999999943e+01 1.015324000000000026e+01 1.013790999999999976e+01 1.016046000000000049e+01 1.020908000000000015e+01 1.023493999999999993e+01 1.022519999999999918e+01 1.018009999999999948e+01 1.011170000000000080e+01 1.006963000000000008e+01 1.006541999999999959e+01 1.009867999999999988e+01 1.015770000000000017e+01 1.019341999999999970e+01 1.019341000000000008e+01 1.015765999999999991e+01 1.009844000000000008e+01 1.006452999999999953e+01 1.006743999999999950e+01 1.010730000000000040e+01 1.017247000000000057e+01 1.021395000000000053e+01 1.021956999999999915e+01 1.018917000000000073e+01 1.013514999999999944e+01 1.010566000000000031e+01 1.011220999999999925e+01 1.015516000000000041e+01 1.022295000000000087e+01 1.026674000000000042e+01 1.027452000000000076e+01 1.024606999999999957e+01 1.019374000000000002e+01 1.016519000000000084e+01 1.017184999999999917e+01 1.021405000000000030e+01 1.028023999999999916e+01 1.032211000000000034e+01 1.032765999999999984e+01 1.029673000000000016e+01 1.024150999999999989e+01 1.020941999999999972e+01 1.021190999999999960e+01 1.024919000000000047e+01 1.030987999999999971e+01 1.034627000000000052e+01 1.034634999999999927e+01 1.031015999999999977e+01 1.024995000000000012e+01 1.021388999999999925e+01 1.021363999999999983e+01 1.024930999999999948e+01 1.030944000000000038e+01 1.034577999999999953e+01 1.034613000000000049e+01 1.031049999999999933e+01 1.025111000000000061e+01 1.021624000000000088e+01 1.021738999999999997e+01 1.025454000000000043e+01 1.031607999999999947e+01 1.035365999999999964e+01 1.035509000000000057e+01 1.032030999999999921e+01 1.026143000000000072e+01 1.022625999999999991e+01 1.022625999999999991e+01 1.026143000000000072e+01 1.032030999999999921e+01 1.035509000000000057e+01 1.035365999999999964e+01 1.031607999999999947e+01 1.025454000000000043e+01 1.021738999999999997e+01 1.021624000000000088e+01 1.025111000000000061e+01 1.031049999999999933e+01 1.034613000000000049e+01 1.034577999999999953e+01 1.030944000000000038e+01 1.024930999999999948e+01 1.021363999999999983e+01 1.021388999999999925e+01 1.024995000000000012e+01 1.031015999999999977e+01 1.034634999999999927e+01 1.034627000000000052e+01 1.030987999999999971e+01 1.024919000000000047e+01 1.021190999999999960e+01 1.020941999999999972e+01 1.024150999999999989e+01 1.029673000000000016e+01 1.032765999999999984e+01 1.032211000000000034e+01 1.028023999999999916e+01 1.021405000000000030e+01 1.017184999999999917e+01 1.016519000000000084e+01 1.019374000000000002e+01 1.024606999999999957e+01 1.027452000000000076e+01 1.026674000000000042e+01 1.022295000000000087e+01 1.015516000000000041e+01 1.011220999999999925e+01 1.010566000000000031e+01 1.013514999999999944e+01 1.018917000000000073e+01 1.021956999999999915e+01 1.021395000000000053e+01 1.017247000000000057e+01 1.010730000000000040e+01 1.006743999999999950e+01 1.006452999999999953e+01 1.009844000000000008e+01 1.015765999999999991e+01 1.019341000000000008e+01 1.019341999999999970e+01 1.015770000000000017e+01 1.009867999999999988e+01 1.006541999999999959e+01 1.006963000000000008e+01 1.011170000000000080e+01 1.018009999999999948e+01 1.022519999999999918e+01 1.023493999999999993e+01 1.020908000000000015e+01 1.016046000000000049e+01 1.013790999999999976e+01 1.015324000000000026e+01 1.020740999999999943e+01 1.028869000000000078e+01 1.034656999999999982e+01 1.036838999999999977e+01
1.032394999999999996e+01 1.029373000000000005e+01 1.020740999999999943e+01 1.009873999999999938e+01 1.004143999999999970e+01 1.002697000000000038e+01 1.005555999999999983e+01 1.013011999999999979e+01 1.017667999999999928e+01 1.016607999999999912e+01 1.009791000000000061e+01 1.000399999999999956e+01 9.958182000000000755e+00 9.954390999999999323e+00 9.992639999999999745e+00 1.007748999999999917e+01 1.013524999999999920e+01 1.013536000000000037e+01 1.007778000000000063e+01 9.992955999999999506e+00 9.954304000000000485e+00 9.957114000000000686e+00 1.000122999999999962e+01 1.009216999999999942e+01 1.015648999999999980e+01 1.016277000000000008e+01 1.011120999999999981e+01 1.003148999999999980e+01 9.996684999999999377e+00 1.000286999999999971e+01 1.004978999999999978e+01 1.014338000000000051e+01 1.021039999999999992e+01 1.021908999999999956e+01 1.016971000000000025e+01 1.009163999999999994e+01 1.005763999999999925e+01 1.006398000000000081e+01 1.011036000000000001e+01 1.020246000000000031e+01 1.026739000000000068e+01 1.027361999999999931e+01 1.022133000000000003e+01 1.014028000000000063e+01 1.010294999999999987e+01 1.010521999999999920e+01 1.014705999999999975e+01 1.023345999999999911e+01 1.029186999999999941e+01 1.029176999999999964e+01 1.023323000000000071e+01 1.014699000000000062e+01 1.010604999999999976e+01 1.010566999999999993e+01 1.014597999999999978e+01 1.023188000000000031e+01 1.029030999999999985e+01 1.029068000000000005e+01 1.023301000000000016e+01 1.014780999999999977e+01 1.010818000000000083e+01 1.010934999999999917e+01 1.015122000000000035e+01 1.023872000000000071e+01 1.029879999999999995e+01 1.030052000000000056e+01 1.024389000000000038e+01 1.015924000000000049e+01 1.011924999999999919e+01 1.011924999999999919e+01 1.015924000000000049e+01 1.024389000000000038e+01 1.030052000000000056e+01 1.029879999999999995e+01 1.023872000000000071e+01 1.015122000000000035e+01 1.010934999999999917e+01 1.010818000000000083e+01 1.014780999999999977e+01 1.023301000000000016e+01 1.029068000000000005e+01 1.029030999999999985e+01 1.023188000000000031e+01 1.014597999999999978e+01 1.010566999999999993e+01 1.010604999999999976e+01 1.014699000000000062e+01 1.023323000000000071e+01 1.029176999999999964e+01 1.029186999999999941e+01 1.023345999999999911e+01 1.014705999999999975e+01 1.010521999999999920e+01 1.010294999999999987e+01 1.014028000000000063e+01 1.022133000000000003e+01 1.027361999999999931e+01 1.026739000000000068e+01 1.020246000000000031e+01 1.011036000000000001e+01 1.006398000000000081e+01 1.005763999999999925e+01 1.009163999999999994e+01 1.016971000000000025e+01 1.021908999999999956e+01 1.021039999999999992e+01 1.014338000000000051e+01 1.004978999999999978e+01 1.000286999999999971e+01 9.996684999999999377e+00 1.003148999999999980e+01 1.011120999999999981e+01 1.016277000000000008e+01 1.015648999999999980e+01 1.009216999999999942e+01 1.000122999999999962e+01 9.957114000000000686e+00 9.954304000000000485e+00 9.992955999999999506e+00 1.007778000000000063e+01 1.013536000000000037e+01 1.013524999999999920e+01 1.007748999999999917e+01 9.992639999999999745e+00 9.954390999999999323e+00 9.958182000000000755e+00 1.000399999999999956e+01 1.009791000000000061e+01 1.016607999999999912e+01 1.017667999999999928e+01 1.013011999999999979e+01 1.005555999999999983e+01 1.002697000000000038e+01 1.004143999999999970e+01 1.009873999999999938e+01 1.020740999999999943e+01 1.029373000000000005e+01 1.032394999999999996e+01
1.028328999999999915e+01 1.024882999999999988e+01 1.015324000000000026e+01 1.004143999999999970e+01 9.984638999999999598e+00 9.970589999999999620e+00 9.999594999999999345e+00 1.007612999999999914e+01 1.012795000000000023e+01 1.011688999999999972e+01 1.004263000000000083e+01 9.947067999999999799e+00 9.901794000000000651e+00 9.898303000000000296e+00 9.936678999999999817e+00 1.002356999999999942e+01 1.008727000000000018e+01 1.008755999999999986e+01 1.002441999999999922e+01 9.937849999999999184e+00 9.899366999999999805e+00 9.902255000000000251e+00 9.946306999999999121e+00 1.003941000000000017e+01 1.011008999999999958e+01 1.011692000000000036e+01 1.006001999999999974e+01 9.978382999999999114e+00 9.943502000000000507e+00 9.949657999999999447e+00 9.996496000000000492e+00 1.009243999999999986e+01 1.016614000000000040e+01 1.017557000000000045e+01 1.012088999999999928e+01 1.004077999999999982e+01 1.000664000000000087e+01 1.001303000000000054e+01 1.005954999999999977e+01 1.015429999999999922e+01 1.022597999999999985e+01 1.023281000000000063e+01 1.017487000000000030e+01 1.009146999999999927e+01 1.005381999999999998e+01 1.005596000000000068e+01 1.009781000000000084e+01 1.018642999999999965e+01 1.025070999999999977e+01 1.025028000000000006e+01 1.018524999999999991e+01 1.009629999999999939e+01 1.005498000000000047e+01 1.005437000000000047e+01 1.009460999999999942e+01 1.018268999999999913e+01 1.024710999999999927e+01 1.024746999999999986e+01 1.018379999999999974e+01 1.009636000000000067e+01 1.005672999999999995e+01 1.005804999999999971e+01 1.010017999999999994e+01 1.019030000000000058e+01 1.025685999999999964e+01 1.025892999999999944e+01 1.019650000000000034e+01 1.010959000000000074e+01 1.006948000000000043e+01 1.006948000000000043e+01 1.010959000000000074e+01 1.019650000000000034e+01 1.025892999999999944e+01 1.025685999999999964e+01 1.019030000000000058e+01 1.010017999999999994e+01 1.005804999999999971e+01 1.005672999999999995e+01 1.009636000000000067e+01 1.018379999999999974e+01 1.024746999999999986e+01 1.024710999999999927e+01 1.018268999999999913e+01 1.009460999999999942e+01 1.005437000000000047e+01 1.005498000000000047e+01 1.009629999999999939e+01 1.018524999999999991e+01 1.025028000000000006e+01 1.025070999999999977e+01 1.018642999999999965e+01 1.009781000000000084e+01 1.005596000000000068e+01 1.005381999999999998e+01 1.009146999999999927e+01 1.017487000000000030e+01 1.023281000000000063e+01 1.022597999999999985e+01 1.015429999999999922e+01 1.005954999999999977e+01 1.001303000000000054e+01 1.000664000000000087e+01 1.004077999999999982e+01 1.012088999999999928e+01 1.017557000000000045e+01 1.016614000000000040e+01 1.009243999999999986e+01 9.996496000000000492e+00 9.949657999999999447e+00 9.943502000000000507e+00 9.978382999999999114e+00 1.006001999999999974e+01 1.011692000000000036e+01 1.011008999999999958e+01 1.003941000000000017e+01 9.946306999999999121e+00 9.902255000000000251e+00 9.899366999999999805e+00 9.937849999999999184e+00 1.002441999999999922e+01 1.008755999999999986e+01 1.008727000000000018e+01 1.002356999999999942e+01 9.936678999999999817e+00 9.898303000000000296e+00 9.901794000000000651e+00 9.947067999999999799e+00 1.004263000000000083e+01 1.011688999999999972e+01 1.012795000000000023e+01 1.007612999999999914e+01 9.999594999999999345e+00 9.970589999999999620e+00 9.984638999999999598e+00 1.004143999999999970e+01 1.015324000000000026e+01 1.024882999999999988e+01 1.028328999999999915e+01
1.026693999999999996e+01 1.023274999999999935e+01 1.013790999999999976e+01 1.002697000000000038e+01 9.970589999999999620e+00 9.956538000000000110e+00 9.985124000000000777e+00 1.006084000000000067e+01 1.011205999999999960e+01 1.010108999999999924e+01 1.002762000000000064e+01 9.933049999999999713e+00 9.888363000000000014e+00 9.885068999999999662e+00 9.923242999999999370e+00 1.000958999999999932e+01 1.007295000000000051e+01 1.007351000000000063e+01 1.001121999999999979e+01 9.925651000000000224e+00 9.887793000000000276e+00 9.890983000000000303e+00 9.935010000000000119e+00 1.002782000000000018e+01 1.009839000000000020e+01 1.010557000000000016e+01 1.004946999999999946e+01 9.968707999999999458e+00 9.934404999999999930e+00 9.940925999999999263e+00 9.987918000000000518e+00 1.008386999999999922e+01 1.015773000000000081e+01 1.016761999999999944e+01 1.011369000000000007e+01 1.003434000000000026e+01 1.000076999999999927e+01 1.000769000000000020e+01 1.005463999999999913e+01 1.014978999999999942e+01 1.022194000000000003e+01 1.022921999999999976e+01 1.017169999999999952e+01 1.008858999999999995e+01 1.005101999999999940e+01 1.005310000000000059e+01 1.009477000000000046e+01 1.018299999999999983e+01 1.024675000000000047e+01 1.024581000000000053e+01 1.018031000000000041e+01 1.009098999999999968e+01 1.004930000000000057e+01 1.004829999999999934e+01 1.008815000000000062e+01 1.017576999999999998e+01 1.023983999999999916e+01 1.024017000000000088e+01 1.017675999999999981e+01 1.008971999999999980e+01 1.005040999999999940e+01 1.005204999999999949e+01 1.009445999999999977e+01 1.018483999999999945e+01 1.025176000000000087e+01 1.025427999999999962e+01 1.019232000000000049e+01 1.010579000000000072e+01 1.006583000000000006e+01 1.006583000000000006e+01 1.010579000000000072e+01 1.019232000000000049e+01 1.025427999999999962e+01 1.025176000000000087e+01 1.018483999999999945e+01 1.009445999999999977e+01 1.005204999999999949e+01 1.005040999999999940e+01 1.008971999999999980e+01 1.017675999999999981e+01 1.024017000000000088e+01 1.023983999999999916e+01 1.017576999999999998e+01 1.008815000000000062e+01 1.004829999999999934e+01 1.004930000000000057e+01 1.009098999999999968e+01 1.018031000000000041e+01 1.024581000000000053e+01 1.024675000000000047e+01 1.018299999999999983e+01 1.009477000000000046e+01 1.005310000000000059e+01 1.005101999999999940e+01 1.008858999999999995e+01 1.017169999999999952e+01 1.022921999999999976e+01 1.022194000000000003e+01 1.014978999999999942e+01 1.005463999999999913e+01 1.000769000000000020e+01 1.000076999999999927e+01 1.003434000000000026e+01 1.011369000000000007e+01 1.016761999999999944e+01 1.015773000000000081e+01 1.008386999999999922e+01 9.987918000000000518e+00 9.940925999999999263e+00 9.934404999999999930e+00 9.968707999999999458e+00 1.004946999999999946e+01 1.010557000000000016e+01 1.009839000000000020e+01 1.002782000000000018e+01 9.935010000000000119e+00 9.890983000000000303e+00 9.887793000000000276e+00 9.925651000000000224e+00 1.001121999999999979e+01 1.007351000000000063e+01 1.007295000000000051e+01 1.000958999999999932e+01 9.923242999999999370e+00 9.885068999999999662e+00 9.888363000000000014e+00 9.933049999999999713e+00 1.002762000000000064e+01 1.010108999999999924e+01 1.011205999999999960e+01 1.006084000000000067e+01 9.985124000000000777e+00 9.956538000000000110e+00 9.970589999999999620e+00 1.002697000000000038e+01 1.013790999999999976e+01 1.023274999999999935e+01 1.026693999999999996e+01
1.027402999999999977e+01 1.024438999999999922e+01 1.016046000000000049e+01 1.005555999999999983e+01 9.999594999999999345e+00 9.985124000000000777e+00 1.001234999999999964e+01 1.008309999999999995e+01 1.012748999999999988e+01 1.011716999999999977e+01 1.005171999999999954e+01 9.962104000000000070e+00 9.918181000000000580e+00 9.914982999999999436e+00 9.952546999999999144e+00 1.003453000000000017e+01 1.009096000000000082e+01 1.009187000000000012e+01 1.003716999999999970e+01 9.956493999999999289e+00 9.919814999999999827e+00 9.923524999999999707e+00 9.967534999999999812e+00 1.005663999999999980e+01 1.012039000000000044e+01 1.012772999999999968e+01 1.007878000000000007e+01 1.000254999999999939e+01 9.969533999999999452e+00 9.976798999999999751e+00 1.002421000000000006e+01 1.011716000000000015e+01 1.018453000000000053e+01 1.019459999999999944e+01 1.014755000000000074e+01 1.007231999999999950e+01 1.004006000000000043e+01 1.004794000000000054e+01 1.009576999999999991e+01 1.018889000000000067e+01 1.025524000000000058e+01 1.026290999999999976e+01 1.021188000000000073e+01 1.013180999999999976e+01 1.009462000000000081e+01 1.009671999999999947e+01 1.013808000000000042e+01 1.022312999999999938e+01 1.027997000000000050e+01 1.027826999999999913e+01 1.021828000000000003e+01 1.013114000000000026e+01 1.008895000000000053e+01 1.008737999999999957e+01 1.012654000000000032e+01 1.021054999999999957e+01 1.026787000000000027e+01 1.026812999999999931e+01 1.021134999999999948e+01 1.012786000000000008e+01 1.008919000000000032e+01 1.009131999999999962e+01 1.013414999999999999e+01 1.022216000000000058e+01 1.028332999999999942e+01 1.028642999999999930e+01 1.023128999999999955e+01 1.014799999999999969e+01 1.010842000000000063e+01 1.010842000000000063e+01 1.014799999999999969e+01 1.023128999999999955e+01 1.028642999999999930e+01 1.028332999999999942e+01 1.022216000000000058e+01 1.013414999999999999e+01 1.009131999999999962e+01 1.008919000000000032e+01 1.012786000000000008e+01 1.021134999999999948e+01 1.026812999999999931e+01 1.026787000000000027e+01 1.021054999999999957e+01 1.012654000000000032e+01 1.008737999999999957e+01 1.008895000000000053e+01 1.013114000000000026e+01 1.021828000000000003e+01 1.027826999999999913e+01 1.027997000000000050e+01 1.022312999999999938e+01 1.013808000000000042e+01 1.009671999999999947e+01 1.009462000000000081e+01 1.013180999999999976e+01 1.021188000000000073e+01 1.026290999999999976e+01 1.025524000000000058e+01 1.018889000000000067e+01 1.009576999999999991e+01 1.004794000000000054e+01 1.004006000000000043e+01 1.007231999999999950e+01 1.014755000000000074e+01 1.019459999999999944e+01 1.018453000000000053e+01 1.011716000000000015e+01 1.002421000000000006e+01 9.976798999999999751e+00 9.969533999999999452e+00 1.000254999999999939e+01 1.007878000000000007e+01 1.012772999999999968e+01 1.012039000000000044e+01 1.005663999999999980e+01 9.967534999999999812e+00 9.923524999999999707e+00 9.919814999999999827e+00 9.956493999999999289e+00 1.003716999999999970e+01 1.009187000000000012e+01 1.009096000000000082e+01 1.003453000000000017e+01 9.952546999999999144e+00 9.914982999999999436e+00 9.918181000000000580e+00 9.962104000000000070e+00 1.005171999999999954e+01 1.011716999999999977e+01 1.012748999999999988e+01 1.008309999999999995e+01 1.001234999999999964e+01 9.985124000000000777e+00 9.999594999999999345e+00 1.005555999999999983e+01 1.016046000000000049e+01 1.024438999999999922e+01 1.027402999999999977e+01
1.028818000000000055e+01 1.026622000000000057e+01 1.020908000000000015e+01 1.013011999999999979e+01 1.007612999999999914e+01 1.006084000000000067e+01 1.008309999999999995e+01 1.012902000000000058e+01 1.015380000000000038e+01 1.014450000000000074e+01 1.010134000000000043e+01 1.003659999999999997e+01 9.995945999999999998e+00 9.992824999999999847e+00 1.002694999999999936e+01 1.008465999999999951e+01 1.012048000000000059e+01 1.012182999999999922e+01 1.008852000000000082e+01 1.003308999999999962e+01 1.000093999999999994e+01 1.000544999999999973e+01 1.004700000000000060e+01 1.011219999999999963e+01 1.015470000000000006e+01 1.016211000000000020e+01 1.013406999999999947e+01 1.008324999999999960e+01 1.005540000000000056e+01 1.006382999999999939e+01 1.010929999999999929e+01 1.017859999999999943e+01 1.022448999999999941e+01 1.023461999999999961e+01 1.020850000000000080e+01 1.015888999999999953e+01 1.013227000000000011e+01 1.014170999999999978e+01 1.018795000000000073e+01 1.025783999999999985e+01 1.030306999999999995e+01 1.031117000000000061e+01 1.028157000000000032e+01 1.022677000000000014e+01 1.019412999999999947e+01 1.019627999999999979e+01 1.023343999999999987e+01 1.029310000000000080e+01 1.032770000000000010e+01 1.032492000000000054e+01 1.028524999999999956e+01 1.022141000000000055e+01 1.018155999999999928e+01 1.017910999999999966e+01 1.021397999999999939e+01 1.027303999999999995e+01 1.030898999999999965e+01 1.030916000000000032e+01 1.027355999999999980e+01 1.021489000000000047e+01 1.018041999999999980e+01 1.018336000000000041e+01 1.022381000000000029e+01 1.028837000000000046e+01 1.032896000000000036e+01 1.033286999999999978e+01 1.029964000000000013e+01 1.024165999999999954e+01 1.020634000000000086e+01 1.020634000000000086e+01 1.024165999999999954e+01 1.029964000000000013e+01 1.033286999999999978e+01 1.032896000000000036e+01 1.028837000000000046e+01 1.022381000000000029e+01 1.018336000000000041e+01 1.018041999999999980e+01 1.021489000000000047e+01 1.027355999999999980e+01 1.030916000000000032e+01 1.030898999999999965e+01 1.027303999999999995e+01 1.021397999999999939e+01 1.017910999999999966e+01 1.018155999999999928e+01 1.022141000000000055e+01 1.028524999999999956e+01 1.032492000000000054e+01 1.032770000000000010e+01 1.029310000000000080e+01 1.023343999999999987e+01 1.019627999999999979e+01 1.019412999999999947e+01 1.022677000000000014e+01 1.028157000000000032e+01 1.031117000000000061e+01 1.030306999999999995e+01 1.025783999999999985e+01 1.018795000000000073e+01 1.014170999999999978e+01 1.013227000000000011e+01 1.015888999999999953e+01 1.020850000000000080e+01 1.023461999999999961e+01 1.022448999999999941e+01 1.017859999999999943e+01 1.010929999999999929e+01 1.006382999999999939e+01 1.005540000000000056e+01 1.008324999999999960e+01 1.013406999999999947e+01 1.016211000000000020e+01 1.015470000000000006e+01 1.011219999999999963e+01 1.004700000000000060e+01 1.000544999999999973e+01 1.000093999999999994e+01 1.003308999999999962e+01 1.008852000000000082e+01 1.012182999999999922e+01 1.012048000000000059e+01 1.008465999999999951e+01 1.002694999999999936e+01 9.992824999999999847e+00 9.995945999999999998e+00 1.003659999999999997e+01 1.010134000000000043e+01 1.014450000000000074e+01 1.015380000000000038e+01 1.012902000000000058e+01 1.008309999999999995e+01 1.006084000000000067e+01 1.007612999999999914e+01 1.013011999999999979e+01 1.020908000000000015e+01 1.026622000000000057e+01 1.028818000000000055e+01
1.029336999999999946e+01 1.027618999999999971e+01 1.023493999999999993e+01 1.017667999999999928e+01 1.012795000000000023e+01 1.011205999999999960e+01 1.012748999999999988e+01 1.015380000000000038e+01 1.016661999999999999e+01 1.015806000000000076e+01 1.012855000000000061e+01 1.008409999999999940e+01 1.004963000000000051e+01 1.004670999999999914e+01 1.007494999999999941e+01 1.011308000000000007e+01 1.013643000000000072e+01 1.013832000000000022e+01 1.011857999999999969e+01 1.008413000000000004e+01 1.005926000000000009e+01 1.006462999999999930e+01 1.010074999999999967e+01 1.014598999999999940e+01 1.017549999999999955e+01 1.018332000000000015e+01 1.016896000000000022e+01 1.013986000000000054e+01 1.011999999999999922e+01 1.012959999999999994e+01 1.016970000000000063e+01 1.021850000000000058e+01 1.025102000000000046e+01 1.026164999999999949e+01 1.024971999999999994e+01 1.022293999999999947e+01 1.020515999999999934e+01 1.021626999999999974e+01 1.025725000000000087e+01 1.030616000000000021e+01 1.033797999999999995e+01 1.034698999999999991e+01 1.033248000000000033e+01 1.030141000000000062e+01 1.027704999999999913e+01 1.027918999999999983e+01 1.030812000000000062e+01 1.034381999999999913e+01 1.036281999999999925e+01 1.035863999999999940e+01 1.033178999999999981e+01 1.028867999999999938e+01 1.025445999999999991e+01 1.025092000000000070e+01 1.027799000000000085e+01 1.031485999999999947e+01 1.033675999999999995e+01 1.033684000000000047e+01 1.031508999999999965e+01 1.027842000000000056e+01 1.025159999999999982e+01 1.025549999999999962e+01 1.029025000000000034e+01 1.033400999999999925e+01 1.036159999999999926e+01 1.036666999999999916e+01 1.034868999999999950e+01 1.031432000000000038e+01 1.028710000000000058e+01 1.028710000000000058e+01 1.031432000000000038e+01 1.034868999999999950e+01 1.036666999999999916e+01 1.036159999999999926e+01 1.033400999999999925e+01 1.029025000000000034e+01 1.025549999999999962e+01 1.025159999999999982e+01 1.027842000000000056e+01 1.031508999999999965e+01 1.033684000000000047e+01 1.033675999999999995e+01 1.031485999999999947e+01 1.027799000000000085e+01 1.025092000000000070e+01 1.025445999999999991e+01 1.028867999999999938e+01 1.033178999999999981e+01 1.035863999999999940e+01 1.036281999999999925e+01 1.034381999999999913e+01 1.030812000000000062e+01 1.027918999999999983e+01 1.027704999999999913e+01 1.030141000000000062e+01 1.033248000000000033e+01 1.034698999999999991e+01 1.033797999999999995e+01 1.030616000000000021e+01 1.025725000000000087e+01 1.021626999999999974e+01 1.020515999999999934e+01 1.022293999999999947e+01 1.024971999999999994e+01 1.026164999999999949e+01 1.025102000000000046e+01 1.021850000000000058e+01 1.016970000000000063e+01 1.012959999999999994e+01 1.011999999999999922e+01 1.013986000000000054e+01 1.016896000000000022e+01 1.018332000000000015e+01 1.017549999999999955e+01 1.014598999999999940e+01 1.010074999999999967e+01 1.006462999999999930e+01 1.005926000000000009e+01 1.008413000000000004e+01 1.011857999999999969e+01 1.013832000000000022e+01 1.013643000000000072e+01 1.011308000000000007e+01 1.007494999999999941e+01 1.004670999999999914e+01 1.004963000000000051e+01 1.008409999999999940e+01 1.012855000000000061e+01 1.015806000000000076e+01 1.016661999999999999e+01 1.015380000000000038e+01 1.012748999999999988e+01 1.011205999999999960e+01 1.012795000000000023e+01 1.017667999999999928e+01 1.023493999999999993e+01 1.027618999999999971e+01 1.029336999999999946e+01
1.028445999999999927e+01 1.026706000000000074e+01 1.022519999999999918e+01 1.016607999999999912e+01 1.011688999999999972e+01 1.010108999999999924e+01 1.011716999999999977e+01 1.014450000000000074e+01 1.015806000000000076e+01 1.014982999999999969e+01 1.012021999999999977e+01 1.007540999999999976e+01 1.004088999999999920e+01 1.003836000000000084e+01 1.006743999999999950e+01 1.010671999999999926e+01 1.013103000000000087e+01 1.013363999999999976e+01 1.011435999999999957e+01 1.008026000000000089e+01 1.005584999999999951e+01 1.006184999999999974e+01 1.009877999999999965e+01 1.014494000000000007e+01 1.017531999999999925e+01 1.018404999999999916e+01 1.017060000000000031e+01 1.014245999999999981e+01 1.012345999999999968e+01 1.013376000000000055e+01 1.017444000000000059e+01 1.022377000000000002e+01 1.025703999999999994e+01 1.026881000000000022e+01 1.025841999999999921e+01 1.023354999999999926e+01 1.021747000000000050e+01 1.022981000000000051e+01 1.027154999999999951e+01 1.032086999999999932e+01 1.035355000000000025e+01 1.036420000000000030e+01 1.035201999999999956e+01 1.032370000000000054e+01 1.030086999999999975e+01 1.030286000000000080e+01 1.032995999999999981e+01 1.036265999999999998e+01 1.037906000000000084e+01 1.037294999999999945e+01 1.034492999999999974e+01 1.030113000000000056e+01 1.026604000000000028e+01 1.026143000000000072e+01 1.028728000000000087e+01 1.032297999999999938e+01 1.034421999999999997e+01 1.034420000000000073e+01 1.032291999999999987e+01 1.028720999999999997e+01 1.026143000000000072e+01 1.026624999999999943e+01 1.030174000000000056e+01 1.034609000000000023e+01 1.037470000000000070e+01 1.038147999999999982e+01 1.036580999999999975e+01 1.033409999999999940e+01 1.030842999999999954e+01 1.030842999999999954e+01 1.033409999999999940e+01 1.036580999999999975e+01 1.038147999999999982e+01 1.037470000000000070e+01 1.034609000000000023e+01 1.030174000000000056e+01 1.026624999999999943e+01 1.026143000000000072e+01 1.028720999999999997e+01 1.032291999999999987e+01 1.034420000000000073e+01 1.034421999999999997e+01 1.032297999999999938e+01 1.028728000000000087e+01 1.026143000000000072e+01 1.026604000000000028e+01 1.030113000000000056e+01 1.034492999999999974e+01 1.037294999999999945e+01 1.037906000000000084e+01 1.036265999999999998e+01 1.032995999999999981e+01 1.030286000000000080e+01 1.030086999999999975e+01 1.032370000000000054e+01 1.035201999999999956e+01 1.036420000000000030e+01 1.035355000000000025e+01 1.032086999999999932e+01 1.027154999999999951e+01 1.022981000000000051e+01 1.021747000000000050e+01 1.023354999999999926e+01 1.025841999999999921e+01 1.026881000000000022e+01 1.025703999999999994e+01 1.022377000000000002e+01 1.017444000000000059e+01 1.013376000000000055e+01 1.012345999999999968e+01 1.014245999999999981e+01 1.017060000000000031e+01 1.018404999999999916e+01 1.017531999999999925e+01 1.014494000000000007e+01 1.009877999999999965e+01 1.006184999999999974e+01 1.005584999999999951e+01 1.008026000000000089e+01 1.011435999999999957e+01 1.013363999999999976e+01 1.013103000000000087e+01 1.010671999999999926e+01 1.006743999999999950e+01 1.003836000000000084e+01 1.004088999999999920e+01 1.007540999999999976e+01 1.012021999999999977e+01 1.014982999999999969e+01 1.015806000000000076e+01 1.014450000000000074e+01 1.011716999999999977e+01 1.010108999999999924e+01 1.011688999999999972e+01 1.016607999999999912e+01 1.022519999999999918e+01 1.026706000000000074e+01 1.028445999999999927e+01
1.026176000000000066e+01 1.023920999999999992e+01 1.018009999999999948e+01 1.009791000000000061e+01 1.004263000000000083e+01 1.002762000000000064e+01 1.005171999999999954e+01 1.010134000000000043e+01 1.012855000000000061e+01 1.012021999999999977e+01 1.007658999999999949e+01 1.001022000000000034e+01 9.969471000000000416e+00 9.967532999999999532e+00 1.000406000000000084e+01 1.006565999999999939e+01 1.010454000000000008e+01 1.010804000000000080e+01 1.007607999999999926e+01 1.002139999999999986e+01 9.990617000000000303e+00 9.997033000000000058e+00 1.004091999999999985e+01 1.010894000000000048e+01 1.015417000000000058e+01 1.016428999999999938e+01 1.013906000000000063e+01 1.009124000000000088e+01 1.006584999999999930e+01 1.007638000000000034e+01 1.012354999999999983e+01 1.019407999999999959e+01 1.024216000000000015e+01 1.025571000000000055e+01 1.023446000000000033e+01 1.019117999999999924e+01 1.016940999999999917e+01 1.018260000000000076e+01 1.023118000000000016e+01 1.030136000000000074e+01 1.034903000000000084e+01 1.036206999999999923e+01 1.034004000000000012e+01 1.029485999999999990e+01 1.026646000000000036e+01 1.026815000000000033e+01 1.030020000000000024e+01 1.034947999999999979e+01 1.037570999999999977e+01 1.036711999999999989e+01 1.032403000000000048e+01 1.025890000000000057e+01 1.021644000000000041e+01 1.021071000000000062e+01 1.024202000000000012e+01 1.029704000000000086e+01 1.033078000000000074e+01 1.033065999999999995e+01 1.029667000000000066e+01 1.024141000000000012e+01 1.020997999999999983e+01 1.021574000000000026e+01 1.025843000000000060e+01 1.032403000000000048e+01 1.036759999999999948e+01 1.037667000000000073e+01 1.035088999999999970e+01 1.030213999999999963e+01 1.027115000000000045e+01 1.027115000000000045e+01 1.030213999999999963e+01 1.035088999999999970e+01 1.037667000000000073e+01 1.036759999999999948e+01 1.032403000000000048e+01 1.025843000000000060e+01 1.021574000000000026e+01 1.020997999999999983e+01 1.024141000000000012e+01 1.029667000000000066e+01 1.033065999999999995e+01 1.033078000000000074e+01 1.029704000000000086e+01 1.024202000000000012e+01 1.021071000000000062e+01 1.021644000000000041e+01 1.025890000000000057e+01 1.032403000000000048e+01 1.036711999999999989e+01 1.037570999999999977e+01 1.034947999999999979e+01 1.030020000000000024e+01 1.026815000000000033e+01 1.026646000000000036e+01 1.029485999999999990e+01 1.034004000000000012e+01 1.036206999999999923e+01 1.034903000000000084e+01 1.030136000000000074e+01 1.023118000000000016e+01 1.018260000000000076e+01 1.016940999999999917e+01 1.019117999999999924e+01 1.023446000000000033e+01 1.025571000000000055e+01 1.024216000000000015e+01 1.019407999999999959e+01 1.012354999999999983e+01 1.007638000000000034e+01 1.006584999999999930e+01 1.009124000000000088e+01 1.013906000000000063e+01 1.016428999999999938e+01 1.015417000000000058e+01 1.010894000000000048e+01 1.004091999999999985e+01 9.997033000000000058e+00 9.990617000000000303e+00 1.002139999999999986e+01 1.007607999999999926e+01 1.010804000000000080e+01 1.010454000000000008e+01 1.006565999999999939e+01 1.000406000000000084e+01 9.967532999999999532e+00 9.969471000000000416e+00 1.001022000000000034e+01 1.007658999999999949e+01 1.012021999999999977e+01 1.012855000000000061e+01 1.010134000000000043e+01 1.005171999999999954e+01 1.002762000000000064e+01 1.004263000000000083e+01 1.009791000000000061e+01 1.018009999999999948e+01 1.023920999999999992e+01 1.026176000000000066e+01
