1.770772637248537364e+02 1.770772619950852231e+02 1.770772635820573839e+02 1.770772660814979247e+02 1.770772766874151500e+02 1.770772936540444675e+02 1.770773194322909490e+02 1.770773446216226148e+02 1.770773671411771204e+02 1.770773908775059624e+02 1.770774168470383927e+02 1.770774484380135902e+02 1.770774893413079099e+02 1.770775402944455266e+02 1.770775946056814405e+02 1.770776432890077956e+02 1.770776853579029364e+02 1.770777257981474690e+02 1.770777641537005707e+02 1.770778119865404392e+02 1.770778717568667560e+02 1.770779335060611288e+02 1.770779979493499070e+02 1.770780548268909058e+02 1.770780965692425184e+02 1.770781374986181618e+02 1.770781748068570209e+02 1.770782166351508522e+02 1.770782651091971900e+02 1.770783142123051448e+02 1.770783593372341329e+02 1.770783947069200224e+02 1.770784198291457017e+02 1.770784381691555325e+02 1.770784518869371880e+02 1.770784622295326471e+02 1.770784647196317394e+02 1.770784643056404377e+02 1.770784577157299395e+02 1.770784467031658664e+02 1.770784301986801097e+02 1.770784037550373569e+02 1.770783699945964429e+02 1.770783176431911556e+02 1.770782436356032008e+02 1.770781611848341015e+02 1.770780712156823711e+02 1.770779864205402987e+02 1.770779071390327886e+02 1.770778187603596621e+02 1.770777185154443032e+02 1.770775848494895683e+02 1.770774126571857607e+02 1.770772295627649271e+02 1.770770367279170614e+02 1.770768652172388045e+02 1.770767157264953653e+02 1.770765572870826645e+02 1.770763885761580241e+02 1.770761685374638148e+02 1.770758972993621967e+02 1.770756132316700757e+02 1.770753225999914378e+02 1.770750711145473986e+02 1.770748570812696130e+02 1.770746368106638329e+02 1.770744053990386249e+02 1.770741123801464312e+02 1.770737572718139745e+02 1.770733896843997570e+02 1.770730230117695783e+02 1.770727111799473619e+02 1.770724481849321705e+02 1.770721810772004972e+02 1.770719081290924350e+02 1.770715672546556050e+02 1.770711575393622752e+02 1.770707399642293467e+02 1.770703291424584620e+02 1.770699816575214527e+02 1.770696960847679975e+02 1.770694073702977960e+02 1.770691156219566551e+02 1.770687563385308749e+02 1.770683305509242302e+02 1.770679022158318787e+02 1.770674807314459827e+02 1.770671312237205939e+02 1.770668462680333164e+02 1.770665621472332703e+02 1.770662749652874197e+02 1.770659246498316861e+02 1.770655143781922902e+02 1.770651049580341123e+02 1.770647097287729537e+02 1.770643820679708824e+02 1.770641164973365846e+02 1.770638541163307025e+02 1.770635914665089956e+02 1.770632729351453349e+02 1.770629027084229961e+02 1.770625391006152825e+02 1.770621892243363220e+02 1.770619036613824449e+02 1.770616718748415792e+02 1.770614471102432219e+02 1.770612245529838447e+02 1.770609556549574393e+02 1.770606468946168945e+02 1.770603472503527769e+02 1.770600620757284105e+02 1.770598324230602145e+02 1.770596490892430381e+02 1.770594734391962390e+02 1.770592973991322197e+02 1.770590923758826989e+02 1.770588570770801482e+02 1.770586358245487304e+02 1.770584281642649387e+02 1.770582631764167445e+02 1.770581369517313703e+02 1.770580154185785489e+02 1.770578963308203129e+02 1.770577587829083654e+02 1.770576083271693051e+02 1.770574703410700010e+02 1.770573488033403180e+02 1.770572584610729336e+02 1.770571901336322469e+02 1.770571281379593813e+02 1.770570695723416748e+02 1.770570078189991250e+02 1.770569453217393914e+02 1.770568969201235916e+02 1.770568654445775962e+02 1.770568493437991719e+02 1.770568420713334490e+02 1.770568392388191796e+02
1.770772619950852231e+02 1.770772626237076679e+02 1.770772637283070878e+02 1.770772657504447523e+02 1.770772742446535517e+02 1.770772918823671205e+02 1.770773175765363590e+02 1.770773442435204288e+02 1.770773682932724000e+02 1.770773910477416280e+02 1.770774144531697232e+02 1.770774454333712811e+02 1.770774883017674313e+02 1.770775369831723367e+02 1.770775951475856971e+02 1.770776443905727433e+02 1.770776853427408923e+02 1.770777253344744224e+02 1.770777625331310787e+02 1.770778097286961099e+02 1.770778691356245815e+02 1.770779321457713138e+02 1.770779990434745628e+02 1.770780551326182888e+02 1.770780989608454661e+02 1.770781394877458013e+02 1.770781756711004675e+02 1.770782177673270610e+02 1.770782640437981001e+02 1.770783130401079575e+02 1.770783614866958544e+02 1.770783983091391178e+02 1.770784237161815895e+02 1.770784434743657414e+02 1.770784547317036299e+02 1.770784626753123518e+02 1.770784670432807388e+02 1.770784674238752814e+02 1.770784609891183834e+02 1.770784518434996926e+02 1.770784342563451048e+02 1.770784105691052162e+02 1.770783757311547788e+02 1.770783201576732324e+02 1.770782477089592817e+02 1.770781643507822309e+02 1.770780755187538489e+02 1.770779908055434078e+02 1.770779135861044438e+02 1.770778257107821503e+02 1.770777244193587023e+02 1.770775907895615546e+02 1.770774171227941736e+02 1.770772304891079045e+02 1.770770388116631580e+02 1.770768691523507528e+02 1.770767221429633480e+02 1.770765651070249476e+02 1.770763949136058386e+02 1.770761754181762910e+02 1.770759013873120580e+02 1.770756146470322960e+02 1.770753236800266563e+02 1.770750734565074538e+02 1.770748613637769608e+02 1.770746433965278186e+02 1.770744132914487636e+02 1.770741178055592684e+02 1.770737587059786051e+02 1.770733912293305536e+02 1.770730218909444602e+02 1.770727102903242098e+02 1.770724505492644596e+02 1.770721880297298583e+02 1.770719155913437817e+02 1.770715715337077825e+02 1.770711580308318105e+02 1.770707392480590840e+02 1.770703261152846437e+02 1.770699800770129002e+02 1.770696958421726777e+02 1.770694126172624578e+02 1.770691205347270625e+02 1.770687604784186533e+02 1.770683296183635207e+02 1.770678981891213937e+02 1.770674777939539126e+02 1.770671276562396201e+02 1.770668434418272454e+02 1.770665634255713599e+02 1.770662791756621743e+02 1.770659273782564469e+02 1.770655122325424884e+02 1.770651015984739729e+02 1.770647041777825734e+02 1.770643766437019906e+02 1.770641140022131310e+02 1.770638538863222209e+02 1.770635942576282105e+02 1.770632749148707035e+02 1.770629013980501725e+02 1.770625348407891124e+02 1.770621827365373520e+02 1.770618976903666066e+02 1.770616705868558824e+02 1.770614466869911325e+02 1.770612267216478699e+02 1.770609570986804329e+02 1.770606446571139543e+02 1.770603424929845460e+02 1.770600563523609594e+02 1.770598275754275903e+02 1.770596475127663609e+02 1.770594722737366453e+02 1.770592993283520684e+02 1.770590913442134422e+02 1.770588546722617878e+02 1.770586303723962658e+02 1.770584220801295601e+02 1.770582588035927074e+02 1.770581326731390561e+02 1.770580111585713894e+02 1.770578943140719730e+02 1.770577579473131777e+02 1.770576047072401309e+02 1.770574663179480126e+02 1.770573440015906499e+02 1.770572534453698665e+02 1.770571866316875571e+02 1.770571233715069752e+02 1.770570662407359919e+02 1.770570043049808362e+02 1.770569411357132026e+02 1.770568933873492199e+02 1.770568614026014131e+02 1.770568442862439724e+02 1.770568384536597648e+02 1.770568351893706165e+02
1.770772635820573839e+02 1.770772637283070878e+02 1.770772606593134242e+02 1.770772599756361672e+02 1.770772662645051412e+02 1.770772844019880665e+02 1.770773128450480556e+02 1.770773437078472057e+02 1.770773691118526472e+02 1.770773907398939286e+02 1.770774127889261251e+02 1.770774404047924975e+02 1.770774821450980880e+02 1.770775321096646167e+02 1.770775922244835385e+02 1.770776478720683542e+02 1.770776899929859667e+02 1.770777272704831091e+02 1.770777623752762224e+02 1.770778065638472185e+02 1.770778654654990589e+02 1.770779300497131885e+02 1.770780023558108951e+02 1.770780612160424994e+02 1.770781072771548281e+02 1.770781452275133745e+02 1.770781794592057565e+02 1.770782158558697290e+02 1.770782642228609802e+02 1.770783142742071732e+02 1.770783667025384602e+02 1.770784093929089522e+02 1.770784352605510605e+02 1.770784524936080970e+02 1.770784650144546220e+02 1.770784682376648789e+02 1.770784697800442586e+02 1.770784703285905834e+02 1.770784701125397760e+02 1.770784635559708704e+02 1.770784495073745290e+02 1.770784255243985399e+02 1.770783910885556907e+02 1.770783310767574505e+02 1.770782539010645280e+02 1.770781714535897891e+02 1.770780827392694334e+02 1.770780029212704392e+02 1.770779287293026982e+02 1.770778441767740787e+02 1.770777469725775859e+02 1.770776064790138378e+02 1.770774257687410227e+02 1.770772384550682261e+02 1.770770428636713802e+02 1.770768784541903074e+02 1.770767366080889360e+02 1.770765842115008581e+02 1.770764186226894026e+02 1.770761937964231549e+02 1.770759096992819082e+02 1.770756190212246679e+02 1.770753232909463577e+02 1.770750764599099796e+02 1.770748724870788919e+02 1.770746622978165306e+02 1.770744374710403690e+02 1.770741367316005608e+02 1.770737662400744625e+02 1.770733922685517143e+02 1.770730165946945078e+02 1.770727061833715936e+02 1.770724566229515631e+02 1.770722024040397002e+02 1.770719382402537292e+02 1.770715873277496257e+02 1.770711616632121093e+02 1.770707360777664690e+02 1.770703144519177101e+02 1.770699709137556965e+02 1.770696970529369878e+02 1.770694229889629696e+02 1.770691407694359327e+02 1.770687724805379446e+02 1.770683292757927916e+02 1.770678903840045848e+02 1.770674621729751834e+02 1.770671141978419882e+02 1.770668408619116008e+02 1.770665690147248199e+02 1.770662921419014992e+02 1.770659359880748980e+02 1.770655095496307752e+02 1.770650920297099447e+02 1.770646856214336538e+02 1.770643597454607914e+02 1.770641067557168640e+02 1.770638561421686177e+02 1.770636040998209637e+02 1.770632810741376204e+02 1.770628946778777788e+02 1.770625219312351248e+02 1.770621652932322547e+02 1.770618820825464752e+02 1.770616634806091554e+02 1.770614462826661679e+02 1.770612321715499320e+02 1.770609586710708356e+02 1.770606363093017421e+02 1.770603283561128194e+02 1.770600400700662647e+02 1.770598105464328000e+02 1.770596370382369855e+02 1.770594694320551810e+02 1.770593002287732247e+02 1.770590898965649842e+02 1.770588442672826091e+02 1.770586162804075627e+02 1.770584072906423216e+02 1.770582453012780775e+02 1.770581243992926659e+02 1.770580079508677045e+02 1.770578914686722101e+02 1.770577505965554792e+02 1.770575942079116203e+02 1.770574527617320655e+02 1.770573305830049833e+02 1.770572414983794829e+02 1.770571782642339542e+02 1.770571189667516308e+02 1.770570602824639366e+02 1.770569933909288807e+02 1.770569284577459825e+02 1.770568786576727121e+02 1.770568483834488802e+02 1.770568360618798920e+02 1.770568328214260418e+02 1.770568309969718825e+02
1.770772660814979247e+02 1.770772657504447523e+02 1.770772599756361672e+02 1.770772506718166142e+02 1.770772531842956141e+02 1.770772708989573800e+02 1.770773063618501908e+02 1.770773462279515797e+02 1.770773707363615586e+02 1.770773933506051208e+02 1.770774103212073953e+02 1.770774309262952215e+02 1.770774706703952290e+02 1.770775245088388488e+02 1.770775922769995816e+02 1.770776552769463308e+02 1.770776971160287587e+02 1.770777348125699575e+02 1.770777652245788261e+02 1.770778024520584211e+02 1.770778595429318614e+02 1.770779285797075886e+02 1.770780082808462623e+02 1.770780773708509912e+02 1.770781217918807044e+02 1.770781576944532674e+02 1.770781883510184684e+02 1.770782203079637327e+02 1.770782674549585636e+02 1.770783213686874262e+02 1.770783801950807117e+02 1.770784322700230859e+02 1.770784580008965747e+02 1.770784773169542916e+02 1.770784858576655552e+02 1.770784850686246443e+02 1.770784853658664133e+02 1.770784853221937567e+02 1.770784888250675522e+02 1.770784906608086544e+02 1.770784804514163397e+02 1.770784594173465507e+02 1.770784245773101873e+02 1.770783614803654302e+02 1.770782770742413277e+02 1.770781915011604610e+02 1.770781034735788637e+02 1.770780298274072209e+02 1.770779638515455474e+02 1.770778841050436370e+02 1.770777929598644107e+02 1.770776461456586617e+02 1.770774524203690987e+02 1.770772606813214907e+02 1.770770594331065411e+02 1.770768978779622103e+02 1.770767702291499006e+02 1.770766279648382806e+02 1.770764722131509359e+02 1.770762386157080073e+02 1.770759360013552168e+02 1.770756365787704851e+02 1.770753278596406517e+02 1.770750852306245804e+02 1.770748999703510549e+02 1.770747003072597465e+02 1.770744906579313920e+02 1.770741812006882014e+02 1.770737883521932474e+02 1.770733992135416202e+02 1.770730091387654852e+02 1.770727021461251809e+02 1.770724736245000486e+02 1.770722336775878318e+02 1.770719875764481515e+02 1.770716262418884526e+02 1.770711738545090839e+02 1.770707338741588899e+02 1.770702937612500421e+02 1.770699523902503358e+02 1.770697039408807143e+02 1.770694449715044527e+02 1.770691817240193586e+02 1.770688031619049809e+02 1.770683316705198251e+02 1.770678779014627366e+02 1.770674304239300341e+02 1.770670874131660639e+02 1.770668396569884351e+02 1.770665836438271583e+02 1.770663252377860317e+02 1.770659579052778270e+02 1.770655031746644283e+02 1.770650715311008980e+02 1.770646516083574795e+02 1.770643297025973482e+02 1.770641012347310550e+02 1.770638632782363686e+02 1.770636282993629607e+02 1.770632937994660665e+02 1.770628822215607556e+02 1.770624986291388723e+02 1.770621285397170084e+02 1.770618481064338710e+02 1.770616506602422646e+02 1.770614492212845619e+02 1.770612456119720264e+02 1.770609627829481383e+02 1.770606168964783365e+02 1.770602997197939885e+02 1.770600006667922059e+02 1.770597799904093677e+02 1.770596245777113040e+02 1.770594659067336352e+02 1.770593062958271275e+02 1.770590843380309991e+02 1.770588218191298324e+02 1.770585870169649638e+02 1.770583707686708124e+02 1.770582171001081520e+02 1.770581098045613544e+02 1.770579998394633776e+02 1.770578904647784100e+02 1.770577391041940700e+02 1.770575675050765199e+02 1.770574223259523023e+02 1.770573007285629785e+02 1.770572190410331075e+02 1.770571642846200007e+02 1.770571082568536951e+02 1.770570525547816771e+02 1.770569764886339215e+02 1.770568995318873817e+02 1.770568490067967389e+02 1.770568251936015258e+02 1.770568213459036429e+02 1.770568201503599539e+02 1.770568200434952928e+02
1.770772766874151500e+02 1.770772742446535517e+02 1.770772662645051412e+02 1.770772531842956141e+02 1.770772511193140701e+02 1.770772701780834097e+02 1.770773114835335775e+02 1.770773541054950613e+02 1.770773810760784954e+02 1.770774038380417323e+02 1.770774190760873807e+02 1.770774370329951921e+02 1.770774747194707288e+02 1.770775300979944689e+02 1.770776044313747661e+02 1.770776729032639594e+02 1.770777152264978724e+02 1.770777514374060502e+02 1.770777801931090210e+02 1.770778157805441708e+02 1.770778733708600043e+02 1.770779444879415223e+02 1.770780328692453338e+02 1.770781076294657055e+02 1.770781523055992182e+02 1.770781886778284786e+02 1.770782159330985905e+02 1.770782487539336785e+02 1.770782952021865810e+02 1.770783524132121158e+02 1.770784189986795809e+02 1.770784750422061506e+02 1.770785020340042024e+02 1.770785227167961295e+02 1.770785313955670688e+02 1.770785281323904314e+02 1.770785293713819328e+02 1.770785330169264569e+02 1.770785402714639929e+02 1.770785470222286904e+02 1.770785380661639010e+02 1.770785197953825616e+02 1.770784874194052918e+02 1.770784226710131577e+02 1.770783368474988606e+02 1.770782499839760646e+02 1.770781620300377597e+02 1.770780896705288683e+02 1.770780283309214269e+02 1.770779539168101167e+02 1.770778660760857690e+02 1.770777162466144148e+02 1.770775194854117274e+02 1.770773203072203614e+02 1.770771164338573840e+02 1.770769552501132580e+02 1.770768341831200416e+02 1.770766975067717510e+02 1.770765482225896505e+02 1.770763122433646970e+02 1.770759983777541606e+02 1.770756890943753774e+02 1.770753742828729003e+02 1.770751299098826621e+02 1.770749547839871241e+02 1.770747618811031714e+02 1.770745602253018660e+02 1.770742469925824025e+02 1.770738398025456775e+02 1.770734403500144936e+02 1.770730395297690620e+02 1.770727320787377721e+02 1.770725159196332754e+02 1.770722830599054305e+02 1.770720456727094074e+02 1.770716812598938077e+02 1.770712106153784191e+02 1.770707562621360864e+02 1.770703060641378102e+02 1.770699657483545479e+02 1.770697272820595742e+02 1.770694792727007041e+02 1.770692240055492732e+02 1.770688421395591661e+02 1.770683525221834316e+02 1.770678844070270372e+02 1.770674286366616457e+02 1.770670858305144861e+02 1.770668518435815031e+02 1.770666060728144942e+02 1.770663544752786720e+02 1.770659817507241769e+02 1.770655118306392239e+02 1.770650663073675162e+02 1.770646374534309757e+02 1.770643202023765923e+02 1.770641008479825587e+02 1.770638757475392993e+02 1.770636469297386668e+02 1.770633051683170720e+02 1.770628793920827206e+02 1.770624846154993861e+02 1.770621060031583909e+02 1.770618327219934542e+02 1.770616436203779926e+02 1.770614504691495767e+02 1.770612547214078631e+02 1.770609646160069701e+02 1.770606064871215040e+02 1.770602792843675672e+02 1.770599775826185009e+02 1.770597598521667067e+02 1.770596119480233313e+02 1.770594588217494163e+02 1.770593050739817897e+02 1.770590787812062672e+02 1.770588052099549259e+02 1.770585618769105736e+02 1.770583457574718409e+02 1.770581965931262118e+02 1.770580953359807950e+02 1.770579915235311432e+02 1.770578843301574921e+02 1.770577273308749966e+02 1.770575450856779298e+02 1.770573958150474709e+02 1.770572741821601710e+02 1.770572003751179295e+02 1.770571489384554980e+02 1.770570951609092276e+02 1.770570379296521537e+02 1.770569586569932596e+02 1.770568757340750494e+02 1.770568240250671010e+02 1.770568037633969709e+02 1.770568058661441455e+02 1.770568072355076197e+02 1.770568080051428410e+02
1.770772936540444675e+02 1.770772918823671205e+02 1.770772844019880665e+02 1.770772708989573800e+02 1.770772701780834097e+02 1.770772907332743102e+02 1.770773310018790028e+02 1.770773756372242360e+02 1.770774036113399177e+02 1.770774258313447262e+02 1.770774399128496270e+02 1.770774605900805057e+02 1.770774995337477833e+02 1.770775573049532454e+02 1.770776347361498892e+02 1.770777031959043768e+02 1.770777454607437278e+02 1.770777836863933885e+02 1.770778129042463434e+02 1.770778509591815180e+02 1.770779126879748731e+02 1.770779864596598827e+02 1.770780760685459825e+02 1.770781512448850776e+02 1.770781967619787736e+02 1.770782359933965608e+02 1.770782654260004847e+02 1.770783005563382346e+02 1.770783518793899418e+02 1.770784130382780290e+02 1.770784808507185346e+02 1.770785359871523781e+02 1.770785669377121678e+02 1.770785867710375783e+02 1.770785979308734568e+02 1.770786007518321412e+02 1.770786069821604087e+02 1.770786134875252458e+02 1.770786210379201862e+02 1.770786269691262760e+02 1.770786202696208136e+02 1.770786030610126431e+02 1.770785732972724702e+02 1.770785135598832767e+02 1.770784319832927451e+02 1.770783456700653744e+02 1.770782568255107776e+02 1.770781836520266097e+02 1.770781225175445854e+02 1.770780471068535178e+02 1.770779615910209372e+02 1.770778148560969498e+02 1.770776191173431755e+02 1.770774210176171266e+02 1.770772132738578080e+02 1.770770493806006698e+02 1.770769260350446075e+02 1.770767889852922963e+02 1.770766407443857702e+02 1.770764058740414555e+02 1.770760929786114559e+02 1.770757832735482680e+02 1.770754630978165949e+02 1.770752157202238379e+02 1.770750365393255947e+02 1.770748433676698141e+02 1.770746434583697635e+02 1.770743298814211357e+02 1.770739220006105938e+02 1.770735180717857986e+02 1.770731116744049700e+02 1.770728019005867679e+02 1.770725817590669067e+02 1.770723492256065299e+02 1.770721091717657885e+02 1.770717433988843936e+02 1.770712711067682790e+02 1.770708136861292132e+02 1.770703580393777088e+02 1.770700157087783566e+02 1.770697748188772493e+02 1.770695240683947418e+02 1.770692693551940238e+02 1.770688835798117395e+02 1.770683916518357535e+02 1.770679220060165449e+02 1.770674604796818699e+02 1.770671170489914061e+02 1.770668801594199522e+02 1.770666330724854731e+02 1.770663831394124657e+02 1.770660095566026939e+02 1.770655361367513194e+02 1.770650882506863013e+02 1.770646563832586651e+02 1.770643389476525726e+02 1.770641192254180964e+02 1.770638908607990345e+02 1.770636622312941029e+02 1.770633189527375464e+02 1.770628914747756255e+02 1.770624936145163133e+02 1.770621154590941444e+02 1.770618401153988373e+02 1.770616508292520166e+02 1.770614563932850558e+02 1.770612591537990852e+02 1.770609681072443493e+02 1.770606091806078553e+02 1.770602809155320472e+02 1.770599760996157954e+02 1.770597605030944237e+02 1.770596126840337092e+02 1.770594595028821061e+02 1.770593046729422042e+02 1.770590765346932471e+02 1.770588017042992419e+02 1.770585567586400941e+02 1.770583400519554971e+02 1.770581905403302869e+02 1.770580910784388493e+02 1.770579853131072525e+02 1.770578783835046295e+02 1.770577195011548497e+02 1.770575390536298812e+02 1.770573879157470856e+02 1.770572666922028588e+02 1.770571922035067303e+02 1.770571414125597016e+02 1.770570863757612017e+02 1.770570305527987216e+02 1.770569495237381545e+02 1.770568656084802228e+02 1.770568146092731752e+02 1.770567930825482961e+02 1.770567970845662273e+02 1.770568000434922737e+02 1.770568000502219661e+02
1.770773194322909490e+02 1.770773175765363590e+02 1.770773128450480556e+02 1.770773063618501908e+02 1.770773114835335775e+02 1.770773310018790028e+02 1.770773697192942109e+02 1.770774079184907350e+02 1.770774332441370689e+02 1.770774564874688792e+02 1.770774770823672952e+02 1.770775036202706474e+02 1.770775479688910252e+02 1.770776067446855961e+02 1.770776802901510507e+02 1.770777441505694298e+02 1.770777881729434000e+02 1.770778269189916045e+02 1.770778640032802116e+02 1.770779099463519515e+02 1.770779775706536725e+02 1.770780536991635756e+02 1.770781380514430907e+02 1.770782085360882832e+02 1.770782569086190961e+02 1.770782977658628283e+02 1.770783348106583901e+02 1.770783803237271741e+02 1.770784393446343188e+02 1.770785033070065424e+02 1.770785659300654515e+02 1.770786168721699880e+02 1.770786474135959168e+02 1.770786718391518946e+02 1.770786880377771126e+02 1.770787025173286509e+02 1.770787177551943898e+02 1.770787275823034292e+02 1.770787352062596085e+02 1.770787335920203418e+02 1.770787248861337844e+02 1.770787056673428879e+02 1.770786815471815601e+02 1.770786335269808944e+02 1.770785626821493963e+02 1.770784828303614802e+02 1.770783895046028249e+02 1.770783088985059237e+02 1.770782406057694232e+02 1.770781633716362933e+02 1.770780763292133031e+02 1.770779421353734335e+02 1.770777568557055019e+02 1.770775630003845436e+02 1.770773538287440374e+02 1.770771794299650139e+02 1.770770456031004016e+02 1.770769012863883063e+02 1.770767503225148403e+02 1.770765225068958557e+02 1.770762245063353078e+02 1.770759161052457671e+02 1.770755985245592683e+02 1.770753390026991383e+02 1.770751462254397666e+02 1.770749429972423457e+02 1.770747337968152806e+02 1.770744292711185608e+02 1.770740333929098824e+02 1.770736357791522266e+02 1.770732322315932095e+02 1.770729090982879654e+02 1.770726734305203536e+02 1.770724263147064619e+02 1.770721770888738433e+02 1.770718172907613166e+02 1.770713581000593422e+02 1.770709071842836977e+02 1.770704535543495979e+02 1.770700976889845606e+02 1.770698421789036558e+02 1.770695763195119525e+02 1.770693104731937240e+02 1.770689312969434468e+02 1.770684527800682417e+02 1.770679897639658975e+02 1.770675336878827864e+02 1.770671791170811105e+02 1.770669268669322207e+02 1.770666677392377437e+02 1.770664076676857803e+02 1.770660382394946453e+02 1.770655783545373083e+02 1.770651387262415142e+02 1.770647116174074824e+02 1.770643827850337289e+02 1.770641507481120698e+02 1.770639112362245555e+02 1.770636730530733587e+02 1.770633363701081748e+02 1.770629192092013966e+02 1.770625295782393493e+02 1.770621532203113873e+02 1.770618708867525584e+02 1.770616699202494431e+02 1.770614641820577049e+02 1.770612610226382060e+02 1.770609743054620537e+02 1.770606254935161701e+02 1.770603033504729069e+02 1.770600013057402009e+02 1.770597778942282616e+02 1.770596205341969664e+02 1.770594590317541019e+02 1.770592993325801672e+02 1.770590769295078815e+02 1.770588110507659678e+02 1.770585723514555809e+02 1.770583561373677242e+02 1.770582017246802025e+02 1.770580925370684042e+02 1.770579817902993511e+02 1.770578731941042747e+02 1.770577200712383785e+02 1.770575442839794391e+02 1.770573985607490215e+02 1.770572740272494343e+02 1.770571950198238369e+02 1.770571403718855947e+02 1.770570838050945781e+02 1.770570255228449810e+02 1.770569477134343117e+02 1.770568701044022930e+02 1.770568203168595574e+02 1.770567972943600523e+02 1.770567937794484124e+02 1.770567953923252276e+02 1.770567942715163099e+02
1.770773446216226148e+02 1.770773442435204288e+02 1.770773437078472057e+02 1.770773462279515797e+02 1.770773541054950613e+02 1.770773756372242360e+02 1.770774079184907350e+02 1.770774389392122430e+02 1.770774650032038267e+02 1.770774902487041231e+02 1.770775161656239050e+02 1.770775524846936548e+02 1.770775997055343112e+02 1.770776581932900626e+02 1.770777245527411594e+02 1.770777825105118097e+02 1.770778281507275835e+02 1.770778728138903091e+02 1.770779154872743106e+02 1.770779726568586909e+02 1.770780435855460837e+02 1.770781194660067115e+02 1.770782002480200106e+02 1.770782649664767803e+02 1.770783131017633423e+02 1.770783600104189475e+02 1.770784045852296913e+02 1.770784591867416395e+02 1.770785240384518602e+02 1.770785882375199378e+02 1.770786508725886677e+02 1.770786945598302395e+02 1.770787263872443305e+02 1.770787548331786638e+02 1.770787769438271368e+02 1.770788024602905750e+02 1.770788231859382620e+02 1.770788377677073697e+02 1.770788422975788592e+02 1.770788360513370208e+02 1.770788264375672725e+02 1.770788091495252559e+02 1.770787863241847049e+02 1.770787494861143614e+02 1.770786862655185985e+02 1.770786097104572434e+02 1.770785197093980514e+02 1.770784332099460414e+02 1.770783578481873235e+02 1.770782756293820910e+02 1.770781869772324626e+02 1.770780590788800168e+02 1.770778857329412403e+02 1.770776965296538208e+02 1.770774934243120811e+02 1.770773132107977403e+02 1.770771641608936307e+02 1.770770102937826778e+02 1.770768489830704198e+02 1.770766286728613750e+02 1.770763436888896365e+02 1.770760445746297762e+02 1.770757336135774835e+02 1.770754682731507330e+02 1.770752561062792552e+02 1.770750390964684868e+02 1.770748142772479241e+02 1.770745148553847912e+02 1.770741371446768255e+02 1.770737497719247244e+02 1.770733544503937935e+02 1.770730247760861005e+02 1.770727644805913314e+02 1.770725032897058497e+02 1.770722318508116757e+02 1.770718802143381652e+02 1.770714407809750242e+02 1.770709975628762720e+02 1.770705566941467737e+02 1.770701945401009425e+02 1.770699100580396816e+02 1.770696286091033187e+02 1.770693399949250590e+02 1.770689683275405173e+02 1.770685132916644022e+02 1.770680594349665000e+02 1.770676170681237522e+02 1.770672554223230009e+02 1.770669751409772346e+02 1.770667002643152159e+02 1.770664179111104488e+02 1.770660581558121578e+02 1.770656222701550462e+02 1.770651938946041071e+02 1.770647774473972333e+02 1.770644440493838374e+02 1.770641860945171686e+02 1.770639310035354868e+02 1.770636732187213340e+02 1.770633448202667921e+02 1.770629515065206192e+02 1.770625698924312701e+02 1.770622032360482478e+02 1.770619137193894517e+02 1.770616919608442856e+02 1.770614732292786186e+02 1.770612543310202511e+02 1.770609773057375662e+02 1.770606489339975838e+02 1.770603331053341947e+02 1.770600385076162979e+02 1.770598082152814072e+02 1.770596314373397888e+02 1.770594621583519768e+02 1.770592916290579808e+02 1.770590752044731744e+02 1.770588280209170478e+02 1.770585935737720149e+02 1.770583811639558007e+02 1.770582192986445875e+02 1.770580968855677497e+02 1.770579802543575170e+02 1.770578641067386059e+02 1.770577206846832610e+02 1.770575575006894269e+02 1.770574143484442686e+02 1.770572926671816560e+02 1.770572025990153691e+02 1.770571398984813243e+02 1.770570789381546319e+02 1.770570204704769992e+02 1.770569532723042698e+02 1.770568833596816205e+02 1.770568340020121241e+02 1.770568050078133240e+02 1.770567946577370435e+02 1.770567913221490244e+02 1.770567900193081243e+02
1.770773671411771204e+02 1.770773682932724000e+02 1.770773691118526472e+02 1.770773707363615586e+02 1.770773810760784954e+02 1.770774036113399177e+02 1.770774332441370689e+02 1.770774650032038267e+02 1.770774915606515663e+02 1.770775186664909597e+02 1.770775446781364622e+02 1.770775818737394047e+02 1.770776316799835968e+02 1.770776921266370891e+02 1.770777579824129475e+02 1.770778176308623699e+02 1.770778637218159020e+02 1.770779103234708884e+02 1.770779578044107154e+02 1.770780155440197063e+02 1.770780878592968293e+02 1.770781651863148340e+02 1.770782452817547892e+02 1.770783131069495937e+02 1.770783658538857139e+02 1.770784163422759150e+02 1.770784625444181302e+02 1.770785184391823464e+02 1.770785831210926915e+02 1.770786497034101785e+02 1.770787146436949513e+02 1.770787629092885425e+02 1.770787999859661284e+02 1.770788291389390849e+02 1.770788537057447343e+02 1.770788774333720710e+02 1.770789005321274487e+02 1.770789161844841146e+02 1.770789260146921720e+02 1.770789273132146775e+02 1.770789204537525450e+02 1.770789061707031351e+02 1.770788807427902327e+02 1.770788400486354988e+02 1.770787771950445517e+02 1.770787057402150140e+02 1.770786202466952091e+02 1.770785414852577162e+02 1.770784673216372767e+02 1.770783810576832593e+02 1.770782875806775962e+02 1.770781559924355406e+02 1.770779826899683655e+02 1.770777946401757674e+02 1.770775975197417154e+02 1.770774232837408704e+02 1.770772731647535352e+02 1.770771142950460160e+02 1.770769431222670391e+02 1.770767180312521418e+02 1.770764363180102521e+02 1.770761381763970235e+02 1.770758341914486209e+02 1.770755711872924678e+02 1.770753540590772275e+02 1.770751287653438624e+02 1.770748946074646710e+02 1.770745920169426881e+02 1.770742158509918625e+02 1.770738304771266769e+02 1.770734427612379136e+02 1.770731158056349841e+02 1.770728462587542822e+02 1.770725732413839353e+02 1.770722927767996566e+02 1.770719356595642751e+02 1.770715023461689270e+02 1.770710595553931341e+02 1.770706253685312674e+02 1.770702617302997339e+02 1.770699689696683947e+02 1.770696769615411199e+02 1.770693777137759639e+02 1.770690050653711012e+02 1.770685550762360094e+02 1.770681044988530743e+02 1.770676670605189145e+02 1.770673066060390966e+02 1.770670158770230103e+02 1.770667311783648756e+02 1.770664396200824910e+02 1.770660809637208501e+02 1.770656516248648700e+02 1.770652249816592700e+02 1.770648147081580532e+02 1.770644803181709506e+02 1.770642120100073953e+02 1.770639498278898998e+02 1.770636840334075828e+02 1.770633589674831683e+02 1.770629713623668806e+02 1.770625904674327842e+02 1.770622286601187625e+02 1.770619368138381162e+02 1.770617077102406256e+02 1.770614820042492283e+02 1.770612565099961841e+02 1.770609802964569042e+02 1.770606584760646740e+02 1.770603466023988233e+02 1.770600551631116559e+02 1.770598225524137774e+02 1.770596389737799541e+02 1.770594639188596204e+02 1.770592877069758231e+02 1.770590759875741469e+02 1.770588327600190439e+02 1.770586018991756703e+02 1.770583913570658012e+02 1.770582250412390124e+02 1.770580999927648804e+02 1.770579769218097397e+02 1.770578582467159094e+02 1.770577184289180934e+02 1.770575620612975740e+02 1.770574197115665243e+02 1.770572961164502033e+02 1.770572046228986949e+02 1.770571367258533542e+02 1.770570761406608256e+02 1.770570176342576758e+02 1.770569520790965896e+02 1.770568869689859071e+02 1.770568366914469607e+02 1.770568065958514978e+02 1.770567919295702382e+02 1.770567851975553992e+02 1.770567848835609368e+02
1.770773908775059624e+02 1.770773910477416280e+02 1.770773907398939286e+02 1.770773933506051208e+02 1.770774038380417323e+02 1.770774258313447262e+02 1.770774564874688792e+02 1.770774902487041231e+02 1.770775186664909597e+02 1.770775465584355288e+02 1.770775722821027216e+02 1.770776098819187609e+02 1.770776609758378584e+02 1.770777206068591738e+02 1.770777920680018838e+02 1.770778542838794749e+02 1.770779042634309803e+02 1.770779519586511412e+02 1.770779977375314616e+02 1.770780549562525721e+02 1.770781284740145338e+02 1.770782088308895084e+02 1.770782951121378517e+02 1.770783660847052943e+02 1.770784229931417144e+02 1.770784745394525430e+02 1.770785213921877812e+02 1.770785769996415695e+02 1.770786425886926168e+02 1.770787108476550884e+02 1.770787831457440689e+02 1.770788383364740639e+02 1.770788798551677985e+02 1.770789108711419999e+02 1.770789356050983940e+02 1.770789576726305654e+02 1.770789796408112977e+02 1.770790009541792358e+02 1.770790173536115049e+02 1.770790261596017956e+02 1.770790246759454476e+02 1.770790103466212031e+02 1.770789844608315775e+02 1.770789405947843704e+02 1.770788763447369831e+02 1.770788041383360962e+02 1.770787275848956028e+02 1.770786558625786995e+02 1.770785827839082742e+02 1.770785007451227955e+02 1.770784010526791690e+02 1.770782642256477288e+02 1.770780861396524415e+02 1.770778986977774991e+02 1.770777061987218985e+02 1.770775366226278322e+02 1.770773883463179743e+02 1.770772290788023611e+02 1.770770543332459965e+02 1.770768237830941416e+02 1.770765330406306930e+02 1.770762344362200338e+02 1.770759321971520137e+02 1.770756740900105228e+02 1.770754564477440738e+02 1.770752319346883610e+02 1.770749917147776102e+02 1.770746820943456896e+02 1.770743015614928311e+02 1.770739116027670832e+02 1.770735254448842397e+02 1.770731986229791062e+02 1.770729314297403221e+02 1.770726575963071809e+02 1.770723703822686730e+02 1.770720061248858315e+02 1.770715643040453529e+02 1.770711192977044277e+02 1.770706832452638366e+02 1.770703204979054419e+02 1.770700271830959878e+02 1.770697328289205075e+02 1.770694317206489643e+02 1.770690516489116249e+02 1.770685978062174968e+02 1.770681441210617209e+02 1.770677043075415611e+02 1.770673437448532752e+02 1.770670544436902105e+02 1.770667657522237164e+02 1.770664748589770454e+02 1.770661113924698498e+02 1.770656775687301661e+02 1.770652515675396046e+02 1.770648397678081665e+02 1.770645042485968190e+02 1.770642367802730064e+02 1.770639719975378057e+02 1.770637051261919908e+02 1.770633756071516984e+02 1.770629863476843298e+02 1.770626050217371414e+02 1.770622422176038526e+02 1.770619493629871783e+02 1.770617160220943163e+02 1.770614903822200006e+02 1.770612628489061819e+02 1.770609867341982806e+02 1.770606645728868216e+02 1.770603511798412342e+02 1.770600566536649012e+02 1.770598243977679260e+02 1.770596402268667759e+02 1.770594641969725842e+02 1.770592884681662156e+02 1.770590760215804096e+02 1.770588317487991219e+02 1.770585998473395932e+02 1.770583882676306189e+02 1.770582230774352865e+02 1.770580948454125974e+02 1.770579734840331696e+02 1.770578555065238788e+02 1.770577131527184065e+02 1.770575557711551085e+02 1.770574143702885408e+02 1.770572896256729223e+02 1.770571974258381829e+02 1.770571299069683278e+02 1.770570685609994257e+02 1.770570104415838841e+02 1.770569450863641521e+02 1.770568789037173474e+02 1.770568314847314753e+02 1.770567990320897422e+02 1.770567834668325702e+02 1.770567779380515390e+02 1.770567767947532332e+02
1.770774168470383927e+02 1.770774144531697232e+02 1.770774127889261251e+02 1.770774103212073953e+02 1.770774190760873807e+02 1.770774399128496270e+02 1.770774770823672952e+02 1.770775161656239050e+02 1.770775446781364622e+02 1.770775722821027216e+02 1.770775986534285096e+02 1.770776328029732838e+02 1.770776820649490730e+02 1.770777475526931823e+02 1.770778226542035156e+02 1.770778916038032378e+02 1.770779453374281900e+02 1.770779919098134201e+02 1.770780362303319180e+02 1.770780899578671495e+02 1.770781639888276118e+02 1.770782489535040725e+02 1.770783429136797622e+02 1.770784273935980480e+02 1.770784866999393898e+02 1.770785367816330620e+02 1.770785824081277156e+02 1.770786316968029439e+02 1.770787006152628749e+02 1.770787730241846418e+02 1.770788536823830555e+02 1.770789224650846450e+02 1.770789667050503624e+02 1.770790011810739202e+02 1.770790229309525330e+02 1.770790396678457057e+02 1.770790605997477201e+02 1.770790836158249988e+02 1.770791114197895411e+02 1.770791343775871667e+02 1.770791381202928676e+02 1.770791278762469858e+02 1.770790991712779032e+02 1.770790457277534244e+02 1.770789791640242186e+02 1.770789098367883696e+02 1.770788385777121050e+02 1.770787776266298010e+02 1.770787154449525644e+02 1.770786346733183336e+02 1.770785337377821236e+02 1.770783838221738620e+02 1.770781957336388075e+02 1.770780051591729602e+02 1.770778141818645679e+02 1.770776549599721363e+02 1.770775155062468400e+02 1.770773599560497757e+02 1.770771852381125200e+02 1.770769397202541597e+02 1.770766366750962391e+02 1.770763320919502632e+02 1.770760281357396480e+02 1.770757779022518434e+02 1.770755695996654993e+02 1.770753485217913692e+02 1.770751119064453576e+02 1.770747873903975744e+02 1.770743906290792324e+02 1.770739917759459274e+02 1.770735997768179288e+02 1.770732785930334217e+02 1.770730208372389711e+02 1.770727527036605977e+02 1.770724678680611248e+02 1.770720894529261216e+02 1.770716300119852349e+02 1.770711742252381669e+02 1.770707291711798632e+02 1.770703716848775571e+02 1.770700864468628879e+02 1.770697979626081064e+02 1.770694996998594775e+02 1.770691092256546142e+02 1.770686390076980956e+02 1.770681753886526906e+02 1.770677276385314940e+02 1.770673686485181406e+02 1.770670884912371719e+02 1.770668074846043964e+02 1.770665203288962459e+02 1.770661486838477003e+02 1.770657029490488981e+02 1.770652673741970204e+02 1.770648490817914080e+02 1.770645156350386458e+02 1.770642560850443488e+02 1.770639991588761859e+02 1.770637354667214822e+02 1.770633995171684774e+02 1.770629972277727404e+02 1.770626083655317586e+02 1.770622396134066037e+02 1.770619471121323443e+02 1.770617217286202276e+02 1.770615018019743729e+02 1.770612777348926841e+02 1.770609967303736028e+02 1.770606623244593152e+02 1.770603451109994353e+02 1.770600471573214918e+02 1.770598132433858325e+02 1.770596378644865183e+02 1.770594652165251262e+02 1.770592910615879134e+02 1.770590757507874287e+02 1.770588245449027909e+02 1.770585887543363981e+02 1.770583741833410727e+02 1.770582089645123176e+02 1.770580847447604356e+02 1.770579668926586123e+02 1.770578491589843964e+02 1.770577061962326866e+02 1.770575435891608720e+02 1.770573987174163051e+02 1.770572731429195130e+02 1.770571834882928783e+02 1.770571183000211306e+02 1.770570573446023843e+02 1.770569986426993978e+02 1.770569321795167639e+02 1.770568636245108962e+02 1.770568150299544072e+02 1.770567835372688137e+02 1.770567717547985467e+02 1.770567651556852979e+02 1.770567636546630581e+02
