1.770679568802031838e+02 1.770679556956743284e+02 1.770679564862011830e+02 1.770679603664621027e+02 1.770679755158002706e+02 1.770680087932334743e+02 1.770680609945710842e+02 1.770681189006716636e+02 1.770681758801447927e+02 1.770682341124705772e+02 1.770682922217011708e+02 1.770683600684749308e+02 1.770684439435260060e+02 1.770685400512300305e+02 1.770686518189652645e+02 1.770687652660058120e+02 1.770688660696600891e+02 1.770689707157695807e+02 1.770690738429546798e+02 1.770691891469590189e+02 1.770693193036710511e+02 1.770694518064027818e+02 1.770695979200330612e+02 1.770697354075237513e+02 1.770698567883556507e+02 1.770699800307064606e+02 1.770700985032271433e+02 1.770702299430887763e+02 1.770703688767092103e+02 1.770705011252351255e+02 1.770706345663889465e+02 1.770707549386475819e+02 1.770708581565414761e+02 1.770709587770125495e+02 1.770710542193592403e+02 1.770711528910571815e+02 1.770712517169261844e+02 1.770713323316194590e+02 1.770713995784400936e+02 1.770714515784985963e+02 1.770714891532240074e+02 1.770715230193803222e+02 1.770715471434328094e+02 1.770715663842855747e+02 1.770715674935203197e+02 1.770715451327111509e+02 1.770714979626289391e+02 1.770714348036047738e+02 1.770713675925245241e+02 1.770712932535970197e+02 1.770712104121559491e+02 1.770711040948949062e+02 1.770709643809724980e+02 1.770708010637994221e+02 1.770706018696252499e+02 1.770703964392247087e+02 1.770702010355298057e+02 1.770699930555799142e+02 1.770697808388426324e+02 1.770695290218549758e+02 1.770692360720156557e+02 1.770689257750446188e+02 1.770685791968143974e+02 1.770682423378982264e+02 1.770679314005678577e+02 1.770676078017403654e+02 1.770672841790166103e+02 1.770669117158416839e+02 1.770664956974864879e+02 1.770660767429650662e+02 1.770656316227165235e+02 1.770652085079508709e+02 1.770648277780701392e+02 1.770644338473165931e+02 1.770640450999586051e+02 1.770636008159512471e+02 1.770631191669289137e+02 1.770626473360432556e+02 1.770621584379011608e+02 1.770617048639726363e+02 1.770613010905197768e+02 1.770608848042681132e+02 1.770604752387885981e+02 1.770600164492842339e+02 1.770595207304210135e+02 1.770590493363393989e+02 1.770585701276243356e+02 1.770581328623763966e+02 1.770577438330687414e+02 1.770573468679974951e+02 1.770569577102501171e+02 1.770565225882448885e+02 1.770560603490984306e+02 1.770556277463775530e+02 1.770551940065070085e+02 1.770548033681478444e+02 1.770544587770091880e+02 1.770541068847009285e+02 1.770537623255849553e+02 1.770533789969257725e+02 1.770529747367652931e+02 1.770526011537479292e+02 1.770522353525753942e+02 1.770519089632840917e+02 1.770516210991831656e+02 1.770513292121337656e+02 1.770510413320176610e+02 1.770507231095571115e+02 1.770503926836123583e+02 1.770500932150117706e+02 1.770498049727554530e+02 1.770495509392468989e+02 1.770493300045192484e+02 1.770491050309282173e+02 1.770488836220986570e+02 1.770486403888804432e+02 1.770483904665374837e+02 1.770481710784195855e+02 1.770479670454282370e+02 1.770477926484115017e+02 1.770476421412585069e+02 1.770474890829273420e+02 1.770473396065219163e+02 1.770471760029990662e+02 1.770470141979122047e+02 1.770468801404647934e+02 1.770467659742759565e+02 1.770466755275646733e+02 1.770466001339562752e+02 1.770465233194143195e+02 1.770464481373234378e+02 1.770463704737459238e+02 1.770463008464797099e+02 1.770462580310664293e+02 1.770462384620978469e+02 1.770462351099673697e+02 1.770462368571065213e+02 1.770462365473209729e+02
1.770679556956743284e+02 1.770679541891281588e+02 1.770679533805819688e+02 1.770679561847309174e+02 1.770679702691762429e+02 1.770680008376325247e+02 1.770680541612836691e+02 1.770681151850886579e+02 1.770681746986657572e+02 1.770682338929286743e+02 1.770682925964558194e+02 1.770683591749124730e+02 1.770684406144029595e+02 1.770685340572668451e+02 1.770686456665293065e+02 1.770687613638964422e+02 1.770688667157658926e+02 1.770689732938837437e+02 1.770690766761250927e+02 1.770691918875330373e+02 1.770693190334740166e+02 1.770694508192956675e+02 1.770695938666884501e+02 1.770697328996277804e+02 1.770698591056387272e+02 1.770699859526703221e+02 1.770701068508024605e+02 1.770702377713384976e+02 1.770703744220656688e+02 1.770705045879729198e+02 1.770706363081919790e+02 1.770707580195722812e+02 1.770708642123659047e+02 1.770709680059386244e+02 1.770710658767780217e+02 1.770711664958830056e+02 1.770712633920474275e+02 1.770713418431739115e+02 1.770714084646444064e+02 1.770714615497617785e+02 1.770715004534413026e+02 1.770715346786177804e+02 1.770715617949549028e+02 1.770715824156692690e+02 1.770715841651533253e+02 1.770715620501898684e+02 1.770715148584257008e+02 1.770714510791650014e+02 1.770713830659724408e+02 1.770713053408119890e+02 1.770712231986690881e+02 1.770711170285416358e+02 1.770709821240719464e+02 1.770708220000633162e+02 1.770706260453379173e+02 1.770704176181298806e+02 1.770702181010340723e+02 1.770700059191846663e+02 1.770697891450997759e+02 1.770695369885227706e+02 1.770692486854557330e+02 1.770689459302398632e+02 1.770686062071000890e+02 1.770682655145230058e+02 1.770679462778464313e+02 1.770676156003244444e+02 1.770672856450283916e+02 1.770669109536192991e+02 1.770665021154509020e+02 1.770660934961617841e+02 1.770656546012877470e+02 1.770652306111265091e+02 1.770648397498908651e+02 1.770644377064744788e+02 1.770640378225869256e+02 1.770635935335477029e+02 1.770631181883618979e+02 1.770626573665992112e+02 1.770621776536402763e+02 1.770617229170617293e+02 1.770613094327724184e+02 1.770608838321400071e+02 1.770604640849075224e+02 1.770600006590712212e+02 1.770595129857544521e+02 1.770590536312034260e+02 1.770585830200105590e+02 1.770581444068128008e+02 1.770577491920193154e+02 1.770573432645733760e+02 1.770569433890304083e+02 1.770565045892943772e+02 1.770560495326753880e+02 1.770556256075847728e+02 1.770552014658268547e+02 1.770548127854447387e+02 1.770544598957441735e+02 1.770541013609825427e+02 1.770537462045110999e+02 1.770533586047390884e+02 1.770529591826465037e+02 1.770525957332268661e+02 1.770522375970278688e+02 1.770519132053947544e+02 1.770516203728614073e+02 1.770513221656962912e+02 1.770510257963561855e+02 1.770507042266139308e+02 1.770503770812342168e+02 1.770500842337607992e+02 1.770498034546974679e+02 1.770495522106680255e+02 1.770493272436956147e+02 1.770490964882274056e+02 1.770488690836160401e+02 1.770486209855100128e+02 1.770483746614644360e+02 1.770481605928152362e+02 1.770479619928736668e+02 1.770477907280609031e+02 1.770476382829696718e+02 1.770474807842647351e+02 1.770473272295144227e+02 1.770471585409289332e+02 1.770469994165792684e+02 1.770468676945860125e+02 1.770467590959541440e+02 1.770466695601678566e+02 1.770465941222348931e+02 1.770465159673288440e+02 1.770464375975061557e+02 1.770463555206070509e+02 1.770462869142106683e+02 1.770462454944943715e+02 1.770462288043831336e+02 1.770462277429596725e+02 1.770462315623634311e+02 1.770462329280559288e+02
1.770679564862011830e+02 1.770679533805819688e+02 1.770679479397519742e+02 1.770679409185999020e+02 1.770679510272303787e+02 1.770679815448492889e+02 1.770680341120860533e+02 1.770681015910055294e+02 1.770681693979298359e+02 1.770682348806391815e+02 1.770682931748923465e+02 1.770683552592230967e+02 1.770684272240966379e+02 1.770685168407550805e+02 1.770686244392910567e+02 1.770687474038392111e+02 1.770688646466097111e+02 1.770689799556383832e+02 1.770690904374935712e+02 1.770692026192508592e+02 1.770693196787952957e+02 1.770694438910153394e+02 1.770695802389679159e+02 1.770697261286700552e+02 1.770698654129397767e+02 1.770700020029397308e+02 1.770701323064602377e+02 1.770702640351240404e+02 1.770703911922497298e+02 1.770705129516937859e+02 1.770706391637004060e+02 1.770707635755140927e+02 1.770708811905707591e+02 1.770709939892439593e+02 1.770710993207949002e+02 1.770712047690579709e+02 1.770712942705619923e+02 1.770713695780367800e+02 1.770714352603567363e+02 1.770714853251550096e+02 1.770715289891747375e+02 1.770715669534727965e+02 1.770716000264734475e+02 1.770716241604840775e+02 1.770716272459347636e+02 1.770716075757168539e+02 1.770715643940180541e+02 1.770714971528351214e+02 1.770714233620244329e+02 1.770713423803994147e+02 1.770712537414986230e+02 1.770711534843566426e+02 1.770710287973361403e+02 1.770708792388819006e+02 1.770706962132501303e+02 1.770704805920484830e+02 1.770702638029420939e+02 1.770700361529232225e+02 1.770698030204970905e+02 1.770695546105026779e+02 1.770692857750851772e+02 1.770690014962343923e+02 1.770686842857718659e+02 1.770683360516247831e+02 1.770679912914803538e+02 1.770676364365739630e+02 1.770672781614817666e+02 1.770669022877359851e+02 1.770665187978059123e+02 1.770661348817644409e+02 1.770657262717936078e+02 1.770652971917243406e+02 1.770648749716775399e+02 1.770644437045959023e+02 1.770640103470081783e+02 1.770635596561249372e+02 1.770631146855189400e+02 1.770626828935239701e+02 1.770622367176369778e+02 1.770617804666937047e+02 1.770613343758818417e+02 1.770608789126137310e+02 1.770604241761743367e+02 1.770599504008855831e+02 1.770594953920478076e+02 1.770590611319537402e+02 1.770586258840782250e+02 1.770581887098181824e+02 1.770577636973331437e+02 1.770573302624828216e+02 1.770568960718086089e+02 1.770564457114050185e+02 1.770560174110758282e+02 1.770556198811690081e+02 1.770552300644069987e+02 1.770548425676155091e+02 1.770544675603601092e+02 1.770540835788717402e+02 1.770536974518595059e+02 1.770532960675290042e+02 1.770529211296046697e+02 1.770525796549671611e+02 1.770522509684073782e+02 1.770519306514150060e+02 1.770516204215332721e+02 1.770513008752741655e+02 1.770509792782547152e+02 1.770506441073719941e+02 1.770503348038180320e+02 1.770500593992744882e+02 1.770498024016855538e+02 1.770495600493433983e+02 1.770493217608888870e+02 1.770490758211832372e+02 1.770488259623482179e+02 1.770485657545257254e+02 1.770483307585490422e+02 1.770481295788190437e+02 1.770479504996540072e+02 1.770477883471037615e+02 1.770476287647468041e+02 1.770474620318369716e+02 1.770472890462680482e+02 1.770471092710994299e+02 1.770469545006972680e+02 1.770468335691888910e+02 1.770467353628347098e+02 1.770466578411959233e+02 1.770465827392260678e+02 1.770464986234794651e+02 1.770464090182881023e+02 1.770463149818866100e+02 1.770462452869629146e+02 1.770462070240682806e+02 1.770461967023114482e+02 1.770462081527048781e+02 1.770462182656411585e+02 1.770462225001421643e+02
1.770679603664621027e+02 1.770679561847309174e+02 1.770679409185999020e+02 1.770679262448956308e+02 1.770679310881337187e+02 1.770679591956140655e+02 1.770680087040892090e+02 1.770680865064839224e+02 1.770681696167236510e+02 1.770682390087587521e+02 1.770683023249638097e+02 1.770683542850995309e+02 1.770684174066215064e+02 1.770684989101047790e+02 1.770685993973292227e+02 1.770687309392853592e+02 1.770688710760613276e+02 1.770689981828289490e+02 1.770691182077207202e+02 1.770692230416725863e+02 1.770693235838288331e+02 1.770694411452499537e+02 1.770695660023303333e+02 1.770697192609254387e+02 1.770698847572637646e+02 1.770700353390347459e+02 1.770701805107121629e+02 1.770703048377741311e+02 1.770704170448827881e+02 1.770705327836646461e+02 1.770706489128760950e+02 1.770707809569340725e+02 1.770709207084484547e+02 1.770710456459787565e+02 1.770711637373021858e+02 1.770712638694209886e+02 1.770713425049753482e+02 1.770714156156143417e+02 1.770714763917476091e+02 1.770715350244521744e+02 1.770715910249570868e+02 1.770716343820553220e+02 1.770716693917451323e+02 1.770716897600574384e+02 1.770716907323952398e+02 1.770716757280191871e+02 1.770716415886168420e+02 1.770715824838357548e+02 1.770715031996803646e+02 1.770714167270915311e+02 1.770713142687535253e+02 1.770712114977318947e+02 1.770710989874038432e+02 1.770709612843735954e+02 1.770708025516695443e+02 1.770705947181789668e+02 1.770703523445379233e+02 1.770701032790343277e+02 1.770698363603352732e+02 1.770695854077880540e+02 1.770693438952569636e+02 1.770690782951949984e+02 1.770688004175268304e+02 1.770684606824343348e+02 1.770680734001684300e+02 1.770676834691983572e+02 1.770672732656654489e+02 1.770668935102375769e+02 1.770665518726990513e+02 1.770661934217729083e+02 1.770658342366180307e+02 1.770654145531518111e+02 1.770649411524260870e+02 1.770644671680785223e+02 1.770639725633064359e+02 1.770635182159269903e+02 1.770631200892874517e+02 1.770627170982095606e+02 1.770623261662740333e+02 1.770618796696816730e+02 1.770613808985543471e+02 1.770608819593980456e+02 1.770603615106541042e+02 1.770598848240759082e+02 1.770594770763749466e+02 1.770590744716350571e+02 1.770586919552480936e+02 1.770582685576677591e+02 1.770577925266034640e+02 1.770573180428702074e+02 1.770568205696225732e+02 1.770563654472572068e+02 1.770559838142732190e+02 1.770556144503335929e+02 1.770552731263880162e+02 1.770549007403629105e+02 1.770544826442489921e+02 1.770540624979981885e+02 1.770536179847068468e+02 1.770532127598640670e+02 1.770528782811946087e+02 1.770525602312237652e+02 1.770522738732649373e+02 1.770519674244303872e+02 1.770516237468843030e+02 1.770512746332053666e+02 1.770509035910514797e+02 1.770505616901745611e+02 1.770502864145068145e+02 1.770500308248347494e+02 1.770498068057420937e+02 1.770495785584497810e+02 1.770493164184867965e+02 1.770490471071562126e+02 1.770487569067402944e+02 1.770484896133263533e+02 1.770482788739188322e+02 1.770480927880830961e+02 1.770479384969579542e+02 1.770477877806025901e+02 1.770476169673850961e+02 1.770474353072264648e+02 1.770472326866428432e+02 1.770470438998859777e+02 1.770469029132424339e+02 1.770467898858667013e+02 1.770467077472478366e+02 1.770466430174448931e+02 1.770465640212201208e+02 1.770464729226603140e+02 1.770463648902341163e+02 1.770462620859107119e+02 1.770461975578855913e+02 1.770461606856899834e+02 1.770461561389364249e+02 1.770461790903537747e+02 1.770462002265555839e+02 1.770462075444038135e+02
1.770679755158002706e+02 1.770679702691762429e+02 1.770679510272303787e+02 1.770679310881337187e+02 1.770679347180140724e+02 1.770679627187680865e+02 1.770680114176711584e+02 1.770680924094166073e+02 1.770681833989876282e+02 1.770682585725424190e+02 1.770683219738879757e+02 1.770683715186768836e+02 1.770684292463054135e+02 1.770685100760964303e+02 1.770686079529991162e+02 1.770687441119541461e+02 1.770688974838612921e+02 1.770690328795258779e+02 1.770691589885614974e+02 1.770692581455941195e+02 1.770693540558897894e+02 1.770694695380248618e+02 1.770695944655936103e+02 1.770697552262154204e+02 1.770699362527605842e+02 1.770700976208970019e+02 1.770702479732995869e+02 1.770703675739222831e+02 1.770704735711906324e+02 1.770705872796801827e+02 1.770707063560276140e+02 1.770708481467780473e+02 1.770710035511073954e+02 1.770711394678997124e+02 1.770712611726432613e+02 1.770713544035971267e+02 1.770714279436987511e+02 1.770715001623169371e+02 1.770715673061909285e+02 1.770716382193218124e+02 1.770717076661577494e+02 1.770717574367078271e+02 1.770717882663743978e+02 1.770718019507671386e+02 1.770718004599067399e+02 1.770717876536753863e+02 1.770717640196247373e+02 1.770717175205013802e+02 1.770716450899988956e+02 1.770715561216362914e+02 1.770714433232128329e+02 1.770713302350659433e+02 1.770712183068608567e+02 1.770710863480619253e+02 1.770709425299541522e+02 1.770707479294699738e+02 1.770705027421458624e+02 1.770702392786056691e+02 1.770699502726620835e+02 1.770696885157342990e+02 1.770694525528040799e+02 1.770691962096351517e+02 1.770689342570607892e+02 1.770686050664926654e+02 1.770682050507124643e+02 1.770677924675757140e+02 1.770673529143408871e+02 1.770669631349355484e+02 1.770666304963644393e+02 1.770662839028412350e+02 1.770659457641047254e+02 1.770655339547485312e+02 1.770650408642648870e+02 1.770645411041396642e+02 1.770640128672706055e+02 1.770635514718568402e+02 1.770631671436206886e+02 1.770627786847833818e+02 1.770624087911970435e+02 1.770619700163557866e+02 1.770614493339969044e+02 1.770609223115523037e+02 1.770603693504649243e+02 1.770598884131923398e+02 1.770594969181062766e+02 1.770591094240523375e+02 1.770587471185552602e+02 1.770583292469215735e+02 1.770578336494046425e+02 1.770573314192023986e+02 1.770568066010835935e+02 1.770563493268477657e+02 1.770559835133332456e+02 1.770556296186790064e+02 1.770553045307519824e+02 1.770549377620300504e+02 1.770545020195404788e+02 1.770540584722493520e+02 1.770535914392467589e+02 1.770531831232594584e+02 1.770528643198881866e+02 1.770525603848904552e+02 1.770522868566725663e+02 1.770519876133104731e+02 1.770516297712979679e+02 1.770512614298156961e+02 1.770508700816421879e+02 1.770505278297498251e+02 1.770502647966783343e+02 1.770500187716384630e+02 1.770498089860048481e+02 1.770495829839535702e+02 1.770493110476744221e+02 1.770490290164027556e+02 1.770487232564669569e+02 1.770484532486519527e+02 1.770482540851797353e+02 1.770480761505913563e+02 1.770479293764776116e+02 1.770477826387926257e+02 1.770476045384451425e+02 1.770474129997502075e+02 1.770471990328306617e+02 1.770470102355619701e+02 1.770468770026458287e+02 1.770467679724943366e+02 1.770466910292083185e+02 1.770466284832303643e+02 1.770465489307399594e+02 1.770464521134580025e+02 1.770463365442186898e+02 1.770462331842071251e+02 1.770461708539235133e+02 1.770461372176969519e+02 1.770461313897959599e+02 1.770461579306362694e+02 1.770461825077975107e+02 1.770461920277443255e+02
1.770680087932334743e+02 1.770680008376325247e+02 1.770679815448492889e+02 1.770679591956140655e+02 1.770679627187680865e+02 1.770679907978802419e+02 1.770680421376518154e+02 1.770681268388228204e+02 1.770682199667625127e+02 1.770682975315665146e+02 1.770683612825906721e+02 1.770684086038461373e+02 1.770684675164693829e+02 1.770685514781995664e+02 1.770686519634918170e+02 1.770687953171697302e+02 1.770689549976475803e+02 1.770690940076935078e+02 1.770692194877058796e+02 1.770693190024220200e+02 1.770694164070988847e+02 1.770695341572085511e+02 1.770696652590174551e+02 1.770698355569644491e+02 1.770700258327114796e+02 1.770701928445633087e+02 1.770703429763769350e+02 1.770704606363741505e+02 1.770705677875428137e+02 1.770706888619434380e+02 1.770708142915129315e+02 1.770709703402868627e+02 1.770711379540649375e+02 1.770712784716279202e+02 1.770713988249221416e+02 1.770714895458183378e+02 1.770715618831223708e+02 1.770716398982294209e+02 1.770717173634272967e+02 1.770718038154444969e+02 1.770718854089063257e+02 1.770719380710928590e+02 1.770719655951929496e+02 1.770719715336268507e+02 1.770719671488399172e+02 1.770719587018644745e+02 1.770719451062821861e+02 1.770719149024101000e+02 1.770718550758231231e+02 1.770717666954664082e+02 1.770716473071956045e+02 1.770715231115000563e+02 1.770714038761792040e+02 1.770712724212066007e+02 1.770711362990505791e+02 1.770709542365382561e+02 1.770707171322298166e+02 1.770704532253238028e+02 1.770701514153045366e+02 1.770698732284620291e+02 1.770696265338880551e+02 1.770693666390898500e+02 1.770691089792600224e+02 1.770687885735869997e+02 1.770683905162337908e+02 1.770679721331515566e+02 1.770675171848077696e+02 1.770671122561432753e+02 1.770667683977444540e+02 1.770664184709018798e+02 1.770660794547311241e+02 1.770656715449019885e+02 1.770651779368314465e+02 1.770646724918981931e+02 1.770641319334525292e+02 1.770636574148700504e+02 1.770632647540255959e+02 1.770628720786475299e+02 1.770624999517572746e+02 1.770620627104197240e+02 1.770615407023296939e+02 1.770610081010364070e+02 1.770604460274325618e+02 1.770599554227537453e+02 1.770595581836916779e+02 1.770591664018513995e+02 1.770588041958618248e+02 1.770583854473062786e+02 1.770578883066932860e+02 1.770573836065875639e+02 1.770568512309216658e+02 1.770563878488314629e+02 1.770560179228825461e+02 1.770556604007317389e+02 1.770553360944713575e+02 1.770549673921197211e+02 1.770545309892078194e+02 1.770540850675980664e+02 1.770536125562128689e+02 1.770532015452047006e+02 1.770528804634428752e+02 1.770525735414206281e+02 1.770523004113094885e+02 1.770519998599413327e+02 1.770516400533256274e+02 1.770512706470139790e+02 1.770508775684282625e+02 1.770505317864516144e+02 1.770502679563435322e+02 1.770500240941983634e+02 1.770498105687588861e+02 1.770495845473292036e+02 1.770493139404408396e+02 1.770490285363230782e+02 1.770487217717899000e+02 1.770484524267086215e+02 1.770482508077825798e+02 1.770480723374130321e+02 1.770479253584728667e+02 1.770477790175589803e+02 1.770475992717126701e+02 1.770474074666339561e+02 1.770471938130807246e+02 1.770470041021303587e+02 1.770468701178113804e+02 1.770467615387632065e+02 1.770466839269024604e+02 1.770466218865567498e+02 1.770465398238426644e+02 1.770464435817014817e+02 1.770463293054123710e+02 1.770462252564885830e+02 1.770461634992361155e+02 1.770461282375886469e+02 1.770461233984417220e+02 1.770461501270447400e+02 1.770461742703584491e+02 1.770461814149198858e+02
1.770680609945710842e+02 1.770680541612836691e+02 1.770680341120860533e+02 1.770680087040892090e+02 1.770680114176711584e+02 1.770680421376518154e+02 1.770680980330666330e+02 1.770681902436406858e+02 1.770682842744092795e+02 1.770683600149131109e+02 1.770684204220063975e+02 1.770684654432624257e+02 1.770685290256296582e+02 1.770686175370325657e+02 1.770687301405381788e+02 1.770688867550571217e+02 1.770690460526384697e+02 1.770691832383420206e+02 1.770693040049104638e+02 1.770693994728618748e+02 1.770695019363198242e+02 1.770696294077246762e+02 1.770697772877611271e+02 1.770699692792780411e+02 1.770701640841792255e+02 1.770703293339488766e+02 1.770704726648164069e+02 1.770705826828937290e+02 1.770706954709074523e+02 1.770708267751561209e+02 1.770709715799906405e+02 1.770711570663291923e+02 1.770713372145553990e+02 1.770714799374129598e+02 1.770715889497214732e+02 1.770716628734268170e+02 1.770717362297420436e+02 1.770718235521775625e+02 1.770719199865386031e+02 1.770720413206416026e+02 1.770721426100657538e+02 1.770721989237837874e+02 1.770722144464203609e+02 1.770721948508758032e+02 1.770721835399890836e+02 1.770721784083711157e+02 1.770721801263395037e+02 1.770721877801690596e+02 1.770721549271037532e+02 1.770720751121607748e+02 1.770719416983907877e+02 1.770717835147516439e+02 1.770716465560867903e+02 1.770715110522505427e+02 1.770713794580954072e+02 1.770712302303537342e+02 1.770710203222412815e+02 1.770707653584012462e+02 1.770704541480290004e+02 1.770701346278941344e+02 1.770698592536979561e+02 1.770695846434389580e+02 1.770693181298289574e+02 1.770690187051969247e+02 1.770686469567760071e+02 1.770682402065593237e+02 1.770677815721149955e+02 1.770673360190753840e+02 1.770669588919877526e+02 1.770665858108898192e+02 1.770662306307862650e+02 1.770658353420812148e+02 1.770653681570736921e+02 1.770648758870100039e+02 1.770643402905694757e+02 1.770638329444420549e+02 1.770634058436539249e+02 1.770629901521273268e+02 1.770625974128853954e+02 1.770621665814007883e+02 1.770616663991207815e+02 1.770611515838183720e+02 1.770605989900401198e+02 1.770600854523274563e+02 1.770596572436043346e+02 1.770592433979984150e+02 1.770588607547012998e+02 1.770584424691334675e+02 1.770579629128230010e+02 1.770574762739339008e+02 1.770569577789775337e+02 1.770564791912465807e+02 1.770560848536419485e+02 1.770557078617019044e+02 1.770553647271040916e+02 1.770549935823368912e+02 1.770545713230882257e+02 1.770541427757377448e+02 1.770536861640613893e+02 1.770532650624720361e+02 1.770529226319101497e+02 1.770526019767995649e+02 1.770523135982670624e+02 1.770520073525331668e+02 1.770516609241863080e+02 1.770513053184956220e+02 1.770509264355987682e+02 1.770505772908629751e+02 1.770502970297470142e+02 1.770500400044456057e+02 1.770498163346485114e+02 1.770495842518969027e+02 1.770493211922393755e+02 1.770490478586755216e+02 1.770487536489599165e+02 1.770484826122569757e+02 1.770482704295317831e+02 1.770480835922832625e+02 1.770479277106787492e+02 1.770477765436966706e+02 1.770476028990445627e+02 1.770474179341088927e+02 1.770472136736792095e+02 1.770470236541483473e+02 1.770468842870456569e+02 1.770467710004338358e+02 1.770466880389517996e+02 1.770466205362675112e+02 1.770465410765779950e+02 1.770464478244595341e+02 1.770463391530900310e+02 1.770462363839433806e+02 1.770461737019096518e+02 1.770461383438952225e+02 1.770461320185649186e+02 1.770461532856166684e+02 1.770461727673233838e+02 1.770461787534068492e+02
1.770681189006716636e+02 1.770681151850886579e+02 1.770681015910055294e+02 1.770680865064839224e+02 1.770680924094166073e+02 1.770681268388228204e+02 1.770681902436406858e+02 1.770682782757066889e+02 1.770683600965120945e+02 1.770684317686311147e+02 1.770684929914564520e+02 1.770685506032114915e+02 1.770686282632053405e+02 1.770687263437637853e+02 1.770688568565516618e+02 1.770690117449258310e+02 1.770691558528988310e+02 1.770692884722682265e+02 1.770694041982084741e+02 1.770695147406250385e+02 1.770696394151997310e+02 1.770697818285919709e+02 1.770699533517858413e+02 1.770701502837503369e+02 1.770703288603422436e+02 1.770704891781538493e+02 1.770706272312625060e+02 1.770707528360568688e+02 1.770708907566873904e+02 1.770710406450347136e+02 1.770712107120636460e+02 1.770714050450839636e+02 1.770715711705299782e+02 1.770717119033932363e+02 1.770718223297597831e+02 1.770719079451529012e+02 1.770720037004080609e+02 1.770721042162904268e+02 1.770722187224612014e+02 1.770723481546503706e+02 1.770724428968005100e+02 1.770725030797121349e+02 1.770725265368054693e+02 1.770725128569498281e+02 1.770725119048922807e+02 1.770725126166798304e+02 1.770725163461116836e+02 1.770725288088983973e+02 1.770725035087995423e+02 1.770724343412121300e+02 1.770723205270945755e+02 1.770721626787581897e+02 1.770720162562057851e+02 1.770718707728512697e+02 1.770717170742845781e+02 1.770715645119854571e+02 1.770713734888729505e+02 1.770711353542528173e+02 1.770708547485866120e+02 1.770705252276272574e+02 1.770702135018151182e+02 1.770699127982601055e+02 1.770695997582077439e+02 1.770692869115206349e+02 1.770689436705596052e+02 1.770685590179675444e+02 1.770681420854803605e+02 1.770676818140314595e+02 1.770672496585132194e+02 1.770668391797960624e+02 1.770664262345339068e+02 1.770660119850510341e+02 1.770655834468291516e+02 1.770651189639059453e+02 1.770646340110822621e+02 1.770641132535119198e+02 1.770636263010092648e+02 1.770631712259892083e+02 1.770627173251534714e+02 1.770622649271840316e+02 1.770618075948706576e+02 1.770613238139086150e+02 1.770608264987577627e+02 1.770603038742392528e+02 1.770598159478107902e+02 1.770593650744949912e+02 1.770589218363325870e+02 1.770584843820574861e+02 1.770580480984217502e+02 1.770575910665990307e+02 1.770571273397297318e+02 1.770566424676896986e+02 1.770561960664435617e+02 1.770557880746822264e+02 1.770553907435287329e+02 1.770550008290032338e+02 1.770546169214849215e+02 1.770542152423497839e+02 1.770538086432688374e+02 1.770533876297330380e+02 1.770530015641006401e+02 1.770526536982468997e+02 1.770523207584539307e+02 1.770519986191419264e+02 1.770516812469899151e+02 1.770513512304440837e+02 1.770510150269804512e+02 1.770506700095963879e+02 1.770503539690635648e+02 1.770500781337547664e+02 1.770498189018793198e+02 1.770495724103488158e+02 1.770493301447608872e+02 1.770490771451342198e+02 1.770488181611011953e+02 1.770485528997456015e+02 1.770483154522418658e+02 1.770481129919206751e+02 1.770479336818122817e+02 1.770477682712458432e+02 1.770476053760817194e+02 1.770474339013710789e+02 1.770472569524768574e+02 1.770470755648301804e+02 1.770469205161253115e+02 1.770467983583869227e+02 1.770466993512181944e+02 1.770466206670936344e+02 1.770465417366830820e+02 1.770464569348864643e+02 1.770463651441335742e+02 1.770462726557951783e+02 1.770462025608453587e+02 1.770461645284659937e+02 1.770461534605723841e+02 1.770461640091247375e+02 1.770461748020099719e+02 1.770461780100114311e+02
1.770681758801447927e+02 1.770681746986657572e+02 1.770681693979298359e+02 1.770681696167236510e+02 1.770681833989876282e+02 1.770682199667625127e+02 1.770682842744092795e+02 1.770683600965120945e+02 1.770684320097012687e+02 1.770685047797092864e+02 1.770685739589320065e+02 1.770686492725365326e+02 1.770687430746839937e+02 1.770688508989512968e+02 1.770689864263073616e+02 1.770691300299556019e+02 1.770692627866567079e+02 1.770693949425957214e+02 1.770695198327879609e+02 1.770696548368389927e+02 1.770698054770462306e+02 1.770699624725282888e+02 1.770701429753204081e+02 1.770703244902321956e+02 1.770704907881381871e+02 1.770706533524213739e+02 1.770708059236837073e+02 1.770709669626743050e+02 1.770711368573172990e+02 1.770713021596507701e+02 1.770714816987187419e+02 1.770716550447064321e+02 1.770718069825186376e+02 1.770719518585597712e+02 1.770720824247227938e+02 1.770722144077550126e+02 1.770723445425686862e+02 1.770724596094383969e+02 1.770725705394885381e+02 1.770726700202471591e+02 1.770727484124846285e+02 1.770728162435282513e+02 1.770728648602318174e+02 1.770729048065542486e+02 1.770729318603555384e+02 1.770729386529468172e+02 1.770729270397229413e+02 1.770729012543483805e+02 1.770728612947125953e+02 1.770728005830756331e+02 1.770727241862518611e+02 1.770726190947773091e+02 1.770724892677701803e+02 1.770723363494244325e+02 1.770721494714498760e+02 1.770719469926762315e+02 1.770717402661384199e+02 1.770715084427741886e+02 1.770712648718665321e+02 1.770709778148469127e+02 1.770706618285611853e+02 1.770703390588834907e+02 1.770699750529921062e+02 1.770696093930422137e+02 1.770692556926683778e+02 1.770688762444675888e+02 1.770684928776917957e+02 1.770680630305039074e+02 1.770676087173258395e+02 1.770671678514850953e+02 1.770666986608975719e+02 1.770662401689754404e+02 1.770658106628331154e+02 1.770653574612115619e+02 1.770649062571109482e+02 1.770644069781391750e+02 1.770638923832037221e+02 1.770634028108823088e+02 1.770628975861406218e+02 1.770624112665511234e+02 1.770619601512447048e+02 1.770614886176486777e+02 1.770610241179552418e+02 1.770605172924614124e+02 1.770599981368612532e+02 1.770595178100448663e+02 1.770590291409800443e+02 1.770585654577692480e+02 1.770581379221978864e+02 1.770576973596986363e+02 1.770572628063563627e+02 1.770567906003267922e+02 1.770563153399184841e+02 1.770558807683632949e+02 1.770554468387680913e+02 1.770550400176958874e+02 1.770546656464291857e+02 1.770542798455909406e+02 1.770539001501941812e+02 1.770534881901896824e+02 1.770530766587536959e+02 1.770527075525382656e+02 1.770523455462364382e+02 1.770520120098977941e+02 1.770517054165161994e+02 1.770513872023607576e+02 1.770510744384811517e+02 1.770507390989107819e+02 1.770504058905682143e+02 1.770501118556724407e+02 1.770498296362266615e+02 1.770495729859378855e+02 1.770493376841687336e+02 1.770490952307993950e+02 1.770488573167235131e+02 1.770485997723149296e+02 1.770483484297815835e+02 1.770481351932243683e+02 1.770479380369036448e+02 1.770477646916529579e+02 1.770476071640032387e+02 1.770474415117950286e+02 1.770472802127412990e+02 1.770471063482642364e+02 1.770469434276820095e+02 1.770468143277426520e+02 1.770467069075126290e+02 1.770466175992112596e+02 1.770465398904624408e+02 1.770464580404433264e+02 1.770463756664540540e+02 1.770462904581898158e+02 1.770462196657518632e+02 1.770461785275812758e+02 1.770461644654917563e+02 1.770461656266903674e+02 1.770461715859517824e+02 1.770461739564480581e+02
1.770682341124705772e+02 1.770682338929286743e+02 1.770682348806391815e+02 1.770682390087587521e+02 1.770682585725424190e+02 1.770682975315665146e+02 1.770683600149131109e+02 1.770684317686311147e+02 1.770685047797092864e+02 1.770685814980529074e+02 1.770686566397165222e+02 1.770687442695239042e+02 1.770688461460488554e+02 1.770689608004269360e+02 1.770690956407001124e+02 1.770692357444524134e+02 1.770693709524014423e+02 1.770695112729881373e+02 1.770696491911967883e+02 1.770698045580529367e+02 1.770699700192535033e+02 1.770701337074657715e+02 1.770703151395491943e+02 1.770704925744917944e+02 1.770706611532004331e+02 1.770708359344156690e+02 1.770710098217792279e+02 1.770711984638410286e+02 1.770713911514080792e+02 1.770715663281151535e+02 1.770717430719877541e+02 1.770719082743267165e+02 1.770720595227880381e+02 1.770722192939197441e+02 1.770723772575327359e+02 1.770725458665399401e+02 1.770727030739371344e+02 1.770728279349196441e+02 1.770729311615415611e+02 1.770730119512308818e+02 1.770730845307110144e+02 1.770731608511156594e+02 1.770732394001660737e+02 1.770733203608692463e+02 1.770733759964826959e+02 1.770733895053174365e+02 1.770733650569803785e+02 1.770733118302905496e+02 1.770732578603503669e+02 1.770732052883334404e+02 1.770731575366276331e+02 1.770730943375897368e+02 1.770729897096269667e+02 1.770728396059616898e+02 1.770726274109369456e+02 1.770723840767774675e+02 1.770721521673981158e+02 1.770719160654464019e+02 1.770716875711369767e+02 1.770714328144086664e+02 1.770711315526395424e+02 1.770708002971558130e+02 1.770704058161582850e+02 1.770699938480961180e+02 1.770696092343399073e+02 1.770692160943161753e+02 1.770688364435213771e+02 1.770684221043573530e+02 1.770679741735508230e+02 1.770675203064960499e+02 1.770670247883818149e+02 1.770665289084591052e+02 1.770660710116999894e+02 1.770656041885692389e+02 1.770651524220150463e+02 1.770646638440885283e+02 1.770641493564072277e+02 1.770636512941001399e+02 1.770631241640081441e+02 1.770626099782575977e+02 1.770621358588054193e+02 1.770616536832213512e+02 1.770611871064238301e+02 1.770606816580681482e+02 1.770601634471768477e+02 1.770596730977715652e+02 1.770591692213382089e+02 1.770586882755039255e+02 1.770582459408410898e+02 1.770577954345090745e+02 1.770573581585927343e+02 1.770568884737476765e+02 1.770564088886388276e+02 1.770559694967088546e+02 1.770555262309339355e+02 1.770551078198803907e+02 1.770547250496947527e+02 1.770543319418510748e+02 1.770539497643052869e+02 1.770535367896626440e+02 1.770531243295353931e+02 1.770527523820375393e+02 1.770523850331085782e+02 1.770520425159347440e+02 1.770517316467904436e+02 1.770514108857563258e+02 1.770510974096750658e+02 1.770507593802292661e+02 1.770504236844150228e+02 1.770501276002467250e+02 1.770498441692953122e+02 1.770495837815305151e+02 1.770493483559830565e+02 1.770491034517368405e+02 1.770488616855655550e+02 1.770486046768402844e+02 1.770483516127797827e+02 1.770481366130791230e+02 1.770479375304406631e+02 1.770477626356048404e+02 1.770476039892622566e+02 1.770474396634716072e+02 1.770472759250262413e+02 1.770471002496017263e+02 1.770469358425353619e+02 1.770468061835324818e+02 1.770466983866835733e+02 1.770466106625680709e+02 1.770465322447303436e+02 1.770464505682383560e+02 1.770463669253585408e+02 1.770462809459581308e+02 1.770462088531990048e+02 1.770461675933259471e+02 1.770461539359841083e+02 1.770461566948716268e+02 1.770461626027896500e+02 1.770461654213837335e+02
1.770682922217011708e+02 1.770682925964558194e+02 1.770682931748923465e+02 1.770683023249638097e+02 1.770683219738879757e+02 1.770683612825906721e+02 1.770684204220063975e+02 1.770684929914564520e+02 1.770685739589320065e+02 1.770686566397165222e+02 1.770687460727364737e+02 1.770688422626813860e+02 1.770689449021630253e+02 1.770690572886526013e+02 1.770691885405293249e+02 1.770693288102125962e+02 1.770694748557888545e+02 1.770696319118527526e+02 1.770697933765415257e+02 1.770699683302450467e+02 1.770701362951411681e+02 1.770703029377889095e+02 1.770704763274933669e+02 1.770706484989381977e+02 1.770708306837626935e+02 1.770710276312740064e+02 1.770712358978689451e+02 1.770714618371968641e+02 1.770716627419487850e+02 1.770718417059340766e+02 1.770720095684695821e+02 1.770721572779427220e+02 1.770723183083250660e+02 1.770725005175420961e+02 1.770727007766824102e+02 1.770729220238784762e+02 1.770730957498964244e+02 1.770732261032993335e+02 1.770733162922694817e+02 1.770733646856922689e+02 1.770734304172817133e+02 1.770735230211580813e+02 1.770736413785288903e+02 1.770737819978169227e+02 1.770738612698235102e+02 1.770738852764738169e+02 1.770738501892721501e+02 1.770737516135030774e+02 1.770736751969081979e+02 1.770736281027604662e+02 1.770736111959678851e+02 1.770736125815066657e+02 1.770735421535875673e+02 1.770733994072894859e+02 1.770731775200223410e+02 1.770728720300157590e+02 1.770725922141502338e+02 1.770723389040319091e+02 1.770721166358910352e+02 1.770719102778425054e+02 1.770716432256969313e+02 1.770713187781078091e+02 1.770709176581168833e+02 1.770704389670056287e+02 1.770699884398262043e+02 1.770695598262383328e+02 1.770691620589004742e+02 1.770687755349900385e+02 1.770683563800683373e+02 1.770679134927125062e+02 1.770674203930450687e+02 1.770668719607132573e+02 1.770663534213880155e+02 1.770658471490949353e+02 1.770653676060284454e+02 1.770648900708074507e+02 1.770644074843081910e+02 1.770639239365719675e+02 1.770634079286125200e+02 1.770628569706847202e+02 1.770623297128001070e+02 1.770618109199133414e+02 1.770613081763451930e+02 1.770608058956745481e+02 1.770603147834438857e+02 1.770598410224117174e+02 1.770593555869937177e+02 1.770588511164165482e+02 1.770583661210606294e+02 1.770578833082979884e+02 1.770574110830693826e+02 1.770569368839879587e+02 1.770564839110294599e+02 1.770560589709972703e+02 1.770556336921968636e+02 1.770552048028043828e+02 1.770547894355025278e+02 1.770543702805208568e+02 1.770539561045696360e+02 1.770535355694614452e+02 1.770531439350989444e+02 1.770527854959838692e+02 1.770524387905420838e+02 1.770520961529021235e+02 1.770517619841116925e+02 1.770514222271199856e+02 1.770510805697336139e+02 1.770507322529329031e+02 1.770504139067298297e+02 1.770501295365122587e+02 1.770498636073999705e+02 1.770496079344341922e+02 1.770493565605777917e+02 1.770490962849741265e+02 1.770488336060398922e+02 1.770485637605362399e+02 1.770483227112563895e+02 1.770481179478622664e+02 1.770479338979187958e+02 1.770477646719218399e+02 1.770475996104041201e+02 1.770474243372843830e+02 1.770472438776832860e+02 1.770470577061249742e+02 1.770468977314223480e+02 1.770467747655259245e+02 1.770466763965066548e+02 1.770465974120768351e+02 1.770465193968378799e+02 1.770464327929335866e+02 1.770463374962505725e+02 1.770462400013924764e+02 1.770461687314923438e+02 1.770461295762943053e+02 1.770461193279732299e+02 1.770461335619892509e+02 1.770461459126072725e+02 1.770461514383014787e+02
