1.291313738178036408e+00 1.291456926425040175e+00 1.291813388286001674e+00 1.292379121315727408e+00 1.292966873657826810e+00 1.293264240942124665e+00 1.293257202118248905e+00 1.293152036336447486e+00 1.293131984339668916e+00 1.293252113274913073e+00 1.293515425868483781e+00 1.293918914295561162e+00 1.294285343775939845e+00 1.294354374870454905e+00 1.294124012729886086e+00 1.293838585482319781e+00 1.293677327345987393e+00 1.293662261203055497e+00 1.293793387563251240e+00 1.294043657928125146e+00 1.294236840296397295e+00 1.294137640210267559e+00 1.293751063403506985e+00 1.293343468022430942e+00 1.293087086680612119e+00 1.292985908060299005e+00 1.293036931473808382e+00 1.293196090255249731e+00 1.293288154161820414e+00 1.293094846393437525e+00 1.292621178800273940e+00 1.292146521172506946e+00 1.291844099216487018e+00 1.291702894609170871e+00 1.291721903553296746e+00 1.291851059536996749e+00 1.291915139962616754e+00 1.291702864537725315e+00 1.291220244831914998e+00 1.290747643219529284e+00 1.290455282171014240e+00 1.290333153786862308e+00 1.290380253760498919e+00 1.290553539102668124e+00 1.290679788185498111e+00 1.290535695538960193e+00 1.290123262641732049e+00 1.289708821133127570e+00 1.289462591953885795e+00 1.289384591926706181e+00 1.289471820365392984e+00 1.289689256510429649e+00 1.289859675783880277e+00 1.289748741644870966e+00 1.289355451317307333e+00 1.288946115527651592e+00 1.288694960207267259e+00 1.288603022301823220e+00 1.288669302094468172e+00 1.288850790782540390e+00 1.288972260174991114e+00 1.288807371466643925e+00 1.288361123761713634e+00 1.287910825680710358e+00 1.287630706208979570e+00 1.287515809107949050e+00 1.287564137496290506e+00 1.287732693324661781e+00 1.287848251417734735e+00 1.287685460920214409e+00 1.287250314010047747e+00 1.286814102578394792e+00 1.286547055716565469e+00 1.286446230445800643e+00 1.286510627562110765e+00 1.286698263596827596e+00 1.286833910884289445e+00 1.286688199732870963e+00 1.286265118274210417e+00 1.285832952036926491e+00 1.285565930506072707e+00 1.285460123310195213e+00 1.285515530450333399e+00 1.285689169833875489e+00 1.285807813737538385e+00 1.285648096312346444e+00 1.285216014306875154e+00 1.284785851978201388e+00 1.284528842227673717e+00 1.284442054468876826e+00 1.284525493307774324e+00 1.284746184601109675e+00 1.284935904304702836e+00 1.284862277819712961e+00 1.284529294776959540e+00 1.284189224698555121e+00 1.284010294703317623e+00 1.284004588390673440e+00 1.284172109857825816e+00 1.284496902146941233e+00 1.284810739668657442e+00 1.284861223814639963e+00 1.284644340875854995e+00 1.284394340415852209e+00 1.284279455714335771e+00 1.284328778836743901e+00 1.284542315420780900e+00 1.284911109605878510e+00 1.285265931467935552e+00 1.285347383346778338e+00 1.285151453578440295e+00 1.284910400474009950e+00 1.284795460046988635e+00 1.284836716418175095e+00 1.285032176323831266e+00 1.285371859603847478e+00 1.285680537042084959e+00 1.285708829066886327e+00 1.285451729433300105e+00 1.285151523794222372e+00 1.284982446274545831e+00 1.284961558635166368e+00 1.285087862193499797e+00 1.285332342821503326e+00 1.285518761838412072e+00 1.285411779708991009e+00 1.285012393059185465e+00 1.284585934722531464e+00 1.284305643742766900e+00 1.284169535590687694e+00 1.284173608353381901e+00 1.284261795723722344e+00 1.284252855856246933e+00 1.283943503527524399e+00 1.283350757902800288e+00 1.282783027567078404e+00 1.282426565741497493e+00 1.282282378808729639e+00
1.291456926425040175e+00 1.291622140612987746e+00 1.292034675968417812e+00 1.292694531981438466e+00 1.293360388347972290e+00 1.293662761365691916e+00 1.293587634063352754e+00 1.293400359772367558e+00 1.293337250003928185e+00 1.293455377461589340e+00 1.293758745100519914e+00 1.294244341016951294e+00 1.294681860682323826e+00 1.294749893077371761e+00 1.294450436621092271e+00 1.294081900635528859e+00 1.293877587786663730e+00 1.293862522153543582e+00 1.294035704526670161e+00 1.294368082380808582e+00 1.294630354985949250e+00 1.294530152121750266e+00 1.294072480031872141e+00 1.293580776193491877e+00 1.293283339068078464e+00 1.293183162206224424e+00 1.293277242881193834e+00 1.293519509381070964e+00 1.293679664314717481e+00 1.293484354048946239e+00 1.292938588904946062e+00 1.292379820271303270e+00 1.292035343322064156e+00 1.291896139683087030e+00 1.291958207417602811e+00 1.292170474177861905e+00 1.292304643540590048e+00 1.292090364598959429e+00 1.291533648412872104e+00 1.290975934036225903e+00 1.290640518274802861e+00 1.290520389329822493e+00 1.290611547813396154e+00 1.290868946200228518e+00 1.291067287227016580e+00 1.290922194351135976e+00 1.290437666451361709e+00 1.289938114217095810e+00 1.289649828005288157e+00 1.289572828716764707e+00 1.289704115665479378e+00 1.290007663784401126e+00 1.290250178570029771e+00 1.290138247261216842e+00 1.289673863179367386e+00 1.289180415872853702e+00 1.288887203008872051e+00 1.288796264821636672e+00 1.288905602386001936e+00 1.289172201288960595e+00 1.289363765227244052e+00 1.289196877082246617e+00 1.288677534655663370e+00 1.288142124318251147e+00 1.287818946562878653e+00 1.287705048158344745e+00 1.287797432505747741e+00 1.288050100872662140e+00 1.288235755045408881e+00 1.288072964547673616e+00 1.287564725469389826e+00 1.287043402801902658e+00 1.286734297371335822e+00 1.286635469489679551e+00 1.286743923585265570e+00 1.287015673182636544e+00 1.287222417802475150e+00 1.287076708184054841e+00 1.286581535298057855e+00 1.286065257540179418e+00 1.285755178233589646e+00 1.285651367399621048e+00 1.285749831292731127e+00 1.286007581685834733e+00 1.286195321963466531e+00 1.286033605622135090e+00 1.285529428099898341e+00 1.285013153798914232e+00 1.284712085534740478e+00 1.284626294418883763e+00 1.284753787677368253e+00 1.285058591004943240e+00 1.285318408336817653e+00 1.285244783388198364e+00 1.284839708412144343e+00 1.284414526586733496e+00 1.284192536764799053e+00 1.284186827891258265e+00 1.284398403775079300e+00 1.284808308836223212e+00 1.285194244950937037e+00 1.285245733932675938e+00 1.284958761559708451e+00 1.284625651336866792e+00 1.284468706003810912e+00 1.284517026852696198e+00 1.284773617114971733e+00 1.285226522824611584e+00 1.285652442547181584e+00 1.285734898751641708e+00 1.285469879260688897e+00 1.285146717128267335e+00 1.284989717604756887e+00 1.285029972214768446e+00 1.285268485283728168e+00 1.285690280157619103e+00 1.286070052893735882e+00 1.286098348510723355e+00 1.285772158641961482e+00 1.285390844196148130e+00 1.285179711170538086e+00 1.285158823531361794e+00 1.285328181277955339e+00 1.285655770130258224e+00 1.285911283489154400e+00 1.285804301873270994e+00 1.285334823740106769e+00 1.284826257401136429e+00 1.284505911871627104e+00 1.284370806508073892e+00 1.284418935733270484e+00 1.284589231619577498e+00 1.284647381031227997e+00 1.284334022682791954e+00 1.283662173313789179e+00 1.283000319996942418e+00 1.282588783871010163e+00 1.282423569698612376e+00
1.291813388286001674e+00 1.292034675968417812e+00 1.292604420621405792e+00 1.293566673107067411e+00 1.294469840703876828e+00 1.294783227456856478e+00 1.294501828652584452e+00 1.294044197846306865e+00 1.293848914586011478e+00 1.293962036820085260e+00 1.294388566202966606e+00 1.295144517614730040e+00 1.295796317241472373e+00 1.295864348106864128e+00 1.295350610669393943e+00 1.294710714371235749e+00 1.294379234783931576e+00 1.294363170961080334e+00 1.294663521092306313e+00 1.295266253931507405e+00 1.295738800483579478e+00 1.295635591834152223e+00 1.294960630939319346e+00 1.294193565872849172e+00 1.293771964735792812e+00 1.293673793429864771e+00 1.293899046857367452e+00 1.294412672648920903e+00 1.294783098471150584e+00 1.294582780432834923e+00 1.293815723019113850e+00 1.292979587092548677e+00 1.292509946922033581e+00 1.292373750087316031e+00 1.292569990752381770e+00 1.293056619530415619e+00 1.293400064139760275e+00 1.293179777196328040e+00 1.292400764943551383e+00 1.291560680598356603e+00 1.291099096798979273e+00 1.290981972109604525e+00 1.291207304542838497e+00 1.291744071190752852e+00 1.292156696256085091e+00 1.292010601111849954e+00 1.291305786778065512e+00 1.290526865771796539e+00 1.290111410782130763e+00 1.290038412919243926e+00 1.290304870987184938e+00 1.290888791675250280e+00 1.291348597305376211e+00 1.291237668264381133e+00 1.290554003586220633e+00 1.289783189492942572e+00 1.289362805299633319e+00 1.289274865757346955e+00 1.289517371430904946e+00 1.290061337629735405e+00 1.290465189743488006e+00 1.290294301194613746e+00 1.289551673690384481e+00 1.288734893099344081e+00 1.288284540439094572e+00 1.288173637103560809e+00 1.288399189045724480e+00 1.288930226471000973e+00 1.289329172117609668e+00 1.289163385531493011e+00 1.288433865409690071e+00 1.287632175777747578e+00 1.287196894130390401e+00 1.287102062048416817e+00 1.287344681917339972e+00 1.287895804380895015e+00 1.288317844516333688e+00 1.288171141825224408e+00 1.287455691196602858e+00 1.286661046926856233e+00 1.286224790882122049e+00 1.286123973568346512e+00 1.286355600443576108e+00 1.286888720761963034e+00 1.287287752086788251e+00 1.287121038199025458e+00 1.286393577664892041e+00 1.285595932593355695e+00 1.285166684059872777e+00 1.285081884981111422e+00 1.285340541785175761e+00 1.285923715210352647e+00 1.286397826837110347e+00 1.286322207584273958e+00 1.285697855623483044e+00 1.284993305522801776e+00 1.284642135196414348e+00 1.284637416815159749e+00 1.284979154988766803e+00 1.285669432649220623e+00 1.286273670626404408e+00 1.286328171041089208e+00 1.285829926554678648e+00 1.285222453784150121e+00 1.284936328962519303e+00 1.284983640873936128e+00 1.285367391724953512e+00 1.286096665557245222e+00 1.286739882829396553e+00 1.286825349959571652e+00 1.286351057778391871e+00 1.285755538157911104e+00 1.285470362439218084e+00 1.285510608329033966e+00 1.285875283299291461e+00 1.286570441015101318e+00 1.287164506537115560e+00 1.287194809269828433e+00 1.286659344659306425e+00 1.286008673904318833e+00 1.285672369963664075e+00 1.285653479175645097e+00 1.285950004175832051e+00 1.286547954693213258e+00 1.287015751673089792e+00 1.286907772402949846e+00 1.286225012994884898e+00 1.285447089832467471e+00 1.285005580432171834e+00 1.284876478450984294e+00 1.285055782489602505e+00 1.285494438059281430e+00 1.285757860301240729e+00 1.285432488514663296e+00 1.284525326815180613e+00 1.283564073066085776e+00 1.282995326592134111e+00 1.282775038119373434e+00
1.292379121315727408e+00 1.292694531981438466e+00 1.293566673107067411e+00 1.295406076530956518e+00 1.296892006543059805e+00 1.297225419798915480e+00 1.296422334237948171e+00 1.295133611971815535e+00 1.294662971561630238e+00 1.294769083525438624e+00 1.295447946947453355e+00 1.297032984771984143e+00 1.298223487283440614e+00 1.298291513559978627e+00 1.297240067858350221e+00 1.295768080892163443e+00 1.295173259139030142e+00 1.295157194806472845e+00 1.295719891462939533e+00 1.297148706458118861e+00 1.298148941139646739e+00 1.298039719390458702e+00 1.296818038994793643e+00 1.295217878954499469e+00 1.294539946431483290e+00 1.294445782669178646e+00 1.294940390342508740e+00 1.296283098976651837e+00 1.297178208162742319e+00 1.296967872540565336e+00 1.295647087905923422e+00 1.293972851783036004e+00 1.293248881194612565e+00 1.293119691062131427e+00 1.293587288979611172e+00 1.294906003836046260e+00 1.295774131809074747e+00 1.295540828632716135e+00 1.294204087222482702e+00 1.292520897456834517e+00 1.291803977403351400e+00 1.291692857147697104e+00 1.292189542755340925e+00 1.293566404960809324e+00 1.294513733521547749e+00 1.294363636949945384e+00 1.293112111270902975e+00 1.291494092385599979e+00 1.290823296042711510e+00 1.290757301821540803e+00 1.291297108423049789e+00 1.292726135499514983e+00 1.293728662262686457e+00 1.293619741325862993e+00 1.292391374937611026e+00 1.290780464773427560e+00 1.290103730834443407e+00 1.290021787561966615e+00 1.290535635187018970e+00 1.291917702605316798e+00 1.292853268754181384e+00 1.292673379168068237e+00 1.291374042117408028e+00 1.289712156149884992e+00 1.289004446872124010e+00 1.288897536790958309e+00 1.289394425062190264e+00 1.290763565243354893e+00 1.291695231803257959e+00 1.291522454343468906e+00 1.290243234450391574e+00 1.288601445172633087e+00 1.287910806324172208e+00 1.287822967146587727e+00 1.288338923272679182e+00 1.289731156332398321e+00 1.290690930289144278e+00 1.290542242473855961e+00 1.289279098166847604e+00 1.287645354988254942e+00 1.286953736098292111e+00 1.286857908154855235e+00 1.287359867011177661e+00 1.288727090732028735e+00 1.289653845981522551e+00 1.289476135751935537e+00 1.288192970552527017e+00 1.286552215950651501e+00 1.285864599776037176e+00 1.285781785282855916e+00 1.286306770077272343e+00 1.287723048739689125e+00 1.288728890853793940e+00 1.288649283504807785e+00 1.287483237210918396e+00 1.285942585802688720e+00 1.285332047072140771e+00 1.285328315597389581e+00 1.285933380046512475e+00 1.287460770511950736e+00 1.288609753698998217e+00 1.288672277938890165e+00 1.287645354850042834e+00 1.286209790755812321e+00 1.285661296837524059e+00 1.285709592055596540e+00 1.286350669366881583e+00 1.287913049997023496e+00 1.289099008980682415e+00 1.289191496646844959e+00 1.288190524268758796e+00 1.286772912605372410e+00 1.286226372098812298e+00 1.286265606481244106e+00 1.286888610691571788e+00 1.288410871314487283e+00 1.289543666389165733e+00 1.289578984088710412e+00 1.288514831659524740e+00 1.287044070838792242e+00 1.286451413472578853e+00 1.286435519244472525e+00 1.286996384561921225e+00 1.288419434983173684e+00 1.289417949485021087e+00 1.289309974836509998e+00 1.288091508607063451e+00 1.286490491629879385e+00 1.285799643696678318e+00 1.285679549869465088e+00 1.286133212352765343e+00 1.287396966802711651e+00 1.288176083226025614e+00 1.287830685962051636e+00 1.286345754745482406e+00 1.284513342130226610e+00 1.283644197056443170e+00 1.283330783770039840e+00
1.292966873657826810e+00 1.293360388347972290e+00 1.294469840703876828e+00 1.296892006543059805e+00 1.298848554021122093e+00 1.299201991740366768e+00 1.297975348420579156e+00 1.296138910501938524e+00 1.295465002845920033e+00 1.295565106807949229e+00 1.296435220962298018e+00 1.298562967686191616e+00 1.300186035115334038e+00 1.300251055606564066e+00 1.298762033136069194e+00 1.296741326210352874e+00 1.295947244755693228e+00 1.295928178206806392e+00 1.296685129341510256e+00 1.298653647960384516e+00 1.300078434001566086e+00 1.299959196707338949e+00 1.298294930752108556e+00 1.296146050753618884e+00 1.295271862785189354e+00 1.295178699762266961e+00 1.295869566449991073e+00 1.297752976898026045e+00 1.299068633468775769e+00 1.298845277026963618e+00 1.297076901610285882e+00 1.294850943822840161e+00 1.293931718018281662e+00 1.293803527605803971e+00 1.294468381708350879e+00 1.296324798200051198e+00 1.297611469021090258e+00 1.297362140769011463e+00 1.295573808168751118e+00 1.293337894469871463e+00 1.292424717950923396e+00 1.292315597134124028e+00 1.293011538874828448e+00 1.294933110945225563e+00 1.296312002152688825e+00 1.296159904610863833e+00 1.294472812815412155e+00 1.292312087068822724e+00 1.291452039431337795e+00 1.291395050838740399e+00 1.292140120553284310e+00 1.294124873776894225e+00 1.295572983724355920e+00 1.295469078203659308e+00 1.293808152501898956e+00 1.291652533486725041e+00 1.290783541953902658e+00 1.290705597552564532e+00 1.291420699722403587e+00 1.293348480290065661e+00 1.294710615079375460e+00 1.294518721725910204e+00 1.292769806686713929e+00 1.290552199153232271e+00 1.289648222689431689e+00 1.289541304949027412e+00 1.290236442482159740e+00 1.292149295867729419e+00 1.293509538167770145e+00 1.293331766710492658e+00 1.291612986427478793e+00 1.289425486030005619e+00 1.288545586173082125e+00 1.288463746821506772e+00 1.289183959693172898e+00 1.291128918219651922e+00 1.292526285299971045e+00 1.292378616101674593e+00 1.290679914880652701e+00 1.288500457518900522e+00 1.287615574659490614e+00 1.287522738189205818e+00 1.288222947314090705e+00 1.290131883795845757e+00 1.291480212216154833e+00 1.291287499624445445e+00 1.289554755955035104e+00 1.287359274912336593e+00 1.286474384647990243e+00 1.286389555886404246e+00 1.287107786234714668e+00 1.289062777501075008e+00 1.290495197003628025e+00 1.290410599795590807e+00 1.288809994282248628e+00 1.286728628279536268e+00 1.285924825560975204e+00 1.285926085985847012e+00 1.286729403761394108e+00 1.288805523420209376e+00 1.290399107509301091e+00 1.290473661078984646e+00 1.289027196994466218e+00 1.287058924701399265e+00 1.286318168547931240e+00 1.286369458283869838e+00 1.287208787378722130e+00 1.289317895738875785e+00 1.290946451603870448e+00 1.291048964575685298e+00 1.289628443516572576e+00 1.287675123494358420e+00 1.286935320010912154e+00 1.286976550734746150e+00 1.287796808039974872e+00 1.289864792585660114e+00 1.291436178531915280e+00 1.291478515747029432e+00 1.289992808036656946e+00 1.287987337537316312e+00 1.287203421225733058e+00 1.287192526567235928e+00 1.287952652092164474e+00 1.289920427243622214e+00 1.291351524620013125e+00 1.291245557602804128e+00 1.289596523830578434e+00 1.287458790055526325e+00 1.286578688751167210e+00 1.286465601608278053e+00 1.287121532663717316e+00 1.288929008030249790e+00 1.290128686190632923e+00 1.289763263962633077e+00 1.287810711829581178e+00 1.285400530210331516e+00 1.284296071778946446e+00 1.283904554456082536e+00
1.293264240942124665e+00 1.293662761365691916e+00 1.294783227456856478e+00 1.297225419798915480e+00 1.299201991740366768e+00 1.299559432924751734e+00 1.298319773882524286e+00 1.296469315423639745e+00 1.295788397497575462e+00 1.295886499472335807e+00 1.296760620151073518e+00 1.298900379309841258e+00 1.300532456957652627e+00 1.300592468147027336e+00 1.299084417364123389e+00 1.297043684446141931e+00 1.296238588746771780e+00 1.296215514654610157e+00 1.296973466528557939e+00 1.298948991339667680e+00 1.300378779037014709e+00 1.300250526937426931e+00 1.298564230963961341e+00 1.296394323215237954e+00 1.295509119982889423e+00 1.295410947149130187e+00 1.296101811288772554e+00 1.297989224183622170e+00 1.299306877645955316e+00 1.299073503621645642e+00 1.297282096938366935e+00 1.295034111681159450e+00 1.294103867045022005e+00 1.293966665904536351e+00 1.294628513203274434e+00 1.296484922559647979e+00 1.297766581021370547e+00 1.297502229961806197e+00 1.295688864615576863e+00 1.293431924694435686e+00 1.292508732630375690e+00 1.292393602791873874e+00 1.293089541473529502e+00 1.295017115427432364e+00 1.296404012034100717e+00 1.296253916476677537e+00 1.294563821951295157e+00 1.292401094724105359e+00 1.291544050830393031e+00 1.291494072505058988e+00 1.292252156410103492e+00 1.294258934549937567e+00 1.295731074457855625e+00 1.295640184652139038e+00 1.293978262282722502e+00 1.291817640077673524e+00 1.290945647344148517e+00 1.290868704696504610e+00 1.291587810835583161e+00 1.293522599115109362e+00 1.294887736618572038e+00 1.294685830767194457e+00 1.292913892099850637e+00 1.290676262136541963e+00 1.289760274765601622e+00 1.289647349527285991e+00 1.290342485012564877e+00 1.292259343892725232e+00 1.293624593443434057e+00 1.293444824581478914e+00 1.291718040424894021e+00 1.289525536329146460e+00 1.288644639814094051e+00 1.288568807947922945e+00 1.289298035626050387e+00 1.291261019171763724e+00 1.292678414277175669e+00 1.292538759144502336e+00 1.290835057803795483e+00 1.288648593740047144e+00 1.287758707189356366e+00 1.287663871284867811e+00 1.288366082390995926e+00 1.290277025965127056e+00 1.291623354437671400e+00 1.291417626631559568e+00 1.289658855611200972e+00 1.287442347834844236e+00 1.286544443896200596e+00 1.286451606167762884e+00 1.287167831969361353e+00 1.289123825503677434e+00 1.290557250345016449e+00 1.290469651947539154e+00 1.288862040764175765e+00 1.286776669765499426e+00 1.285973868805906362e+00 1.285980139568899450e+00 1.286794471587602517e+00 1.288890619285873562e+00 1.290508236920290042e+00 1.290597813825691498e+00 1.289158358478287081e+00 1.287192091243797298e+00 1.286455340595755059e+00 1.286514642368423278e+00 1.287365989006203915e+00 1.289496126144326293e+00 1.291147713284069187e+00 1.291261242038334700e+00 1.289839723321063003e+00 1.287884398237665096e+00 1.287145596002472470e+00 1.287192834728989377e+00 1.288024107817402619e+00 1.290112120920150485e+00 1.291705537407311866e+00 1.291756888422928462e+00 1.290268177481394662e+00 1.288256699492838164e+00 1.287472781128556898e+00 1.287465894029508728e+00 1.288237033798726561e+00 1.290223836260331325e+00 1.291675959337039936e+00 1.291575001128161260e+00 1.289917956343671346e+00 1.287769208838263291e+00 1.286885101514338325e+00 1.286773017160067312e+00 1.287436957174703744e+00 1.289258453097255730e+00 1.290470148290437713e+00 1.290101721291055936e+00 1.288129144193597364e+00 1.285699935263858951e+00 1.284585461782929539e+00 1.284188938732401697e+00
1.293257202118248905e+00 1.293587634063352754e+00 1.294501828652584452e+00 1.296422334237948171e+00 1.297975348420579156e+00 1.298319773882524286e+00 1.297472627262578282e+00 1.296118822304466400e+00 1.295618141885529928e+00 1.295719246586836793e+00 1.296420134420847692e+00 1.298059235595236505e+00 1.299284778242373761e+00 1.299336777913991714e+00 1.298219239605791664e+00 1.296669150147179650e+00 1.296035275109007179e+00 1.296004190008502199e+00 1.296578894513141567e+00 1.298046750051659926e+00 1.299067999742921753e+00 1.298931734597268406e+00 1.297636953876536881e+00 1.295958690835593119e+00 1.295240701741211087e+00 1.295129510126935335e+00 1.295630118158172639e+00 1.297002849983130091e+00 1.297909960904522597e+00 1.297668573325096775e+00 1.296272686888411796e+00 1.294520350823303190e+00 1.293754320147009196e+00 1.293601092912339823e+00 1.294063675413410275e+00 1.295392385428816739e+00 1.296252485574923785e+00 1.295973111198537531e+00 1.294556261229523608e+00 1.292799980819232752e+00 1.292045009747048168e+00 1.291914862706397438e+00 1.292415541073910878e+00 1.293818419429946021e+00 1.294795771171586063e+00 1.294653678463676405e+00 1.293386138402228491e+00 1.291753108424036345e+00 1.291086320126974218e+00 1.291045355584944598e+00 1.291628213320899832e+00 1.293135327072501006e+00 1.294218949347758718e+00 1.294148080425957970e+00 1.292912714450849654e+00 1.291273783072854009e+00 1.290584039516246451e+00 1.290504101275466775e+00 1.291035966769733312e+00 1.292451070267728319e+00 1.293401650521778024e+00 1.293187727120042929e+00 1.291815305517516999e+00 1.290079342942662466e+00 1.289331590334825250e+00 1.289204658323709785e+00 1.289702547313242187e+00 1.291094711589412247e+00 1.292047408925755425e+00 1.291870636134014871e+00 1.290563395540801128e+00 1.288893588637945786e+00 1.288198952947686937e+00 1.288126141673104907e+00 1.288677147099009934e+00 1.290136465828721768e+00 1.291162333907032833e+00 1.291038691581386955e+00 1.289756538343540315e+00 1.288085763771161574e+00 1.287375128301758487e+00 1.287273300521675656e+00 1.287784274179966104e+00 1.289173527394086971e+00 1.290100290802689509e+00 1.289879535050948212e+00 1.288515273821572382e+00 1.286797431772126687e+00 1.286066764463373424e+00 1.285958920797086735e+00 1.286477899627661792e+00 1.287905195082131193e+00 1.288922057569692470e+00 1.288833447676277943e+00 1.287640374321282088e+00 1.286077702098404218e+00 1.285466166212130501e+00 1.285481461525527669e+00 1.286123578307668991e+00 1.287721063326235926e+00 1.288949156912610361e+00 1.289058750069072889e+00 1.288043850156356251e+00 1.286604283116326464e+00 1.286062802548150641e+00 1.286135134389161827e+00 1.286820269189230537e+00 1.288457753183894328e+00 1.289718814507173406e+00 1.289844351572018155e+00 1.288835372284490965e+00 1.287392730952456876e+00 1.286842187504722457e+00 1.286899448973561455e+00 1.287563507442139654e+00 1.289163871588212329e+00 1.290369767023545888e+00 1.290433126346518300e+00 1.289352952920000517e+00 1.287847146871455184e+00 1.287244478563030370e+00 1.287243605112477596e+00 1.287844522413808201e+00 1.289344676650570287e+00 1.290409283290961051e+00 1.290319333165492077e+00 1.289066825523909721e+00 1.287415739461804209e+00 1.286704865024265620e+00 1.286589778465552891e+00 1.287072482282249686e+00 1.288399322045994166e+00 1.289223498747921637e+00 1.288868087461915612e+00 1.287318069462983994e+00 1.285406552076541420e+00 1.284497350912281455e+00 1.284167917654293056e+00
1.293152036336447486e+00 1.293400359772367558e+00 1.294044197846306865e+00 1.295133611971815535e+00 1.296138910501938524e+00 1.296469315423639745e+00 1.296118822304466400e+00 1.295560059775409556e+00 1.295312708016311598e+00 1.295418816921841021e+00 1.295882389957104364e+00 1.296723441898659068e+00 1.297429305386625709e+00 1.297473295070073140e+00 1.296856416276953361e+00 1.296094358467015928e+00 1.295695787573810209e+00 1.295658687844845947e+00 1.295981057802275238e+00 1.296647858834790279e+00 1.297154435611616030e+00 1.297010160478510921e+00 1.296221041437745081e+00 1.295329808286516782e+00 1.294837112380097022e+00 1.294712896888298381e+00 1.294953157835696977e+00 1.295519831462161875e+00 1.295915270667615138e+00 1.295666873839849798e+00 1.294781651248599230e+00 1.293818349098463605e+00 1.293273604576621105e+00 1.293101348011607143e+00 1.293295574968925443e+00 1.293808211751290571e+00 1.294147628942677208e+00 1.293855232218266371e+00 1.292942040409748916e+00 1.291976793351920172e+00 1.291444112229742647e+00 1.291297942151500955e+00 1.291536278071830246e+00 1.292128089435560678e+00 1.292596771164047142e+00 1.292461683625464097e+00 1.291722826821021242e+00 1.290907866964615014e+00 1.290492413491515666e+00 1.290459465051979171e+00 1.290807018639571924e+00 1.291523096482634303e+00 1.292115065376455041e+00 1.292065218078582767e+00 1.291364540295454777e+00 1.290541677048815838e+00 1.290095267504780985e+00 1.290011334971289392e+00 1.290287880011673716e+00 1.290890917802981042e+00 1.291321806131909833e+00 1.291098859745511529e+00 1.290233089833036750e+00 1.289291167919223602e+00 1.288767729690482255e+00 1.288623791242100580e+00 1.288858354898901437e+00 1.289435450736622579e+00 1.289876459488821236e+00 1.289704680671743819e+00 1.288921112985625061e+00 1.288065375292914094e+00 1.287616087879812632e+00 1.287548299182349698e+00 1.287857013684062801e+00 1.288524288602756585e+00 1.289056488509910059e+00 1.288949858708148932e+00 1.288198383531401925e+00 1.287338675964053936e+00 1.286865383923494255e+00 1.286756564778280154e+00 1.287008225292595176e+00 1.287584405915177088e+00 1.287991461513557034e+00 1.287756675996176936e+00 1.286894055074939924e+00 1.285964252859385093e+00 1.285454907504151922e+00 1.285330059496432531e+00 1.285585718682316303e+00 1.286199936933713150e+00 1.286703097542542640e+00 1.286614473817684123e+00 1.285936062619547293e+00 1.285183458217152186e+00 1.284822280520150350e+00 1.284847606753906080e+00 1.285259443576920013e+00 1.286071887875782638e+00 1.286808307536926099e+00 1.286936915695634953e+00 1.286446693489736282e+00 1.285820203147221230e+00 1.285539088665436092e+00 1.285626455121673395e+00 1.286085310361590350e+00 1.286939753050345692e+00 1.287702134253481789e+00 1.287837676618666549e+00 1.287343365625619018e+00 1.286702787780165780e+00 1.286405600159906237e+00 1.286474886354422642e+00 1.286910656622697546e+00 1.287728983782530312e+00 1.288439204367802793e+00 1.288512571553553920e+00 1.287947071549731426e+00 1.287238324291684721e+00 1.286882997148628638e+00 1.286888138372951129e+00 1.287252752874884498e+00 1.287971866237508811e+00 1.288541805939793505e+00 1.288460864480964085e+00 1.287727037307693667e+00 1.286868008419129517e+00 1.286391452251253620e+00 1.286270362823858315e+00 1.286501735365285004e+00 1.287040523460297514e+00 1.287372041365001607e+00 1.287031649315566684e+00 1.286024354065380848e+00 1.284938934240577257e+00 1.284298092759938781e+00 1.284050768017853894e+00
1.293131984339668916e+00 1.293337250003928185e+00 1.293848914586011478e+00 1.294662971561630238e+00 1.295465002845920033e+00 1.295788397497575462e+00 1.295618141885529928e+00 1.295312708016311598e+00 1.295180505462778964e+00 1.295288614826518803e+00 1.295640041892931249e+00 1.296223758141303195e+00 1.296737368629369946e+00 1.296775348272431572e+00 1.296337703188923829e+00 1.295821963769263618e+00 1.295528529085512082e+00 1.295485419316216413e+00 1.295691632702954843e+00 1.296102099801432983e+00 1.296417426357410863e+00 1.296265139197243288e+00 1.295652250120497895e+00 1.295001325829302496e+00 1.294608754792268446e+00 1.294475523476048107e+00 1.294596627675806744e+00 1.294910971853728832e+00 1.295118166623641320e+00 1.294862757998638259e+00 1.294152760555152604e+00 1.293424758983545031e+00 1.292975132069099198e+00 1.292788856494347938e+00 1.292861923187319073e+00 1.293121232839438139e+00 1.293269398790632296e+00 1.292960980049133957e+00 1.292211995574716221e+00 1.291470030033236904e+00 1.291026461573354656e+00 1.290868272433288499e+00 1.290991461695270237e+00 1.291343966466050652e+00 1.291637419988211244e+00 1.291508334332975405e+00 1.290955714368248852e+00 1.290387065762996999e+00 1.290084757975417773e+00 1.290060825867482830e+00 1.290314262584877802e+00 1.290808055569652835e+00 1.291240817251053441e+00 1.291208991912304427e+00 1.290705563678316237e+00 1.290135021716767749e+00 1.289798756657888790e+00 1.289712827229582359e+00 1.289875235015743860e+00 1.290228953724108063e+00 1.290470591767277631e+00 1.290234627097268660e+00 1.289536066716186147e+00 1.288819435427896343e+00 1.288387121530547130e+00 1.288229174267563559e+00 1.288346595910316639e+00 1.288680378118135073e+00 1.288941149859443636e+00 1.288770369726552012e+00 1.288171033300535395e+00 1.287558609725657277e+00 1.287218475250373473e+00 1.287155706576557090e+00 1.287367304556408909e+00 1.287808290140128209e+00 1.288179272161012356e+00 1.288086659828187708e+00 1.287528429185479384e+00 1.286915045101971744e+00 1.286547901243358272e+00 1.286434087606988408e+00 1.286570609649829722e+00 1.286897465072558200e+00 1.287113264302898186e+00 1.286862453687479313e+00 1.286161037855283906e+00 1.285451522574319494e+00 1.285029303226556285e+00 1.284889446722197182e+00 1.285028964155404463e+00 1.285401864638982428e+00 1.285724781073626311e+00 1.285633151038647615e+00 1.285131964900869006e+00 1.284615671504948153e+00 1.284363648829903948e+00 1.284398996252617886e+00 1.284719722544096498e+00 1.285314877499882380e+00 1.285893082495269013e+00 1.286038711873178642e+00 1.285741737771750826e+00 1.285365578990494306e+00 1.285202628214321630e+00 1.285301017115838995e+00 1.285664754788914621e+00 1.286287892194342142e+00 1.286880041697294530e+00 1.287025592441673361e+00 1.286719525360065619e+00 1.286329279591815977e+00 1.286148252674442771e+00 1.286225556036695972e+00 1.286561200963361795e+00 1.287144212716137437e+00 1.287681200417516436e+00 1.287764576493499291e+00 1.287390326197239032e+00 1.286934917842579296e+00 1.286695746788067307e+00 1.286704900704066734e+00 1.286964379520410651e+00 1.287441169249077921e+00 1.287835869975922698e+00 1.287761936741164126e+00 1.287219363895357738e+00 1.286615673328556975e+00 1.286248267079791230e+00 1.286126175890829559e+00 1.286243397919402343e+00 1.286531853933608582e+00 1.286685131170051344e+00 1.286351749398481958e+00 1.285546722206801773e+00 1.284732665296823617e+00 1.284221999435302575e+00 1.284018731668919111e+00
1.293252113274913073e+00 1.293455377461589340e+00 1.293962036820085260e+00 1.294769083525438624e+00 1.295565106807949229e+00 1.295886499472335807e+00 1.295719246586836793e+00 1.295418816921841021e+00 1.295288614826518803e+00 1.295394720673522126e+00 1.295740140248198946e+00 1.296313842990601595e+00 1.296817438953206336e+00 1.296847409117396044e+00 1.296406753661194511e+00 1.295889008686247346e+00 1.295593566917779382e+00 1.295545449376525049e+00 1.295743654303912251e+00 1.296143107667830252e+00 1.296446417201800205e+00 1.296283112229547729e+00 1.295660203021649748e+00 1.295000263416021147e+00 1.294601679791066884e+00 1.294462439454819647e+00 1.294578536392854140e+00 1.294886873079941658e+00 1.295085055084183923e+00 1.294817628928249587e+00 1.294093604831330513e+00 1.293351577115805284e+00 1.292891932109798914e+00 1.292697643998381052e+00 1.292764702690371692e+00 1.293017005131179342e+00 1.293150152862259983e+00 1.292819699006082290e+00 1.292038665401135766e+00 1.291265650958391964e+00 1.290803051638804932e+00 1.290633848252906057e+00 1.290757038023438552e+00 1.291118558107614334e+00 1.291421024903979253e+00 1.291294944011281975e+00 1.290743315099175836e+00 1.290172655838813354e+00 1.289874352023329784e+00 1.289865434564370306e+00 1.290138904406176623e+00 1.290664744988701873e+00 1.291129553756960480e+00 1.291120757639896421e+00 1.290630341042245277e+00 1.290063798969478315e+00 1.289728533113096764e+00 1.289643605436163742e+00 1.289806017294035767e+00 1.290157739614875343e+00 1.290387372352884698e+00 1.290132383437204044e+00 1.289404783263193854e+00 1.288660109860622072e+00 1.288207770471677005e+00 1.288038807934008823e+00 1.288151229957916977e+00 1.288488024065524984e+00 1.288751804643446741e+00 1.288579027105152264e+00 1.287975683630240731e+00 1.287357252042633293e+00 1.287020118751103448e+00 1.286968365334600684e+00 1.287196993213548524e+00 1.287665022202982179e+00 1.288062047913794528e+00 1.287987461620776708e+00 1.287436242262849584e+00 1.286822857148884003e+00 1.286453711297633973e+00 1.286337897713593748e+00 1.286473420546403457e+00 1.286795277899902112e+00 1.286998064471427616e+00 1.286723225930770376e+00 1.285986766906723755e+00 1.285243207126134823e+00 1.284798957237973882e+00 1.284644085584552897e+00 1.284780598244926741e+00 1.285156508099079664e+00 1.285480430896162707e+00 1.285385796087618271e+00 1.284874598485564734e+00 1.284347291866028806e+00 1.284095268164148651e+00 1.284140631653719611e+00 1.284482386720304348e+00 1.285109588793942770e+00 1.285721840330466437e+00 1.285891501716626362e+00 1.285608547140135061e+00 1.285238397385098486e+00 1.285079456727190150e+00 1.285186857375643976e+00 1.285561611855712272e+00 1.286201771507435199e+00 1.286810943769326920e+00 1.286968512056881009e+00 1.286670459064306327e+00 1.286286220785705758e+00 1.286110201135593378e+00 1.286193513526478593e+00 1.286537168439402468e+00 1.287130194214098466e+00 1.287679198947179637e+00 1.287774592055053846e+00 1.287412358790849032e+00 1.286967963654028102e+00 1.286734804195015514e+00 1.286749964061015383e+00 1.287013447357244100e+00 1.287492242662354958e+00 1.287891951170719862e+00 1.287826027408874197e+00 1.287293469099185517e+00 1.286699792555128230e+00 1.286338393795948054e+00 1.286218306130434641e+00 1.286334526397528988e+00 1.286618976905574696e+00 1.286769251424408234e+00 1.286438870316947591e+00 1.285638852447206437e+00 1.284831805815225270e+00 1.284326145167918432e+00 1.284123879676686286e+00
1.293515425868483781e+00 1.293758745100519914e+00 1.294388566202966606e+00 1.295447946947453355e+00 1.296435220962298018e+00 1.296760620151073518e+00 1.296420134420847692e+00 1.295882389957104364e+00 1.295640041892931249e+00 1.295740140248198946e+00 1.296185689278724018e+00 1.296990696779116270e+00 1.297665517481180864e+00 1.297689473016504502e+00 1.297060568535918446e+00 1.296296495486275679e+00 1.295890906168583268e+00 1.295837783404243382e+00 1.296139124082875682e+00 1.296770883453314704e+00 1.297240408425131442e+00 1.297063079855794721e+00 1.296241904040985826e+00 1.295326616969454614e+00 1.294815884828390828e+00 1.294673642276386261e+00 1.294898882457910405e+00 1.295447538708325963e+00 1.295816939336524642e+00 1.295534488845844212e+00 1.294605188383896932e+00 1.293596798960068961e+00 1.293020999934032078e+00 1.292824705249563166e+00 1.293001910471598181e+00 1.293498536449759539e+00 1.293794897401203903e+00 1.293433401269052041e+00 1.292424057992488828e+00 1.291355643590843982e+00 1.290762869201225405e+00 1.290585650729421330e+00 1.290822992022624183e+00 1.291452871725100815e+00 1.291948592256928707e+00 1.291826513298453660e+00 1.291087635079362972e+00 1.290255623916134686e+00 1.289855174893263623e+00 1.289864279396786939e+00 1.290275930216668643e+00 1.291097169735956340e+00 1.291787282896777356e+00 1.291804524334894122e+00 1.291142883500072003e+00 1.290329008016750656e+00 1.289886592740538518e+00 1.289804664722639327e+00 1.290081225038005597e+00 1.290680286362572593e+00 1.291079153569746341e+00 1.290797136539010070e+00 1.289843243958213259e+00 1.288806180946479474e+00 1.288223661369779283e+00 1.288042679246556910e+00 1.288266241897847220e+00 1.288862391023005038e+00 1.289309429173284061e+00 1.289132656836170954e+00 1.288336068285967473e+00 1.287454286865276298e+00 1.287012005613188403e+00 1.286976266546870917e+00 1.287340068079734001e+00 1.288097491092227154e+00 1.288711820932050056e+00 1.288656272145664028e+00 1.287926830538557610e+00 1.287062111082018623e+00 1.286582812041697776e+00 1.286467993053811876e+00 1.286715659291065128e+00 1.287283850866145274e+00 1.287650871330037416e+00 1.287344002548553412e+00 1.286375248757265499e+00 1.285332295216856657e+00 1.284753859100353113e+00 1.284584960242109553e+00 1.284829610289087931e+00 1.285466872083260492e+00 1.285974048932325919e+00 1.285872416132215923e+00 1.285164968718137013e+00 1.284367305055474695e+00 1.284004126390932088e+00 1.284062497912338063e+00 1.284537424134170491e+00 1.285462024125198388e+00 1.286300588020279578e+00 1.286498295120319435e+00 1.286050130464870378e+00 1.285434657950547344e+00 1.285168567317005239e+00 1.285281969303289751e+00 1.285774875186889377e+00 1.286683393486300675e+00 1.287494846110197599e+00 1.287667438763916650e+00 1.287199165867178419e+00 1.286572610626444346e+00 1.286291442465558932e+00 1.286378756258795386e+00 1.286835558384119338e+00 1.287686927763350697e+00 1.288433200469905282e+00 1.288542616698798771e+00 1.288014168012945992e+00 1.287337466858183177e+00 1.287003169521639068e+00 1.287024333284841227e+00 1.287398962836264094e+00 1.288125084937453702e+00 1.288711045125874755e+00 1.288652134722568121e+00 1.287948351671017067e+00 1.287124368524891427e+00 1.286664837684660778e+00 1.286550757508809539e+00 1.286778125057814304e+00 1.287299889879788495e+00 1.287624396993696019e+00 1.287289010672309164e+00 1.286298740749841629e+00 1.285240358221410695e+00 1.284611536340670268e+00 1.284368217104957965e+00
