1.040367999999999959e+01 1.039037000000000077e+01 1.036177999999999955e+01 1.032020999999999944e+01 1.028125999999999962e+01 1.026478000000000002e+01 1.026990999999999943e+01 1.028120000000000012e+01 1.028467999999999982e+01 1.027579000000000065e+01 1.025484999999999935e+01 1.022394000000000069e+01 1.019725000000000037e+01 1.019251000000000040e+01 1.020928999999999931e+01 1.023088000000000086e+01 1.024324000000000012e+01 1.024314999999999998e+01 1.023056000000000054e+01 1.020851000000000042e+01 1.019078000000000017e+01 1.019387000000000043e+01 1.021795000000000009e+01 1.024574999999999925e+01 1.026335000000000086e+01 1.026835999999999949e+01 1.026055000000000028e+01 1.024346000000000068e+01 1.023058999999999941e+01 1.023765999999999998e+01 1.026516999999999946e+01 1.029569000000000045e+01 1.031540000000000035e+01 1.032235000000000014e+01 1.031620000000000026e+01 1.030054999999999943e+01 1.028863999999999912e+01 1.029578000000000060e+01 1.032243000000000066e+01 1.035153000000000034e+01 1.036955000000000027e+01 1.037448000000000015e+01 1.036605999999999916e+01 1.034745000000000026e+01 1.033173999999999992e+01 1.033451999999999948e+01 1.035603000000000051e+01 1.038008999999999915e+01 1.039347000000000065e+01 1.039371000000000045e+01 1.038086000000000020e+01 1.035773999999999972e+01 1.033789999999999942e+01 1.033779999999999966e+01 1.035753000000000057e+01 1.038073999999999941e+01 1.039389000000000074e+01 1.039422000000000068e+01 1.038172999999999924e+01 1.035929999999999929e+01 1.034050000000000047e+01 1.034163000000000032e+01 1.036271999999999949e+01 1.038713000000000086e+01 1.040124999999999922e+01 1.040241999999999933e+01 1.039053999999999967e+01 1.036838000000000015e+01 1.034923999999999999e+01 1.034923999999999999e+01 1.036838000000000015e+01 1.039053999999999967e+01 1.040241999999999933e+01 1.040124999999999922e+01 1.038713000000000086e+01 1.036271999999999949e+01 1.034163000000000032e+01 1.034050000000000047e+01 1.035929999999999929e+01 1.038172999999999924e+01 1.039422000000000068e+01 1.039389000000000074e+01 1.038073999999999941e+01 1.035753000000000057e+01 1.033779999999999966e+01 1.033789999999999942e+01 1.035773999999999972e+01 1.038086000000000020e+01 1.039371000000000045e+01 1.039347000000000065e+01 1.038008999999999915e+01 1.035603000000000051e+01 1.033451999999999948e+01 1.033173999999999992e+01 1.034745000000000026e+01 1.036605999999999916e+01 1.037448000000000015e+01 1.036955000000000027e+01 1.035153000000000034e+01 1.032243000000000066e+01 1.029578000000000060e+01 1.028863999999999912e+01 1.030054999999999943e+01 1.031620000000000026e+01 1.032235000000000014e+01 1.031540000000000035e+01 1.029569000000000045e+01 1.026516999999999946e+01 1.023765999999999998e+01 1.023058999999999941e+01 1.024346000000000068e+01 1.026055000000000028e+01 1.026835999999999949e+01 1.026335000000000086e+01 1.024574999999999925e+01 1.021795000000000009e+01 1.019387000000000043e+01 1.019078000000000017e+01 1.020851000000000042e+01 1.023056000000000054e+01 1.024314999999999998e+01 1.024324000000000012e+01 1.023088000000000086e+01 1.020928999999999931e+01 1.019251000000000040e+01 1.019725000000000037e+01 1.022394000000000069e+01 1.025484999999999935e+01 1.027579000000000065e+01 1.028467999999999982e+01 1.028120000000000012e+01 1.026990999999999943e+01 1.026478000000000002e+01 1.028125999999999962e+01 1.032020999999999944e+01 1.036177999999999955e+01 1.039037000000000077e+01 1.040367999999999959e+01
1.039037000000000077e+01 1.037346999999999930e+01 1.033763000000000076e+01 1.028764999999999930e+01 1.024352999999999980e+01 1.022743000000000002e+01 1.023804999999999943e+01 1.025704999999999956e+01 1.026579000000000086e+01 1.025661000000000023e+01 1.023001000000000005e+01 1.019139000000000017e+01 1.015962999999999994e+01 1.015506000000000064e+01 1.017714999999999925e+01 1.020646999999999949e+01 1.022430999999999912e+01 1.022424999999999962e+01 1.020622999999999969e+01 1.017652000000000001e+01 1.015357000000000021e+01 1.015658999999999956e+01 1.018581999999999965e+01 1.022133000000000003e+01 1.024451999999999963e+01 1.024973999999999918e+01 1.023664999999999914e+01 1.021193000000000062e+01 1.019375999999999927e+01 1.020064999999999955e+01 1.023323000000000071e+01 1.027144000000000013e+01 1.029678999999999967e+01 1.030401999999999951e+01 1.029265000000000008e+01 1.026942999999999984e+01 1.025223000000000084e+01 1.025919999999999987e+01 1.029091999999999985e+01 1.032768000000000086e+01 1.035126999999999953e+01 1.035638999999999932e+01 1.034271999999999991e+01 1.031653999999999982e+01 1.029560999999999993e+01 1.029828999999999972e+01 1.032490999999999914e+01 1.035651999999999973e+01 1.037528999999999968e+01 1.037548999999999921e+01 1.035718999999999923e+01 1.032640999999999920e+01 1.030136000000000074e+01 1.030122000000000071e+01 1.032610999999999990e+01 1.035693000000000019e+01 1.037551000000000023e+01 1.037584999999999980e+01 1.035793999999999926e+01 1.032789000000000001e+01 1.030390000000000050e+01 1.030502000000000073e+01 1.033128999999999920e+01 1.036336000000000013e+01 1.038297000000000025e+01 1.038420999999999950e+01 1.036697000000000024e+01 1.033722999999999992e+01 1.031292999999999971e+01 1.031292999999999971e+01 1.033722999999999992e+01 1.036697000000000024e+01 1.038420999999999950e+01 1.038297000000000025e+01 1.036336000000000013e+01 1.033128999999999920e+01 1.030502000000000073e+01 1.030390000000000050e+01 1.032789000000000001e+01 1.035793999999999926e+01 1.037584999999999980e+01 1.037551000000000023e+01 1.035693000000000019e+01 1.032610999999999990e+01 1.030122000000000071e+01 1.030136000000000074e+01 1.032640999999999920e+01 1.035718999999999923e+01 1.037548999999999921e+01 1.037528999999999968e+01 1.035651999999999973e+01 1.032490999999999914e+01 1.029828999999999972e+01 1.029560999999999993e+01 1.031653999999999982e+01 1.034271999999999991e+01 1.035638999999999932e+01 1.035126999999999953e+01 1.032768000000000086e+01 1.029091999999999985e+01 1.025919999999999987e+01 1.025223000000000084e+01 1.026942999999999984e+01 1.029265000000000008e+01 1.030401999999999951e+01 1.029678999999999967e+01 1.027144000000000013e+01 1.023323000000000071e+01 1.020064999999999955e+01 1.019375999999999927e+01 1.021193000000000062e+01 1.023664999999999914e+01 1.024973999999999918e+01 1.024451999999999963e+01 1.022133000000000003e+01 1.018581999999999965e+01 1.015658999999999956e+01 1.015357000000000021e+01 1.017652000000000001e+01 1.020622999999999969e+01 1.022424999999999962e+01 1.022430999999999912e+01 1.020646999999999949e+01 1.017714999999999925e+01 1.015506000000000064e+01 1.015962999999999994e+01 1.019139000000000017e+01 1.023001000000000005e+01 1.025661000000000023e+01 1.026579000000000086e+01 1.025704999999999956e+01 1.023804999999999943e+01 1.022743000000000002e+01 1.024352999999999980e+01 1.028764999999999930e+01 1.033763000000000076e+01 1.037346999999999930e+01 1.039037000000000077e+01
1.036177999999999955e+01 1.033763000000000076e+01 1.027783999999999942e+01 1.020148999999999972e+01 1.014733000000000018e+01 1.013203999999999994e+01 1.015462999999999916e+01 1.019857999999999976e+01 1.022594999999999921e+01 1.021616999999999997e+01 1.016934000000000005e+01 1.010580000000000034e+01 1.006372999999999962e+01 1.005953000000000053e+01 1.009281000000000006e+01 1.014709000000000039e+01 1.018441999999999936e+01 1.018440999999999974e+01 1.014705000000000013e+01 1.009254999999999924e+01 1.005861999999999945e+01 1.006151999999999980e+01 1.010135999999999967e+01 1.016178000000000026e+01 1.020491999999999955e+01 1.021058000000000021e+01 1.017863999999999969e+01 1.012925000000000075e+01 1.009974000000000061e+01 1.010626000000000069e+01 1.014919000000000082e+01 1.021222999999999992e+01 1.025770999999999944e+01 1.026553999999999967e+01 1.023558000000000057e+01 1.018781000000000070e+01 1.015924000000000049e+01 1.016586000000000034e+01 1.020800000000000018e+01 1.026948999999999934e+01 1.031298999999999921e+01 1.031855999999999973e+01 1.028608000000000011e+01 1.023540000000000028e+01 1.020331999999999972e+01 1.020580999999999960e+01 1.024309000000000047e+01 1.029921000000000042e+01 1.033722999999999992e+01 1.033733999999999931e+01 1.029959999999999987e+01 1.024407000000000068e+01 1.020806999999999931e+01 1.020785000000000053e+01 1.024353999999999942e+01 1.029902000000000051e+01 1.033694999999999986e+01 1.033731000000000044e+01 1.030007999999999946e+01 1.024535000000000018e+01 1.021047000000000082e+01 1.021158999999999928e+01 1.024868999999999986e+01 1.030550999999999995e+01 1.034467000000000070e+01 1.034608000000000061e+01 1.030968999999999980e+01 1.025539999999999985e+01 1.022021999999999942e+01 1.022021999999999942e+01 1.025539999999999985e+01 1.030968999999999980e+01 1.034608000000000061e+01 1.034467000000000070e+01 1.030550999999999995e+01 1.024868999999999986e+01 1.021158999999999928e+01 1.021047000000000082e+01 1.024535000000000018e+01 1.030007999999999946e+01 1.033731000000000044e+01 1.033694999999999986e+01 1.029902000000000051e+01 1.024353999999999942e+01 1.020785000000000053e+01 1.020806999999999931e+01 1.024407000000000068e+01 1.029959999999999987e+01 1.033733999999999931e+01 1.033722999999999992e+01 1.029921000000000042e+01 1.024309000000000047e+01 1.020580999999999960e+01 1.020331999999999972e+01 1.023540000000000028e+01 1.028608000000000011e+01 1.031855999999999973e+01 1.031298999999999921e+01 1.026948999999999934e+01 1.020800000000000018e+01 1.016586000000000034e+01 1.015924000000000049e+01 1.018781000000000070e+01 1.023558000000000057e+01 1.026553999999999967e+01 1.025770999999999944e+01 1.021222999999999992e+01 1.014919000000000082e+01 1.010626000000000069e+01 1.009974000000000061e+01 1.012925000000000075e+01 1.017863999999999969e+01 1.021058000000000021e+01 1.020491999999999955e+01 1.016178000000000026e+01 1.010135999999999967e+01 1.006151999999999980e+01 1.005861999999999945e+01 1.009254999999999924e+01 1.014705000000000013e+01 1.018440999999999974e+01 1.018441999999999936e+01 1.014709000000000039e+01 1.009281000000000006e+01 1.005953000000000053e+01 1.006372999999999962e+01 1.010580000000000034e+01 1.016934000000000005e+01 1.021616999999999997e+01 1.022594999999999921e+01 1.019857999999999976e+01 1.015462999999999916e+01 1.013203999999999994e+01 1.014733000000000018e+01 1.020148999999999972e+01 1.027783999999999942e+01 1.033763000000000076e+01 1.036177999999999955e+01
1.032020999999999944e+01 1.028764999999999930e+01 1.020148999999999972e+01 1.010289000000000037e+01 1.004468999999999923e+01 1.003018999999999927e+01 1.005957000000000079e+01 1.012415999999999983e+01 1.017084000000000010e+01 1.016028999999999982e+01 1.009207999999999927e+01 1.000815000000000055e+01 9.961456000000000088e+00 9.957651999999999504e+00 9.996729000000000198e+00 1.007163000000000075e+01 1.012946999999999953e+01 1.012958000000000069e+01 1.007193999999999967e+01 9.997042000000000428e+00 9.957561999999999358e+00 9.960376999999999370e+00 1.000534000000000034e+01 1.008636000000000088e+01 1.015071999999999974e+01 1.015699000000000041e+01 1.010537000000000063e+01 1.003555000000000064e+01 9.999954000000000676e+00 1.000615999999999950e+01 1.005392999999999937e+01 1.013762999999999970e+01 1.020467999999999975e+01 1.021335000000000015e+01 1.016390999999999956e+01 1.009571000000000041e+01 1.006093000000000082e+01 1.006728000000000023e+01 1.011447000000000074e+01 1.019668000000000063e+01 1.026158999999999999e+01 1.026778999999999975e+01 1.021545000000000059e+01 1.014423000000000030e+01 1.010612000000000066e+01 1.010840999999999923e+01 1.015108000000000033e+01 1.022765000000000057e+01 1.028612000000000037e+01 1.028606000000000087e+01 1.022753999999999941e+01 1.015121000000000073e+01 1.010951000000000022e+01 1.010914999999999964e+01 1.015029000000000003e+01 1.022630000000000017e+01 1.028476999999999997e+01 1.028514000000000017e+01 1.022742000000000040e+01 1.015212999999999965e+01 1.011167000000000016e+01 1.011283000000000065e+01 1.015546999999999933e+01 1.023305000000000042e+01 1.029311000000000043e+01 1.029479000000000077e+01 1.023811000000000071e+01 1.016328999999999994e+01 1.012250000000000050e+01 1.012250000000000050e+01 1.016328999999999994e+01 1.023811000000000071e+01 1.029479000000000077e+01 1.029311000000000043e+01 1.023305000000000042e+01 1.015546999999999933e+01 1.011283000000000065e+01 1.011167000000000016e+01 1.015212999999999965e+01 1.022742000000000040e+01 1.028514000000000017e+01 1.028476999999999997e+01 1.022630000000000017e+01 1.015029000000000003e+01 1.010914999999999964e+01 1.010951000000000022e+01 1.015121000000000073e+01 1.022753999999999941e+01 1.028606000000000087e+01 1.028612000000000037e+01 1.022765000000000057e+01 1.015108000000000033e+01 1.010840999999999923e+01 1.010612000000000066e+01 1.014423000000000030e+01 1.021545000000000059e+01 1.026778999999999975e+01 1.026158999999999999e+01 1.019668000000000063e+01 1.011447000000000074e+01 1.006728000000000023e+01 1.006093000000000082e+01 1.009571000000000041e+01 1.016390999999999956e+01 1.021335000000000015e+01 1.020467999999999975e+01 1.013762999999999970e+01 1.005392999999999937e+01 1.000615999999999950e+01 9.999954000000000676e+00 1.003555000000000064e+01 1.010537000000000063e+01 1.015699000000000041e+01 1.015071999999999974e+01 1.008636000000000088e+01 1.000534000000000034e+01 9.960376999999999370e+00 9.957561999999999358e+00 9.997042000000000428e+00 1.007193999999999967e+01 1.012958000000000069e+01 1.012946999999999953e+01 1.007163000000000075e+01 9.996729000000000198e+00 9.957651999999999504e+00 9.961456000000000088e+00 1.000815000000000055e+01 1.009207999999999927e+01 1.016028999999999982e+01 1.017084000000000010e+01 1.012415999999999983e+01 1.005957000000000079e+01 1.003018999999999927e+01 1.004468999999999923e+01 1.010289000000000037e+01 1.020148999999999972e+01 1.028764999999999930e+01 1.032020999999999944e+01
1.028125999999999962e+01 1.024352999999999980e+01 1.014733000000000018e+01 1.004468999999999923e+01 9.987992999999999455e+00 9.973959999999999937e+00 1.000301999999999936e+01 1.007052999999999976e+01 1.012296000000000085e+01 1.011190000000000033e+01 1.003702999999999967e+01 9.950480000000000658e+00 9.905229999999999535e+00 9.901733999999999369e+00 9.940115000000000478e+00 1.001801999999999992e+01 1.008231999999999928e+01 1.008261000000000074e+01 1.001886999999999972e+01 9.941280000000000783e+00 9.902791000000000565e+00 9.905678999999999235e+00 9.949712999999999141e+00 1.003383999999999965e+01 1.010514000000000046e+01 1.011198000000000086e+01 1.005448999999999948e+01 9.981830999999999676e+00 9.946936000000000888e+00 9.953103999999999729e+00 9.999916999999999945e+00 1.008690999999999960e+01 1.016122000000000014e+01 1.017066999999999943e+01 1.011542000000000030e+01 1.004426999999999914e+01 1.001010999999999918e+01 1.001650000000000063e+01 1.006296999999999997e+01 1.014874999999999972e+01 1.022100999999999971e+01 1.022781999999999947e+01 1.016928000000000054e+01 1.009479999999999933e+01 1.005715000000000003e+01 1.005930000000000035e+01 1.010115000000000052e+01 1.018088000000000015e+01 1.024577999999999989e+01 1.024540000000000006e+01 1.017983000000000082e+01 1.009989000000000026e+01 1.005861999999999945e+01 1.005803000000000047e+01 1.009828000000000081e+01 1.017739000000000082e+01 1.024239999999999995e+01 1.024276000000000053e+01 1.017849999999999966e+01 1.010003999999999991e+01 1.006038999999999994e+01 1.006170000000000009e+01 1.010378000000000043e+01 1.018488999999999933e+01 1.025198999999999927e+01 1.025403000000000020e+01 1.019097000000000008e+01 1.011298999999999992e+01 1.007286999999999999e+01 1.007286999999999999e+01 1.011298999999999992e+01 1.019097000000000008e+01 1.025403000000000020e+01 1.025198999999999927e+01 1.018488999999999933e+01 1.010378000000000043e+01 1.006170000000000009e+01 1.006038999999999994e+01 1.010003999999999991e+01 1.017849999999999966e+01 1.024276000000000053e+01 1.024239999999999995e+01 1.017739000000000082e+01 1.009828000000000081e+01 1.005803000000000047e+01 1.005861999999999945e+01 1.009989000000000026e+01 1.017983000000000082e+01 1.024540000000000006e+01 1.024577999999999989e+01 1.018088000000000015e+01 1.010115000000000052e+01 1.005930000000000035e+01 1.005715000000000003e+01 1.009479999999999933e+01 1.016928000000000054e+01 1.022781999999999947e+01 1.022100999999999971e+01 1.014874999999999972e+01 1.006296999999999997e+01 1.001650000000000063e+01 1.001010999999999918e+01 1.004426999999999914e+01 1.011542000000000030e+01 1.017066999999999943e+01 1.016122000000000014e+01 1.008690999999999960e+01 9.999916999999999945e+00 9.953103999999999729e+00 9.946936000000000888e+00 9.981830999999999676e+00 1.005448999999999948e+01 1.011198000000000086e+01 1.010514000000000046e+01 1.003383999999999965e+01 9.949712999999999141e+00 9.905678999999999235e+00 9.902791000000000565e+00 9.941280000000000783e+00 1.001886999999999972e+01 1.008261000000000074e+01 1.008231999999999928e+01 1.001801999999999992e+01 9.940115000000000478e+00 9.901733999999999369e+00 9.905229999999999535e+00 9.950480000000000658e+00 1.003702999999999967e+01 1.011190000000000033e+01 1.012296000000000085e+01 1.007052999999999976e+01 1.000301999999999936e+01 9.973959999999999937e+00 9.987992999999999455e+00 1.004468999999999923e+01 1.014733000000000018e+01 1.024352999999999980e+01 1.028125999999999962e+01
1.026478000000000002e+01 1.022743000000000002e+01 1.013203999999999994e+01 1.003018999999999927e+01 9.973959999999999937e+00 9.959918999999999301e+00 9.988505999999999219e+00 1.005526000000000053e+01 1.010704999999999920e+01 1.009608000000000061e+01 1.002204000000000050e+01 9.936417999999999751e+00 9.891807000000000016e+00 9.888514000000000692e+00 9.926641000000000048e+00 1.000404999999999944e+01 1.006798000000000037e+01 1.006853000000000087e+01 1.000567999999999991e+01 9.929040000000000532e+00 9.891223000000000098e+00 9.894422999999999746e+00 9.938385000000000247e+00 1.002227000000000068e+01 1.009341000000000044e+01 1.010059000000000040e+01 1.004393999999999920e+01 9.972118000000000038e+00 9.937844999999999374e+00 9.944394000000000844e+00 9.991320999999999231e+00 1.007835000000000036e+01 1.015279999999999916e+01 1.016268999999999956e+01 1.010820999999999970e+01 1.003781999999999996e+01 1.000427000000000000e+01 1.001120000000000054e+01 1.005807000000000073e+01 1.014424999999999955e+01 1.021693999999999924e+01 1.022419000000000011e+01 1.016609000000000052e+01 1.009191000000000038e+01 1.005436000000000085e+01 1.005644000000000027e+01 1.009808999999999912e+01 1.017741000000000007e+01 1.024178000000000033e+01 1.024089999999999989e+01 1.017488999999999955e+01 1.009458000000000055e+01 1.005297999999999981e+01 1.005198999999999998e+01 1.009181000000000061e+01 1.017046999999999990e+01 1.023511000000000060e+01 1.023544000000000054e+01 1.017146999999999935e+01 1.009338999999999942e+01 1.005410999999999966e+01 1.005574000000000012e+01 1.009806000000000026e+01 1.017942999999999998e+01 1.024685999999999986e+01 1.024932000000000087e+01 1.018676999999999921e+01 1.010915999999999926e+01 1.006922999999999924e+01 1.006922999999999924e+01 1.010915999999999926e+01 1.018676999999999921e+01 1.024932000000000087e+01 1.024685999999999986e+01 1.017942999999999998e+01 1.009806000000000026e+01 1.005574000000000012e+01 1.005410999999999966e+01 1.009338999999999942e+01 1.017146999999999935e+01 1.023544000000000054e+01 1.023511000000000060e+01 1.017046999999999990e+01 1.009181000000000061e+01 1.005198999999999998e+01 1.005297999999999981e+01 1.009458000000000055e+01 1.017488999999999955e+01 1.024089999999999989e+01 1.024178000000000033e+01 1.017741000000000007e+01 1.009808999999999912e+01 1.005644000000000027e+01 1.005436000000000085e+01 1.009191000000000038e+01 1.016609000000000052e+01 1.022419000000000011e+01 1.021693999999999924e+01 1.014424999999999955e+01 1.005807000000000073e+01 1.001120000000000054e+01 1.000427000000000000e+01 1.003781999999999996e+01 1.010820999999999970e+01 1.016268999999999956e+01 1.015279999999999916e+01 1.007835000000000036e+01 9.991320999999999231e+00 9.944394000000000844e+00 9.937844999999999374e+00 9.972118000000000038e+00 1.004393999999999920e+01 1.010059000000000040e+01 1.009341000000000044e+01 1.002227000000000068e+01 9.938385000000000247e+00 9.894422999999999746e+00 9.891223000000000098e+00 9.929040000000000532e+00 1.000567999999999991e+01 1.006853000000000087e+01 1.006798000000000037e+01 1.000404999999999944e+01 9.926641000000000048e+00 9.888514000000000692e+00 9.891807000000000016e+00 9.936417999999999751e+00 1.002204000000000050e+01 1.009608000000000061e+01 1.010704999999999920e+01 1.005526000000000053e+01 9.988505999999999219e+00 9.959918999999999301e+00 9.973959999999999937e+00 1.003018999999999927e+01 1.013203999999999994e+01 1.022743000000000002e+01 1.026478000000000002e+01
1.026990999999999943e+01 1.023804999999999943e+01 1.015462999999999916e+01 1.005957000000000079e+01 1.000301999999999936e+01 9.988505999999999219e+00 1.001617000000000068e+01 1.007718000000000025e+01 1.012133000000000038e+01 1.011105000000000054e+01 1.004592000000000063e+01 9.966065999999999647e+00 9.921613999999999933e+00 9.918411000000000755e+00 9.956485000000000696e+00 1.002872999999999948e+01 1.008488999999999969e+01 1.008578999999999937e+01 1.003134000000000015e+01 9.960409999999999542e+00 9.923215000000000785e+00 9.926940000000000097e+00 9.971522999999999470e+00 1.005086000000000013e+01 1.011434999999999995e+01 1.012166000000000032e+01 1.007290000000000063e+01 1.000646000000000058e+01 9.972917999999999950e+00 9.980223999999999762e+00 1.002828000000000053e+01 1.011143000000000036e+01 1.017858999999999980e+01 1.018863999999999947e+01 1.014174000000000042e+01 1.007633000000000045e+01 1.004349999999999987e+01 1.005141000000000062e+01 1.009990999999999950e+01 1.018313999999999986e+01 1.024929000000000023e+01 1.025689999999999991e+01 1.020593000000000039e+01 1.013569999999999993e+01 1.009784999999999933e+01 1.009997000000000078e+01 1.014202000000000048e+01 1.021724000000000032e+01 1.027402000000000015e+01 1.027238000000000007e+01 1.021260000000000012e+01 1.013537999999999961e+01 1.009257999999999988e+01 1.009102000000000032e+01 1.013081999999999994e+01 1.020496999999999943e+01 1.026213000000000086e+01 1.026238999999999990e+01 1.020576999999999934e+01 1.013213000000000008e+01 1.009282999999999930e+01 1.009495000000000076e+01 1.013840000000000074e+01 1.021649000000000029e+01 1.027744000000000035e+01 1.028048000000000073e+01 1.022541000000000011e+01 1.015196000000000076e+01 1.011170000000000080e+01 1.011170000000000080e+01 1.015196000000000076e+01 1.022541000000000011e+01 1.028048000000000073e+01 1.027744000000000035e+01 1.021649000000000029e+01 1.013840000000000074e+01 1.009495000000000076e+01 1.009282999999999930e+01 1.013213000000000008e+01 1.020576999999999934e+01 1.026238999999999990e+01 1.026213000000000086e+01 1.020496999999999943e+01 1.013081999999999994e+01 1.009102000000000032e+01 1.009257999999999988e+01 1.013537999999999961e+01 1.021260000000000012e+01 1.027238000000000007e+01 1.027402000000000015e+01 1.021724000000000032e+01 1.014202000000000048e+01 1.009997000000000078e+01 1.009784999999999933e+01 1.013569999999999993e+01 1.020593000000000039e+01 1.025689999999999991e+01 1.024929000000000023e+01 1.018313999999999986e+01 1.009990999999999950e+01 1.005141000000000062e+01 1.004349999999999987e+01 1.007633000000000045e+01 1.014174000000000042e+01 1.018863999999999947e+01 1.017858999999999980e+01 1.011143000000000036e+01 1.002828000000000053e+01 9.980223999999999762e+00 9.972917999999999950e+00 1.000646000000000058e+01 1.007290000000000063e+01 1.012166000000000032e+01 1.011434999999999995e+01 1.005086000000000013e+01 9.971522999999999470e+00 9.926940000000000097e+00 9.923215000000000785e+00 9.960409999999999542e+00 1.003134000000000015e+01 1.008578999999999937e+01 1.008488999999999969e+01 1.002872999999999948e+01 9.956485000000000696e+00 9.918411000000000755e+00 9.921613999999999933e+00 9.966065999999999647e+00 1.004592000000000063e+01 1.011105000000000054e+01 1.012133000000000038e+01 1.007718000000000025e+01 1.001617000000000068e+01 9.988505999999999219e+00 1.000301999999999936e+01 1.005957000000000079e+01 1.015462999999999916e+01 1.023804999999999943e+01 1.026990999999999943e+01
1.028120000000000012e+01 1.025704999999999956e+01 1.019857999999999976e+01 1.012415999999999983e+01 1.007052999999999976e+01 1.005526000000000053e+01 1.007718000000000025e+01 1.011880000000000024e+01 1.014453999999999922e+01 1.013519999999999932e+01 1.009088000000000029e+01 1.003063000000000038e+01 9.990339000000000524e+00 9.987230000000000274e+00 1.002102000000000004e+01 1.007431000000000054e+01 1.011121999999999943e+01 1.011256000000000022e+01 1.007816000000000045e+01 1.002713999999999928e+01 9.995298000000000016e+00 9.999795000000000655e+00 1.004101999999999961e+01 1.010166000000000075e+01 1.014536000000000016e+01 1.015279999999999916e+01 1.012365999999999921e+01 1.007727000000000039e+01 1.004970999999999925e+01 1.005813000000000024e+01 1.010332000000000008e+01 1.016798000000000002e+01 1.021518000000000015e+01 1.022536999999999985e+01 1.019810999999999979e+01 1.015301999999999971e+01 1.012663000000000046e+01 1.013602999999999987e+01 1.018199000000000076e+01 1.024707000000000079e+01 1.029363000000000028e+01 1.030170999999999992e+01 1.027078999999999986e+01 1.022059999999999924e+01 1.018812999999999924e+01 1.019027999999999956e+01 1.022728000000000037e+01 1.028228999999999971e+01 1.031827999999999967e+01 1.031558000000000064e+01 1.027467000000000041e+01 1.021560999999999986e+01 1.017605000000000004e+01 1.017365000000000030e+01 1.020829999999999949e+01 1.026274000000000086e+01 1.029993999999999943e+01 1.030011000000000010e+01 1.026327000000000034e+01 1.020921000000000056e+01 1.017497000000000007e+01 1.017786000000000080e+01 1.021800999999999959e+01 1.027778999999999954e+01 1.031962000000000046e+01 1.032347000000000037e+01 1.028889000000000031e+01 1.023553000000000068e+01 1.020039000000000051e+01 1.020039000000000051e+01 1.023553000000000068e+01 1.028889000000000031e+01 1.032347000000000037e+01 1.031962000000000046e+01 1.027778999999999954e+01 1.021800999999999959e+01 1.017786000000000080e+01 1.017497000000000007e+01 1.020921000000000056e+01 1.026327000000000034e+01 1.030011000000000010e+01 1.029993999999999943e+01 1.026274000000000086e+01 1.020829999999999949e+01 1.017365000000000030e+01 1.017605000000000004e+01 1.021560999999999986e+01 1.027467000000000041e+01 1.031558000000000064e+01 1.031827999999999967e+01 1.028228999999999971e+01 1.022728000000000037e+01 1.019027999999999956e+01 1.018812999999999924e+01 1.022059999999999924e+01 1.027078999999999986e+01 1.030170999999999992e+01 1.029363000000000028e+01 1.024707000000000079e+01 1.018199000000000076e+01 1.013602999999999987e+01 1.012663000000000046e+01 1.015301999999999971e+01 1.019810999999999979e+01 1.022536999999999985e+01 1.021518000000000015e+01 1.016798000000000002e+01 1.010332000000000008e+01 1.005813000000000024e+01 1.004970999999999925e+01 1.007727000000000039e+01 1.012365999999999921e+01 1.015279999999999916e+01 1.014536000000000016e+01 1.010166000000000075e+01 1.004101999999999961e+01 9.999795000000000655e+00 9.995298000000000016e+00 1.002713999999999928e+01 1.007816000000000045e+01 1.011256000000000022e+01 1.011121999999999943e+01 1.007431000000000054e+01 1.002102000000000004e+01 9.987230000000000274e+00 9.990339000000000524e+00 1.003063000000000038e+01 1.009088000000000029e+01 1.013519999999999932e+01 1.014453999999999922e+01 1.011880000000000024e+01 1.007718000000000025e+01 1.005526000000000053e+01 1.007052999999999976e+01 1.012415999999999983e+01 1.019857999999999976e+01 1.025704999999999956e+01 1.028120000000000012e+01
1.028467999999999982e+01 1.026579000000000086e+01 1.022594999999999921e+01 1.017084000000000010e+01 1.012296000000000085e+01 1.010704999999999920e+01 1.012133000000000038e+01 1.014453999999999922e+01 1.015581000000000067e+01 1.014720999999999940e+01 1.011927999999999983e+01 1.007803999999999967e+01 1.004458999999999946e+01 1.004167999999999950e+01 1.006886000000000081e+01 1.010383000000000031e+01 1.012561000000000000e+01 1.012749999999999950e+01 1.010932000000000031e+01 1.007798999999999978e+01 1.005418000000000056e+01 1.005954000000000015e+01 1.009464000000000006e+01 1.013667000000000051e+01 1.016459000000000046e+01 1.017243000000000031e+01 1.015962999999999994e+01 1.013360999999999912e+01 1.011486000000000018e+01 1.012445999999999913e+01 1.016360000000000063e+01 1.020919999999999916e+01 1.024015999999999948e+01 1.025084999999999980e+01 1.024050000000000082e+01 1.021681000000000061e+01 1.020013999999999932e+01 1.021122000000000085e+01 1.025116000000000049e+01 1.029679999999999929e+01 1.032696999999999932e+01 1.033595000000000041e+01 1.032295000000000051e+01 1.029489000000000054e+01 1.027159999999999940e+01 1.027374000000000009e+01 1.030166000000000004e+01 1.033432999999999957e+01 1.035182999999999964e+01 1.034772000000000070e+01 1.032252000000000081e+01 1.028269000000000055e+01 1.024956000000000067e+01 1.024607999999999919e+01 1.027214000000000027e+01 1.030583000000000027e+01 1.032618000000000080e+01 1.032625999999999955e+01 1.030607000000000006e+01 1.027256999999999998e+01 1.024676000000000009e+01 1.025061000000000000e+01 1.028426999999999936e+01 1.032474000000000025e+01 1.035069000000000017e+01 1.035568999999999917e+01 1.033920999999999957e+01 1.030786999999999942e+01 1.028167999999999971e+01 1.028167999999999971e+01 1.030786999999999942e+01 1.033920999999999957e+01 1.035568999999999917e+01 1.035069000000000017e+01 1.032474000000000025e+01 1.028426999999999936e+01 1.025061000000000000e+01 1.024676000000000009e+01 1.027256999999999998e+01 1.030607000000000006e+01 1.032625999999999955e+01 1.032618000000000080e+01 1.030583000000000027e+01 1.027214000000000027e+01 1.024607999999999919e+01 1.024956000000000067e+01 1.028269000000000055e+01 1.032252000000000081e+01 1.034772000000000070e+01 1.035182999999999964e+01 1.033432999999999957e+01 1.030166000000000004e+01 1.027374000000000009e+01 1.027159999999999940e+01 1.029489000000000054e+01 1.032295000000000051e+01 1.033595000000000041e+01 1.032696999999999932e+01 1.029679999999999929e+01 1.025116000000000049e+01 1.021122000000000085e+01 1.020013999999999932e+01 1.021681000000000061e+01 1.024050000000000082e+01 1.025084999999999980e+01 1.024015999999999948e+01 1.020919999999999916e+01 1.016360000000000063e+01 1.012445999999999913e+01 1.011486000000000018e+01 1.013360999999999912e+01 1.015962999999999994e+01 1.017243000000000031e+01 1.016459000000000046e+01 1.013667000000000051e+01 1.009464000000000006e+01 1.005954000000000015e+01 1.005418000000000056e+01 1.007798999999999978e+01 1.010932000000000031e+01 1.012749999999999950e+01 1.012561000000000000e+01 1.010383000000000031e+01 1.006886000000000081e+01 1.004167999999999950e+01 1.004458999999999946e+01 1.007803999999999967e+01 1.011927999999999983e+01 1.014720999999999940e+01 1.015581000000000067e+01 1.014453999999999922e+01 1.012133000000000038e+01 1.010704999999999920e+01 1.012296000000000085e+01 1.017084000000000010e+01 1.022594999999999921e+01 1.026579000000000086e+01 1.028467999999999982e+01
1.027579000000000065e+01 1.025661000000000023e+01 1.021616999999999997e+01 1.016028999999999982e+01 1.011190000000000033e+01 1.009608000000000061e+01 1.011105000000000054e+01 1.013519999999999932e+01 1.014720999999999940e+01 1.013894999999999946e+01 1.011091000000000051e+01 1.006939000000000028e+01 1.003585999999999956e+01 1.003332999999999942e+01 1.006137999999999977e+01 1.009744000000000064e+01 1.012017999999999951e+01 1.012280999999999942e+01 1.010510000000000019e+01 1.007414999999999949e+01 1.005078999999999922e+01 1.005674999999999919e+01 1.009267000000000003e+01 1.013559000000000054e+01 1.016440000000000055e+01 1.017317000000000071e+01 1.016127999999999965e+01 1.013620000000000054e+01 1.011830999999999925e+01 1.012860000000000049e+01 1.016830999999999996e+01 1.021447000000000038e+01 1.024619999999999997e+01 1.025808999999999926e+01 1.024929000000000023e+01 1.022744999999999926e+01 1.021251999999999960e+01 1.022479000000000049e+01 1.026544999999999952e+01 1.031157999999999930e+01 1.034259999999999913e+01 1.035326000000000057e+01 1.034259999999999913e+01 1.031705000000000005e+01 1.029537000000000013e+01 1.029735999999999940e+01 1.032338000000000022e+01 1.035326000000000057e+01 1.036816999999999922e+01 1.036206999999999923e+01 1.033571000000000062e+01 1.029512000000000072e+01 1.026116999999999990e+01 1.025665000000000049e+01 1.028145999999999916e+01 1.031404000000000032e+01 1.033370999999999995e+01 1.033369000000000071e+01 1.031396999999999942e+01 1.028139000000000003e+01 1.025665000000000049e+01 1.026139000000000046e+01 1.029574000000000034e+01 1.033686999999999934e+01 1.036382000000000048e+01 1.037058000000000035e+01 1.035641000000000034e+01 1.032751999999999981e+01 1.030294999999999916e+01 1.030294999999999916e+01 1.032751999999999981e+01 1.035641000000000034e+01 1.037058000000000035e+01 1.036382000000000048e+01 1.033686999999999934e+01 1.029574000000000034e+01 1.026139000000000046e+01 1.025665000000000049e+01 1.028139000000000003e+01 1.031396999999999942e+01 1.033369000000000071e+01 1.033370999999999995e+01 1.031404000000000032e+01 1.028145999999999916e+01 1.025665000000000049e+01 1.026116999999999990e+01 1.029512000000000072e+01 1.033571000000000062e+01 1.036206999999999923e+01 1.036816999999999922e+01 1.035326000000000057e+01 1.032338000000000022e+01 1.029735999999999940e+01 1.029537000000000013e+01 1.031705000000000005e+01 1.034259999999999913e+01 1.035326000000000057e+01 1.034259999999999913e+01 1.031157999999999930e+01 1.026544999999999952e+01 1.022479000000000049e+01 1.021251999999999960e+01 1.022744999999999926e+01 1.024929000000000023e+01 1.025808999999999926e+01 1.024619999999999997e+01 1.021447000000000038e+01 1.016830999999999996e+01 1.012860000000000049e+01 1.011830999999999925e+01 1.013620000000000054e+01 1.016127999999999965e+01 1.017317000000000071e+01 1.016440000000000055e+01 1.013559000000000054e+01 1.009267000000000003e+01 1.005674999999999919e+01 1.005078999999999922e+01 1.007414999999999949e+01 1.010510000000000019e+01 1.012280999999999942e+01 1.012017999999999951e+01 1.009744000000000064e+01 1.006137999999999977e+01 1.003332999999999942e+01 1.003585999999999956e+01 1.006939000000000028e+01 1.011091000000000051e+01 1.013894999999999946e+01 1.014720999999999940e+01 1.013519999999999932e+01 1.011105000000000054e+01 1.009608000000000061e+01 1.011190000000000033e+01 1.016028999999999982e+01 1.021616999999999997e+01 1.025661000000000023e+01 1.027579000000000065e+01
1.025484999999999935e+01 1.023001000000000005e+01 1.016934000000000005e+01 1.009207999999999927e+01 1.003702999999999967e+01 1.002204000000000050e+01 1.004592000000000063e+01 1.009088000000000029e+01 1.011927999999999983e+01 1.011091000000000051e+01 1.006596000000000046e+01 1.000440000000000040e+01 9.963889999999999247e+00 9.961949000000000609e+00 9.998217000000000354e+00 1.005511000000000088e+01 1.009526999999999930e+01 1.009878999999999927e+01 1.006568000000000040e+01 1.001553999999999967e+01 9.985010000000000829e+00 9.991377999999999204e+00 1.003491999999999962e+01 1.009829000000000043e+01 1.014479000000000042e+01 1.015496000000000087e+01 1.012871999999999950e+01 1.008522999999999925e+01 1.006015000000000015e+01 1.007063999999999915e+01 1.011745999999999945e+01 1.018349000000000082e+01 1.023286000000000051e+01 1.024654999999999916e+01 1.022447999999999979e+01 1.018539999999999957e+01 1.016399999999999970e+01 1.017709999999999937e+01 1.022513000000000005e+01 1.029091000000000022e+01 1.033961000000000041e+01 1.035265000000000057e+01 1.032978999999999914e+01 1.028832000000000058e+01 1.026033999999999935e+01 1.026202999999999932e+01 1.029368000000000016e+01 1.033920999999999957e+01 1.036632999999999960e+01 1.035777000000000037e+01 1.031367999999999974e+01 1.025300000000000011e+01 1.021108000000000082e+01 1.020545000000000080e+01 1.023643999999999998e+01 1.028707999999999956e+01 1.032184999999999953e+01 1.032173000000000052e+01 1.028669999999999973e+01 1.023582000000000036e+01 1.020471000000000039e+01 1.021038000000000068e+01 1.025253999999999976e+01 1.031366000000000049e+01 1.035824000000000034e+01 1.036727999999999916e+01 1.034057999999999922e+01 1.029562999999999917e+01 1.026502999999999943e+01 1.026502999999999943e+01 1.029562999999999917e+01 1.034057999999999922e+01 1.036727999999999916e+01 1.035824000000000034e+01 1.031366000000000049e+01 1.025253999999999976e+01 1.021038000000000068e+01 1.020471000000000039e+01 1.023582000000000036e+01 1.028669999999999973e+01 1.032173000000000052e+01 1.032184999999999953e+01 1.028707999999999956e+01 1.023643999999999998e+01 1.020545000000000080e+01 1.021108000000000082e+01 1.025300000000000011e+01 1.031367999999999974e+01 1.035777000000000037e+01 1.036632999999999960e+01 1.033920999999999957e+01 1.029368000000000016e+01 1.026202999999999932e+01 1.026033999999999935e+01 1.028832000000000058e+01 1.032978999999999914e+01 1.035265000000000057e+01 1.033961000000000041e+01 1.029091000000000022e+01 1.022513000000000005e+01 1.017709999999999937e+01 1.016399999999999970e+01 1.018539999999999957e+01 1.022447999999999979e+01 1.024654999999999916e+01 1.023286000000000051e+01 1.018349000000000082e+01 1.011745999999999945e+01 1.007063999999999915e+01 1.006015000000000015e+01 1.008522999999999925e+01 1.012871999999999950e+01 1.015496000000000087e+01 1.014479000000000042e+01 1.009829000000000043e+01 1.003491999999999962e+01 9.991377999999999204e+00 9.985010000000000829e+00 1.001553999999999967e+01 1.006568000000000040e+01 1.009878999999999927e+01 1.009526999999999930e+01 1.005511000000000088e+01 9.998217000000000354e+00 9.961949000000000609e+00 9.963889999999999247e+00 1.000440000000000040e+01 1.006596000000000046e+01 1.011091000000000051e+01 1.011927999999999983e+01 1.009088000000000029e+01 1.004592000000000063e+01 1.002204000000000050e+01 1.003702999999999967e+01 1.009207999999999927e+01 1.016934000000000005e+01 1.023001000000000005e+01 1.025484999999999935e+01
