3.542746000000000350e+01 3.543538000000000210e+01 3.545492000000000132e+01 3.548586000000000240e+01 3.551762999999999693e+01 3.553309999999999746e+01 3.553153999999999968e+01 3.552474999999999739e+01 3.552291999999999916e+01 3.552899000000000029e+01 3.554310000000000258e+01 3.556512000000000029e+01 3.558523999999999887e+01 3.558905000000000030e+01 3.557654000000000138e+01 3.556114000000000175e+01 3.555270000000000152e+01 3.555259999999999820e+01 3.556085000000000207e+01 3.557614999999999839e+01 3.558879999999999910e+01 3.558558000000000021e+01 3.556663999999999959e+01 3.554626999999999981e+01 3.553410000000000224e+01 3.553061999999999898e+01 3.553576000000000334e+01 3.554760999999999882e+01 3.555649999999999977e+01 3.554977999999999838e+01 3.552767999999999660e+01 3.550495000000000090e+01 3.549116000000000071e+01 3.548637999999999693e+01 3.549054999999999893e+01 3.550159000000000020e+01 3.550990999999999786e+01 3.550296999999999770e+01 3.548105999999999938e+01 3.545888999999999669e+01 3.544597999999999871e+01 3.544250999999999863e+01 3.544841999999999871e+01 3.546208000000000027e+01 3.547395000000000209e+01 3.547088999999999714e+01 3.545293999999999812e+01 3.543413000000000324e+01 3.542394000000000176e+01 3.542309000000000196e+01 3.543155000000000143e+01 3.544812000000000296e+01 3.546312000000000353e+01 3.546276999999999902e+01 3.544697000000000031e+01 3.542949000000000126e+01 3.542000000000000171e+01 3.541946999999999690e+01 3.542790000000000106e+01 3.544404999999999717e+01 3.545821999999999719e+01 3.545685999999999893e+01 3.544006999999999863e+01 3.542190000000000083e+01 3.541203999999999752e+01 3.541138999999999726e+01 3.541996999999999929e+01 3.543663999999999703e+01 3.545181999999999789e+01 3.545181999999999789e+01 3.543663999999999703e+01 3.541996999999999929e+01 3.541138999999999726e+01 3.541203999999999752e+01 3.542190000000000083e+01 3.544006999999999863e+01 3.545685999999999893e+01 3.545821999999999719e+01 3.544404999999999717e+01 3.542790000000000106e+01 3.541946999999999690e+01 3.542000000000000171e+01 3.542949000000000126e+01 3.544697000000000031e+01 3.546276999999999902e+01 3.546312000000000353e+01 3.544812000000000296e+01 3.543155000000000143e+01 3.542309000000000196e+01 3.542394000000000176e+01 3.543413000000000324e+01 3.545293999999999812e+01 3.547088999999999714e+01 3.547395000000000209e+01 3.546208000000000027e+01 3.544841999999999871e+01 3.544250999999999863e+01 3.544597999999999871e+01 3.545888999999999669e+01 3.548105999999999938e+01 3.550296999999999770e+01 3.550990999999999786e+01 3.550159000000000020e+01 3.549054999999999893e+01 3.548637999999999693e+01 3.549116000000000071e+01 3.550495000000000090e+01 3.552767999999999660e+01 3.554977999999999838e+01 3.555649999999999977e+01 3.554760999999999882e+01 3.553576000000000334e+01 3.553061999999999898e+01 3.553410000000000224e+01 3.554626999999999981e+01 3.556663999999999959e+01 3.558558000000000021e+01 3.558879999999999910e+01 3.557614999999999839e+01 3.556085000000000207e+01 3.555259999999999820e+01 3.555270000000000152e+01 3.556114000000000175e+01 3.557654000000000138e+01 3.558905000000000030e+01 3.558523999999999887e+01 3.556512000000000029e+01 3.554310000000000258e+01 3.552899000000000029e+01 3.552291999999999916e+01 3.552474999999999739e+01 3.553153999999999968e+01 3.553309999999999746e+01 3.551762999999999693e+01 3.548586000000000240e+01 3.545492000000000132e+01 3.543538000000000210e+01 3.542746000000000350e+01
3.543538000000000210e+01 3.544447000000000259e+01 3.546715999999999980e+01 3.550336999999999676e+01 3.553952999999999918e+01 3.555525000000000091e+01 3.554988999999999777e+01 3.553846999999999667e+01 3.553419000000000239e+01 3.554017000000000337e+01 3.555658999999999992e+01 3.558321000000000112e+01 3.560725000000000051e+01 3.561106000000000193e+01 3.559463999999999828e+01 3.557459999999999667e+01 3.556378000000000128e+01 3.556365999999999872e+01 3.557426999999999850e+01 3.559416999999999831e+01 3.561068999999999818e+01 3.560743000000000080e+01 3.558453000000000088e+01 3.555948999999999671e+01 3.554496999999999929e+01 3.554151000000000238e+01 3.554907000000000039e+01 3.556555000000000177e+01 3.557829999999999870e+01 3.557151000000000352e+01 3.554540000000000077e+01 3.551796000000000220e+01 3.550178999999999974e+01 3.549705999999999761e+01 3.550366000000000355e+01 3.551937000000000211e+01 3.553157000000000210e+01 3.552454000000000178e+01 3.549857000000000085e+01 3.547164000000000073e+01 3.545633000000000123e+01 3.545288000000000039e+01 3.546124999999999972e+01 3.547964999999999947e+01 3.549548999999999666e+01 3.549240999999999957e+01 3.547046000000000276e+01 3.544691999999999865e+01 3.543431999999999960e+01 3.543350999999999829e+01 3.544442000000000093e+01 3.546576000000000306e+01 3.548478000000000065e+01 3.548445999999999856e+01 3.546470999999999663e+01 3.544252000000000180e+01 3.543061000000000149e+01 3.543008999999999986e+01 3.544095000000000084e+01 3.546182000000000301e+01 3.547993999999999915e+01 3.547854999999999848e+01 3.545774000000000115e+01 3.543480999999999881e+01 3.542251000000000261e+01 3.542184999999999917e+01 3.543285000000000196e+01 3.545425999999999789e+01 3.547343000000000046e+01 3.547343000000000046e+01 3.545425999999999789e+01 3.543285000000000196e+01 3.542184999999999917e+01 3.542251000000000261e+01 3.543480999999999881e+01 3.545774000000000115e+01 3.547854999999999848e+01 3.547993999999999915e+01 3.546182000000000301e+01 3.544095000000000084e+01 3.543008999999999986e+01 3.543061000000000149e+01 3.544252000000000180e+01 3.546470999999999663e+01 3.548445999999999856e+01 3.548478000000000065e+01 3.546576000000000306e+01 3.544442000000000093e+01 3.543350999999999829e+01 3.543431999999999960e+01 3.544691999999999865e+01 3.547046000000000276e+01 3.549240999999999957e+01 3.549548999999999666e+01 3.547964999999999947e+01 3.546124999999999972e+01 3.545288000000000039e+01 3.545633000000000123e+01 3.547164000000000073e+01 3.549857000000000085e+01 3.552454000000000178e+01 3.553157000000000210e+01 3.551937000000000211e+01 3.550366000000000355e+01 3.549705999999999761e+01 3.550178999999999974e+01 3.551796000000000220e+01 3.554540000000000077e+01 3.557151000000000352e+01 3.557829999999999870e+01 3.556555000000000177e+01 3.554907000000000039e+01 3.554151000000000238e+01 3.554496999999999929e+01 3.555948999999999671e+01 3.558453000000000088e+01 3.560743000000000080e+01 3.561068999999999818e+01 3.559416999999999831e+01 3.557426999999999850e+01 3.556365999999999872e+01 3.556378000000000128e+01 3.557459999999999667e+01 3.559463999999999828e+01 3.561106000000000193e+01 3.560725000000000051e+01 3.558321000000000112e+01 3.555658999999999992e+01 3.554017000000000337e+01 3.553419000000000239e+01 3.553846999999999667e+01 3.554988999999999777e+01 3.555525000000000091e+01 3.553952999999999918e+01 3.550336999999999676e+01 3.546715999999999980e+01 3.544447000000000259e+01 3.543538000000000210e+01
3.545492000000000132e+01 3.546715999999999980e+01 3.549877999999999645e+01 3.555199000000000353e+01 3.560134999999999650e+01 3.561764000000000152e+01 3.560072000000000259e+01 3.557403999999999655e+01 3.556233999999999895e+01 3.556806999999999874e+01 3.559141000000000332e+01 3.563324000000000069e+01 3.566922000000000281e+01 3.567302999999999713e+01 3.564473000000000269e+01 3.560940000000000083e+01 3.559140000000000015e+01 3.559123999999999910e+01 3.560896999999999935e+01 3.564406999999999925e+01 3.567235000000000156e+01 3.566897000000000162e+01 3.563401999999999958e+01 3.559360999999999819e+01 3.557200000000000273e+01 3.556864000000000203e+01 3.558346000000000231e+01 3.561522999999999683e+01 3.563971999999999696e+01 3.563273999999999830e+01 3.559441000000000344e+01 3.555143999999999949e+01 3.552817999999999898e+01 3.552356000000000336e+01 3.553750999999999749e+01 3.556864000000000203e+01 3.559259999999999735e+01 3.558534999999999826e+01 3.554706000000000188e+01 3.550441000000000003e+01 3.548190000000000310e+01 3.547854000000000241e+01 3.549428999999999945e+01 3.552832999999999686e+01 3.555619999999999692e+01 3.555308999999999742e+01 3.551901000000000153e+01 3.547981000000000051e+01 3.546000000000000085e+01 3.545926999999999651e+01 3.547755999999999688e+01 3.551463999999999999e+01 3.554585999999999757e+01 3.554561999999999955e+01 3.551384000000000185e+01 3.547608999999999924e+01 3.545694000000000301e+01 3.545644999999999669e+01 3.547458999999999918e+01 3.551104000000000127e+01 3.554117999999999711e+01 3.553969000000000023e+01 3.550666999999999973e+01 3.546802000000000277e+01 3.544841000000000264e+01 3.544774000000000314e+01 3.546602000000000032e+01 3.550307999999999709e+01 3.553435000000000343e+01 3.553435000000000343e+01 3.550307999999999709e+01 3.546602000000000032e+01 3.544774000000000314e+01 3.544841000000000264e+01 3.546802000000000277e+01 3.550666999999999973e+01 3.553969000000000023e+01 3.554117999999999711e+01 3.551102999999999810e+01 3.547458999999999918e+01 3.545644999999999669e+01 3.545694000000000301e+01 3.547608999999999924e+01 3.551384000000000185e+01 3.554561999999999955e+01 3.554585999999999757e+01 3.551463999999999999e+01 3.547755999999999688e+01 3.545926999999999651e+01 3.546000000000000085e+01 3.547981000000000051e+01 3.551901000000000153e+01 3.555308999999999742e+01 3.555619999999999692e+01 3.552832999999999686e+01 3.549428999999999945e+01 3.547854000000000241e+01 3.548190000000000310e+01 3.550441000000000003e+01 3.554706000000000188e+01 3.558534999999999826e+01 3.559259999999999735e+01 3.556864000000000203e+01 3.553750999999999749e+01 3.552356000000000336e+01 3.552817999999999898e+01 3.555143999999999949e+01 3.559441000000000344e+01 3.563273999999999830e+01 3.563971999999999696e+01 3.561522999999999683e+01 3.558346000000000231e+01 3.556864000000000203e+01 3.557200000000000273e+01 3.559360999999999819e+01 3.563401999999999958e+01 3.566897000000000162e+01 3.567235000000000156e+01 3.564406999999999925e+01 3.560896999999999935e+01 3.559123999999999910e+01 3.559140000000000015e+01 3.560940000000000083e+01 3.564473000000000269e+01 3.567302999999999713e+01 3.566922000000000281e+01 3.563324000000000069e+01 3.559141000000000332e+01 3.556806999999999874e+01 3.556233999999999895e+01 3.557404999999999973e+01 3.560072000000000259e+01 3.561764000000000152e+01 3.560134999999999650e+01 3.555199000000000353e+01 3.549877999999999645e+01 3.546715999999999980e+01 3.545492000000000132e+01
3.548586000000000240e+01 3.550336999999999676e+01 3.555199000000000353e+01 3.565438999999999936e+01 3.573606999999999800e+01 3.575339999999999918e+01 3.570736999999999739e+01 3.563409000000000049e+01 3.560703999999999780e+01 3.561234000000000322e+01 3.564988999999999919e+01 3.573810999999999893e+01 3.580400000000000205e+01 3.580778999999999712e+01 3.574971000000000032e+01 3.566787999999999670e+01 3.563512000000000057e+01 3.563488999999999862e+01 3.566723000000000354e+01 3.574857999999999691e+01 3.580630000000000024e+01 3.580264999999999986e+01 3.573760000000000048e+01 3.565061000000000035e+01 3.561453999999999809e+01 3.561129999999999995e+01 3.564101000000000141e+01 3.571912999999999982e+01 3.577293999999999841e+01 3.576554999999999751e+01 3.569682000000000244e+01 3.560703000000000173e+01 3.556935000000000002e+01 3.556490000000000151e+01 3.559382000000000090e+01 3.567145000000000010e+01 3.572473000000000098e+01 3.571697000000000344e+01 3.564808000000000021e+01 3.555836000000000041e+01 3.552130999999999972e+01 3.551807000000000158e+01 3.554876999999999754e+01 3.562966999999999729e+01 3.568739999999999668e+01 3.568422999999999945e+01 3.562004000000000303e+01 3.553399000000000285e+01 3.549958000000000169e+01 3.549902000000000157e+01 3.553226999999999691e+01 3.561650999999999812e+01 3.567806000000000211e+01 3.567804000000000286e+01 3.561632999999999782e+01 3.553173999999999921e+01 3.549786999999999892e+01 3.549741999999999820e+01 3.553040000000000020e+01 3.561372999999999678e+01 3.567376999999999754e+01 3.567206000000000188e+01 3.560866999999999649e+01 3.552288000000000068e+01 3.548843999999999710e+01 3.548772000000000304e+01 3.552076999999999884e+01 3.560475000000000279e+01 3.566606000000000165e+01 3.566606000000000165e+01 3.560475000000000279e+01 3.552076999999999884e+01 3.548772000000000304e+01 3.548843999999999710e+01 3.552288000000000068e+01 3.560866999999999649e+01 3.567206000000000188e+01 3.567376999999999754e+01 3.561372999999999678e+01 3.553040000000000020e+01 3.549741999999999820e+01 3.549786999999999892e+01 3.553173999999999921e+01 3.561632999999999782e+01 3.567804000000000286e+01 3.567806000000000211e+01 3.561650999999999812e+01 3.553226999999999691e+01 3.549902000000000157e+01 3.549958000000000169e+01 3.553399000000000285e+01 3.562004000000000303e+01 3.568422999999999945e+01 3.568739999999999668e+01 3.562966999999999729e+01 3.554876999999999754e+01 3.551807000000000158e+01 3.552130999999999972e+01 3.555836000000000041e+01 3.564808000000000021e+01 3.571697000000000344e+01 3.572473000000000098e+01 3.567145000000000010e+01 3.559382000000000090e+01 3.556490000000000151e+01 3.556935000000000002e+01 3.560703000000000173e+01 3.569682000000000244e+01 3.576554999999999751e+01 3.577293999999999841e+01 3.571912999999999982e+01 3.564101000000000141e+01 3.561129999999999995e+01 3.561453999999999809e+01 3.565061000000000035e+01 3.573760000000000048e+01 3.580264999999999986e+01 3.580630000000000024e+01 3.574857999999999691e+01 3.566723000000000354e+01 3.563488999999999862e+01 3.563512000000000057e+01 3.566787999999999670e+01 3.574971000000000032e+01 3.580778999999999712e+01 3.580400000000000205e+01 3.573810999999999893e+01 3.564988999999999919e+01 3.561234000000000322e+01 3.560703999999999780e+01 3.563409000000000049e+01 3.570736999999999739e+01 3.575339999999999918e+01 3.573608000000000118e+01 3.565438999999999936e+01 3.555199000000000353e+01 3.550336999999999676e+01 3.548586000000000240e+01
3.551762999999999693e+01 3.553952999999999918e+01 3.560134999999999650e+01 3.573606999999999800e+01 3.584380000000000166e+01 3.586214999999999975e+01 3.579261000000000337e+01 3.568901000000000323e+01 3.565068000000000126e+01 3.565565999999999747e+01 3.570383999999999958e+01 3.582211000000000212e+01 3.591194000000000131e+01 3.591563000000000017e+01 3.583342999999999989e+01 3.572126999999999697e+01 3.567746999999999957e+01 3.567710000000000292e+01 3.572019999999999840e+01 3.583144000000000062e+01 3.591273999999999944e+01 3.590870000000000317e+01 3.581929000000000229e+01 3.570195999999999970e+01 3.565498000000000189e+01 3.565171999999999741e+01 3.569228999999999985e+01 3.580031999999999925e+01 3.587754999999999939e+01 3.586961000000000155e+01 3.577629999999999910e+01 3.565603000000000122e+01 3.560743000000000080e+01 3.560291999999999746e+01 3.564267999999999859e+01 3.575012000000000256e+01 3.582668000000000319e+01 3.581817999999999813e+01 3.572451999999999828e+01 3.560421000000000191e+01 3.555617999999999768e+01 3.555290000000000106e+01 3.559449000000000041e+01 3.570553000000000310e+01 3.578717000000000326e+01 3.578396999999999650e+01 3.569581000000000159e+01 3.557968000000000330e+01 3.553459000000000145e+01 3.553428999999999860e+01 3.557874000000000336e+01 3.569366000000000128e+01 3.577978000000000236e+01 3.578016999999999825e+01 3.569467999999999819e+01 3.557994999999999663e+01 3.553522999999999854e+01 3.553482999999999947e+01 3.557874999999999943e+01 3.569228999999999985e+01 3.577617000000000047e+01 3.577409999999999712e+01 3.568614000000000175e+01 3.556972999999999985e+01 3.552418999999999727e+01 3.552331999999999823e+01 3.556718000000000046e+01 3.568135000000000190e+01 3.576666000000000167e+01 3.576666000000000167e+01 3.568135000000000190e+01 3.556718000000000046e+01 3.552331999999999823e+01 3.552418999999999727e+01 3.556972999999999985e+01 3.568614000000000175e+01 3.577409999999999712e+01 3.577617000000000047e+01 3.569228999999999985e+01 3.557874999999999943e+01 3.553482999999999947e+01 3.553522999999999854e+01 3.557994999999999663e+01 3.569467999999999819e+01 3.578016999999999825e+01 3.577978000000000236e+01 3.569366000000000128e+01 3.557874000000000336e+01 3.553428999999999860e+01 3.553459000000000145e+01 3.557968000000000330e+01 3.569581000000000159e+01 3.578396999999999650e+01 3.578717000000000326e+01 3.570553000000000310e+01 3.559449000000000041e+01 3.555290000000000106e+01 3.555617999999999768e+01 3.560421000000000191e+01 3.572451999999999828e+01 3.581817999999999813e+01 3.582668000000000319e+01 3.575012000000000256e+01 3.564267999999999859e+01 3.560291999999999746e+01 3.560743000000000080e+01 3.565603000000000122e+01 3.577629999999999910e+01 3.586961000000000155e+01 3.587754999999999939e+01 3.580031999999999925e+01 3.569228999999999985e+01 3.565171999999999741e+01 3.565498000000000189e+01 3.570195999999999970e+01 3.581929000000000229e+01 3.590870000000000317e+01 3.591273999999999944e+01 3.583144000000000062e+01 3.572019999999999840e+01 3.567710000000000292e+01 3.567746999999999957e+01 3.572126999999999697e+01 3.583342999999999989e+01 3.591563000000000017e+01 3.591194000000000131e+01 3.582211000000000212e+01 3.570383999999999958e+01 3.565565999999999747e+01 3.565068000000000126e+01 3.568901000000000323e+01 3.579261000000000337e+01 3.586214999999999975e+01 3.584380000000000166e+01 3.573608000000000118e+01 3.560134999999999650e+01 3.553952999999999918e+01 3.551762999999999693e+01
3.553309999999999746e+01 3.555525000000000091e+01 3.561764000000000152e+01 3.575339999999999918e+01 3.586214999999999975e+01 3.588071999999999662e+01 3.581056000000000239e+01 3.570626000000000033e+01 3.566756999999999778e+01 3.567249999999999943e+01 3.572093999999999880e+01 3.583980999999999995e+01 3.593014999999999759e+01 3.593361000000000161e+01 3.585043999999999897e+01 3.573733000000000004e+01 3.569301999999999708e+01 3.569245000000000090e+01 3.573566000000000287e+01 3.584729999999999706e+01 3.592887999999999948e+01 3.592443999999999704e+01 3.583395000000000152e+01 3.571560999999999808e+01 3.566808999999999941e+01 3.566456000000000159e+01 3.570515999999999934e+01 3.581345000000000312e+01 3.589081000000000188e+01 3.588235999999999848e+01 3.578788999999999731e+01 3.566655999999999693e+01 3.561731999999999942e+01 3.561242000000000019e+01 3.565203000000000344e+01 3.575943000000000183e+01 3.583574999999999733e+01 3.582647000000000048e+01 3.573149999999999693e+01 3.561010999999999882e+01 3.556150000000000233e+01 3.555789999999999651e+01 3.559946000000000055e+01 3.571076000000000050e+01 3.579276000000000124e+01 3.578961999999999932e+01 3.570121999999999929e+01 3.558491999999999678e+01 3.553990000000000293e+01 3.553994999999999749e+01 3.558498999999999768e+01 3.570096999999999809e+01 3.578828000000000031e+01 3.578925999999999874e+01 3.570371999999999701e+01 3.558872000000000213e+01 3.554386000000000223e+01 3.554348999999999847e+01 3.558762000000000114e+01 3.570152000000000214e+01 3.578556999999999988e+01 3.578300999999999732e+01 3.569397000000000020e+01 3.557656999999999670e+01 3.553049000000000035e+01 3.552933999999999770e+01 3.557318999999999676e+01 3.568762999999999863e+01 3.577327999999999975e+01 3.577327999999999975e+01 3.568762999999999863e+01 3.557318999999999676e+01 3.552933999999999770e+01 3.553049000000000035e+01 3.557656999999999670e+01 3.569397000000000020e+01 3.578300999999999732e+01 3.578556999999999988e+01 3.570152000000000214e+01 3.558762000000000114e+01 3.554348999999999847e+01 3.554386000000000223e+01 3.558872000000000213e+01 3.570371999999999701e+01 3.578925999999999874e+01 3.578828000000000031e+01 3.570096999999999809e+01 3.558498999999999768e+01 3.553994999999999749e+01 3.553990000000000293e+01 3.558491999999999678e+01 3.570121999999999929e+01 3.578961999999999932e+01 3.579276000000000124e+01 3.571076000000000050e+01 3.559946000000000055e+01 3.555789999999999651e+01 3.556150000000000233e+01 3.561010999999999882e+01 3.573149999999999693e+01 3.582647000000000048e+01 3.583574999999999733e+01 3.575943000000000183e+01 3.565203000000000344e+01 3.561242000000000019e+01 3.561731999999999942e+01 3.566655999999999693e+01 3.578788999999999731e+01 3.588235999999999848e+01 3.589081000000000188e+01 3.581345000000000312e+01 3.570515999999999934e+01 3.566456000000000159e+01 3.566808999999999941e+01 3.571560999999999808e+01 3.583395000000000152e+01 3.592443999999999704e+01 3.592887999999999948e+01 3.584729999999999706e+01 3.573566000000000287e+01 3.569245000000000090e+01 3.569301999999999708e+01 3.573733000000000004e+01 3.585043999999999897e+01 3.593361000000000161e+01 3.593014999999999759e+01 3.583980999999999995e+01 3.572093999999999880e+01 3.567249999999999943e+01 3.566756999999999778e+01 3.570626000000000033e+01 3.581056000000000239e+01 3.588071999999999662e+01 3.586214999999999975e+01 3.575339999999999918e+01 3.561764000000000152e+01 3.555525000000000091e+01 3.553309999999999746e+01
3.553153999999999968e+01 3.554988999999999777e+01 3.560072000000000259e+01 3.570736999999999739e+01 3.579261000000000337e+01 3.581056000000000239e+01 3.576223999999999847e+01 3.568569000000000102e+01 3.565713000000000221e+01 3.566226999999999947e+01 3.570100000000000051e+01 3.579213000000000022e+01 3.585999999999999943e+01 3.586310000000000286e+01 3.580165999999999826e+01 3.571591000000000093e+01 3.568119999999999692e+01 3.568036000000000030e+01 3.571341000000000321e+01 3.579697999999999780e+01 3.585600000000000165e+01 3.585112999999999772e+01 3.578238999999999947e+01 3.569140999999999764e+01 3.565330000000000155e+01 3.564925999999999817e+01 3.567940000000000111e+01 3.575925000000000153e+01 3.581387999999999749e+01 3.580496000000000123e+01 3.573234999999999673e+01 3.563850999999999658e+01 3.559857999999999834e+01 3.559291999999999945e+01 3.562167000000000172e+01 3.569993999999999801e+01 3.575289000000000073e+01 3.574273000000000167e+01 3.566951999999999856e+01 3.557587000000000188e+01 3.553672999999999860e+01 3.553251000000000204e+01 3.556333999999999662e+01 3.564558999999999855e+01 3.570477000000000345e+01 3.570179999999999865e+01 3.563653000000000048e+01 3.554937999999999931e+01 3.551498000000000133e+01 3.551550999999999902e+01 3.555089999999999861e+01 3.563902000000000214e+01 3.570456999999999681e+01 3.570638999999999896e+01 3.564415000000000333e+01 3.555799999999999983e+01 3.552342999999999762e+01 3.552308000000000021e+01 3.555696999999999974e+01 3.564213000000000164e+01 3.570304999999999751e+01 3.569982999999999862e+01 3.563271999999999906e+01 3.554325000000000045e+01 3.550685000000000002e+01 3.550522999999999740e+01 3.553849000000000302e+01 3.562389000000000294e+01 3.568659000000000248e+01 3.568659000000000248e+01 3.562389000000000294e+01 3.553849000000000302e+01 3.550522999999999740e+01 3.550685000000000002e+01 3.554325000000000045e+01 3.563271999999999906e+01 3.569982999999999862e+01 3.570304999999999751e+01 3.564213000000000164e+01 3.555696999999999974e+01 3.552308000000000021e+01 3.552342999999999762e+01 3.555799999999999983e+01 3.564415000000000333e+01 3.570638999999999896e+01 3.570456999999999681e+01 3.563902000000000214e+01 3.555089999999999861e+01 3.551550999999999902e+01 3.551498000000000133e+01 3.554937999999999931e+01 3.563653000000000048e+01 3.570179999999999865e+01 3.570477000000000345e+01 3.564558999999999855e+01 3.556333999999999662e+01 3.553251000000000204e+01 3.553672999999999860e+01 3.557587000000000188e+01 3.566951999999999856e+01 3.574273000000000167e+01 3.575289000000000073e+01 3.569993999999999801e+01 3.562167000000000172e+01 3.559291999999999945e+01 3.559857999999999834e+01 3.563850999999999658e+01 3.573234999999999673e+01 3.580496000000000123e+01 3.581387999999999749e+01 3.575925000000000153e+01 3.567940000000000111e+01 3.564925999999999817e+01 3.565330000000000155e+01 3.569140999999999764e+01 3.578238999999999947e+01 3.585112999999999772e+01 3.585600000000000165e+01 3.579697999999999780e+01 3.571341000000000321e+01 3.568036000000000030e+01 3.568119999999999692e+01 3.571591000000000093e+01 3.580165999999999826e+01 3.586310000000000286e+01 3.586001000000000261e+01 3.579213000000000022e+01 3.570100000000000051e+01 3.566226999999999947e+01 3.565713999999999828e+01 3.568569000000000102e+01 3.576223999999999847e+01 3.581056000000000239e+01 3.579261000000000337e+01 3.570736999999999739e+01 3.560072000000000259e+01 3.554988999999999777e+01 3.553153999999999968e+01
3.552474999999999739e+01 3.553846999999999667e+01 3.557403999999999655e+01 3.563409000000000049e+01 3.568901000000000323e+01 3.570626000000000033e+01 3.568569000000000102e+01 3.565371999999999986e+01 3.563933999999999713e+01 3.564477999999999724e+01 3.567022999999999655e+01 3.571674000000000149e+01 3.575592000000000326e+01 3.575867000000000218e+01 3.572509999999999764e+01 3.568346999999999980e+01 3.566208000000000311e+01 3.566094999999999970e+01 3.568007999999999669e+01 3.571891000000000105e+01 3.574940999999999747e+01 3.574414999999999765e+01 3.570336999999999961e+01 3.565644999999999953e+01 3.563125000000000142e+01 3.562662999999999869e+01 3.564247000000000298e+01 3.567734999999999701e+01 3.570347999999999900e+01 3.569415999999999656e+01 3.564961999999999875e+01 3.559991999999999734e+01 3.557267999999999830e+01 3.556616999999999962e+01 3.558021000000000100e+01 3.561294000000000182e+01 3.563689000000000107e+01 3.562586999999999904e+01 3.558041999999999661e+01 3.553092000000000183e+01 3.550448999999999700e+01 3.549953000000000003e+01 3.551594999999999658e+01 3.555286000000000257e+01 3.558359000000000094e+01 3.558079000000000036e+01 3.554442000000000235e+01 3.550278999999999741e+01 3.548257000000000261e+01 3.548364000000000118e+01 3.550594000000000250e+01 3.554979000000000156e+01 3.558771999999999736e+01 3.559040000000000248e+01 3.555736999999999881e+01 3.551666000000000167e+01 3.549602000000000146e+01 3.549568000000000012e+01 3.551565000000000083e+01 3.555548000000000286e+01 3.558736999999999995e+01 3.558344999999999914e+01 3.554417000000000115e+01 3.549909000000000248e+01 3.547576000000000107e+01 3.547359999999999758e+01 3.549264000000000152e+01 3.553258999999999901e+01 3.556658000000000186e+01 3.556658000000000186e+01 3.553258999999999901e+01 3.549264000000000152e+01 3.547359999999999758e+01 3.547576000000000107e+01 3.549909000000000248e+01 3.554417000000000115e+01 3.558344999999999914e+01 3.558736999999999995e+01 3.555548000000000286e+01 3.551565000000000083e+01 3.549568000000000012e+01 3.549602000000000146e+01 3.551666000000000167e+01 3.555736999999999881e+01 3.559040000000000248e+01 3.558771999999999736e+01 3.554979000000000156e+01 3.550594000000000250e+01 3.548364000000000118e+01 3.548257000000000261e+01 3.550278999999999741e+01 3.554442000000000235e+01 3.558079000000000036e+01 3.558359000000000094e+01 3.555286000000000257e+01 3.551594999999999658e+01 3.549953000000000003e+01 3.550448999999999700e+01 3.553092000000000183e+01 3.558041999999999661e+01 3.562588000000000221e+01 3.563689000000000107e+01 3.561294000000000182e+01 3.558021000000000100e+01 3.556616999999999962e+01 3.557267999999999830e+01 3.559993000000000052e+01 3.564961999999999875e+01 3.569415999999999656e+01 3.570347999999999900e+01 3.567734999999999701e+01 3.564247000000000298e+01 3.562662999999999869e+01 3.563125000000000142e+01 3.565644999999999953e+01 3.570336999999999961e+01 3.574414999999999765e+01 3.574940999999999747e+01 3.571891000000000105e+01 3.568007999999999669e+01 3.566094999999999970e+01 3.566208000000000311e+01 3.568346999999999980e+01 3.572509999999999764e+01 3.575867000000000218e+01 3.575592000000000326e+01 3.571674000000000149e+01 3.567022999999999655e+01 3.564477999999999724e+01 3.563933999999999713e+01 3.565373000000000303e+01 3.568569000000000102e+01 3.570626000000000033e+01 3.568901000000000323e+01 3.563409000000000049e+01 3.557404999999999973e+01 3.553846999999999667e+01 3.552474999999999739e+01
3.552291999999999916e+01 3.553419000000000239e+01 3.556233999999999895e+01 3.560703999999999780e+01 3.565068000000000126e+01 3.566756999999999778e+01 3.565713000000000221e+01 3.563933999999999713e+01 3.563143000000000171e+01 3.563698999999999728e+01 3.565623000000000076e+01 3.568842999999999677e+01 3.571696000000000026e+01 3.571943000000000268e+01 3.569588999999999857e+01 3.566808999999999941e+01 3.565270999999999901e+01 3.565135000000000076e+01 3.566400000000000148e+01 3.568854000000000326e+01 3.570844999999999914e+01 3.570280999999999949e+01 3.567190999999999690e+01 3.563851999999999975e+01 3.561903999999999826e+01 3.561401999999999646e+01 3.562330999999999648e+01 3.564403999999999684e+01 3.565970000000000084e+01 3.564997999999999934e+01 3.561518999999999835e+01 3.557874000000000336e+01 3.555696999999999974e+01 3.554984999999999928e+01 3.555718999999999852e+01 3.557569999999999766e+01 3.558892000000000166e+01 3.557703000000000060e+01 3.554066999999999865e+01 3.550372999999999735e+01 3.548246999999999929e+01 3.547690000000000055e+01 3.548696000000000339e+01 3.551037000000000177e+01 3.553121000000000151e+01 3.552853999999999957e+01 3.550236999999999910e+01 3.547440999999999889e+01 3.546052000000000248e+01 3.546213000000000193e+01 3.547912999999999784e+01 3.551035999999999859e+01 3.553920999999999708e+01 3.554274000000000200e+01 3.552044000000000068e+01 3.549374999999999858e+01 3.547934000000000054e+01 3.547901999999999845e+01 3.549280000000000257e+01 3.551868000000000336e+01 3.553996000000000066e+01 3.553533000000000186e+01 3.550529000000000224e+01 3.547296999999999656e+01 3.545499999999999829e+01 3.545233999999999952e+01 3.546502000000000265e+01 3.549132000000000176e+01 3.551518999999999693e+01 3.551518999999999693e+01 3.549132000000000176e+01 3.546502000000000265e+01 3.545233999999999952e+01 3.545499999999999829e+01 3.547296999999999656e+01 3.550529000000000224e+01 3.553533000000000186e+01 3.553996000000000066e+01 3.551868000000000336e+01 3.549280000000000257e+01 3.547901999999999845e+01 3.547934000000000054e+01 3.549374999999999858e+01 3.552044000000000068e+01 3.554274000000000200e+01 3.553920999999999708e+01 3.551035999999999859e+01 3.547912999999999784e+01 3.546213000000000193e+01 3.546052000000000248e+01 3.547440999999999889e+01 3.550236999999999910e+01 3.552853999999999957e+01 3.553121000000000151e+01 3.551037000000000177e+01 3.548696000000000339e+01 3.547690000000000055e+01 3.548246999999999929e+01 3.550372999999999735e+01 3.554066999999999865e+01 3.557703000000000060e+01 3.558892000000000166e+01 3.557569999999999766e+01 3.555718999999999852e+01 3.554984999999999928e+01 3.555696999999999974e+01 3.557874000000000336e+01 3.561518999999999835e+01 3.564997999999999934e+01 3.565970000000000084e+01 3.564403999999999684e+01 3.562330999999999648e+01 3.561401999999999646e+01 3.561903999999999826e+01 3.563851999999999975e+01 3.567190999999999690e+01 3.570280999999999949e+01 3.570844999999999914e+01 3.568854000000000326e+01 3.566400000000000148e+01 3.565135000000000076e+01 3.565270999999999901e+01 3.566808999999999941e+01 3.569588999999999857e+01 3.571943000000000268e+01 3.571696000000000026e+01 3.568842999999999677e+01 3.565623000000000076e+01 3.563698999999999728e+01 3.563143000000000171e+01 3.563933999999999713e+01 3.565713999999999828e+01 3.566756999999999778e+01 3.565068000000000126e+01 3.560703999999999780e+01 3.556233999999999895e+01 3.553419000000000239e+01 3.552291999999999916e+01
3.552899000000000029e+01 3.554017000000000337e+01 3.556806999999999874e+01 3.561234000000000322e+01 3.565565999999999747e+01 3.567249999999999943e+01 3.566226999999999947e+01 3.564477999999999724e+01 3.563698999999999728e+01 3.564244999999999663e+01 3.566140000000000043e+01 3.569308000000000192e+01 3.572111000000000303e+01 3.572326999999999941e+01 3.569960999999999984e+01 3.567181000000000068e+01 3.565634000000000015e+01 3.565476000000000312e+01 3.566705999999999932e+01 3.569104000000000099e+01 3.571034000000000219e+01 3.570418999999999699e+01 3.567284000000000077e+01 3.563911999999999836e+01 3.561937000000000353e+01 3.561408000000000129e+01 3.562308999999999770e+01 3.564345000000000141e+01 3.565863000000000227e+01 3.564833000000000141e+01 3.561285999999999774e+01 3.557574999999999932e+01 3.555346999999999724e+01 3.554594000000000165e+01 3.555293000000000347e+01 3.557099999999999795e+01 3.558339999999999748e+01 3.557028999999999996e+01 3.553228000000000009e+01 3.549376000000000175e+01 3.547147999999999968e+01 3.546533999999999764e+01 3.547534000000000276e+01 3.549913999999999703e+01 3.552033000000000129e+01 3.551778999999999797e+01 3.549150999999999812e+01 3.546338000000000079e+01 3.544968999999999681e+01 3.545194999999999652e+01 3.546999999999999886e+01 3.550280000000000058e+01 3.553323999999999927e+01 3.553786999999999807e+01 3.551619000000000170e+01 3.548969000000000307e+01 3.547534000000000276e+01 3.547505999999999915e+01 3.548884000000000327e+01 3.551460999999999757e+01 3.553538000000000352e+01 3.552978999999999843e+01 3.549830999999999648e+01 3.546457000000000193e+01 3.544565999999999661e+01 3.544241999999999848e+01 3.545494999999999663e+01 3.548145999999999844e+01 3.550551999999999708e+01 3.550551999999999708e+01 3.548145999999999844e+01 3.545494999999999663e+01 3.544241999999999848e+01 3.544565999999999661e+01 3.546457000000000193e+01 3.549830999999999648e+01 3.552978999999999843e+01 3.553538000000000352e+01 3.551460999999999757e+01 3.548884000000000327e+01 3.547505999999999915e+01 3.547534000000000276e+01 3.548969000000000307e+01 3.551619000000000170e+01 3.553786999999999807e+01 3.553323999999999927e+01 3.550280000000000058e+01 3.546999999999999886e+01 3.545194999999999652e+01 3.544968999999999681e+01 3.546338000000000079e+01 3.549150999999999812e+01 3.551778999999999797e+01 3.552033000000000129e+01 3.549913999999999703e+01 3.547534000000000276e+01 3.546533999999999764e+01 3.547147999999999968e+01 3.549376000000000175e+01 3.553228000000000009e+01 3.557028999999999996e+01 3.558339999999999748e+01 3.557099999999999795e+01 3.555293000000000347e+01 3.554594000000000165e+01 3.555346999999999724e+01 3.557574999999999932e+01 3.561285999999999774e+01 3.564833000000000141e+01 3.565863000000000227e+01 3.564345000000000141e+01 3.562308999999999770e+01 3.561408000000000129e+01 3.561937000000000353e+01 3.563911999999999836e+01 3.567284000000000077e+01 3.570418999999999699e+01 3.571034000000000219e+01 3.569104000000000099e+01 3.566705999999999932e+01 3.565476000000000312e+01 3.565634000000000015e+01 3.567181000000000068e+01 3.569960999999999984e+01 3.572326999999999941e+01 3.572111000000000303e+01 3.569308000000000192e+01 3.566140000000000043e+01 3.564245999999999981e+01 3.563698999999999728e+01 3.564477999999999724e+01 3.566226999999999947e+01 3.567249999999999943e+01 3.565565999999999747e+01 3.561234000000000322e+01 3.556806999999999874e+01 3.554017000000000337e+01 3.552899000000000029e+01
3.554310000000000258e+01 3.555658999999999992e+01 3.559141000000000332e+01 3.564988999999999919e+01 3.570383999999999958e+01 3.572093999999999880e+01 3.570100000000000051e+01 3.567022999999999655e+01 3.565623000000000076e+01 3.566140000000000043e+01 3.568594999999999828e+01 3.573062999999999789e+01 3.576827000000000112e+01 3.577011000000000251e+01 3.573619000000000057e+01 3.569474000000000302e+01 3.567311999999999728e+01 3.567132999999999754e+01 3.568936999999999671e+01 3.572637999999999892e+01 3.575504000000000104e+01 3.574824999999999875e+01 3.570613000000000170e+01 3.565823999999999927e+01 3.563224999999999909e+01 3.562680999999999898e+01 3.564182000000000272e+01 3.567562000000000211e+01 3.570029999999999859e+01 3.568930000000000291e+01 3.564267999999999859e+01 3.559085999999999927e+01 3.556212000000000018e+01 3.555434999999999945e+01 3.556739999999999924e+01 3.559902000000000299e+01 3.562053999999999832e+01 3.560589000000000226e+01 3.555539000000000271e+01 3.550057999999999936e+01 3.547102999999999895e+01 3.546432999999999680e+01 3.548060000000000258e+01 3.551924000000000348e+01 3.555105999999999966e+01 3.554863999999999891e+01 3.551196000000000197e+01 3.546923999999999921e+01 3.544957999999999743e+01 3.545264999999999844e+01 3.547816999999999865e+01 3.552723999999999904e+01 3.557005000000000194e+01 3.557603999999999900e+01 3.554485999999999990e+01 3.550453999999999866e+01 3.548402999999999707e+01 3.548380000000000223e+01 3.550383000000000067e+01 3.554350999999999772e+01 3.557388999999999868e+01 3.556705999999999790e+01 3.552338999999999913e+01 3.547357000000000227e+01 3.544733000000000089e+01 3.544339999999999691e+01 3.546200000000000330e+01 3.550310000000000343e+01 3.553761999999999688e+01 3.553761999999999688e+01 3.550310000000000343e+01 3.546200000000000330e+01 3.544339999999999691e+01 3.544733000000000089e+01 3.547357000000000227e+01 3.552338999999999913e+01 3.556705999999999790e+01 3.557388999999999868e+01 3.554350999999999772e+01 3.550383000000000067e+01 3.548380000000000223e+01 3.548402999999999707e+01 3.550453999999999866e+01 3.554485999999999990e+01 3.557603999999999900e+01 3.557005000000000194e+01 3.552723999999999904e+01 3.547816999999999865e+01 3.545264999999999844e+01 3.544957999999999743e+01 3.546923999999999921e+01 3.551196000000000197e+01 3.554863999999999891e+01 3.555105999999999966e+01 3.551924000000000348e+01 3.548060000000000258e+01 3.546432999999999680e+01 3.547102999999999895e+01 3.550057999999999936e+01 3.555539000000000271e+01 3.560589000000000226e+01 3.562053999999999832e+01 3.559902000000000299e+01 3.556739999999999924e+01 3.555434999999999945e+01 3.556212000000000018e+01 3.559085999999999927e+01 3.564267999999999859e+01 3.568930000000000291e+01 3.570029999999999859e+01 3.567562000000000211e+01 3.564182000000000272e+01 3.562682000000000215e+01 3.563224999999999909e+01 3.565823999999999927e+01 3.570613000000000170e+01 3.574824999999999875e+01 3.575504000000000104e+01 3.572639000000000209e+01 3.568936999999999671e+01 3.567132999999999754e+01 3.567311999999999728e+01 3.569474000000000302e+01 3.573619000000000057e+01 3.577011000000000251e+01 3.576827000000000112e+01 3.573062999999999789e+01 3.568594999999999828e+01 3.566140000000000043e+01 3.565623000000000076e+01 3.567022999999999655e+01 3.570100000000000051e+01 3.572093999999999880e+01 3.570383999999999958e+01 3.564988999999999919e+01 3.559141000000000332e+01 3.555658999999999992e+01 3.554310000000000258e+01
