3.551476999999999862e+01 3.551897999999999911e+01 3.552841000000000093e+01 3.554325000000000045e+01 3.555850999999999829e+01 3.556649000000000171e+01 3.556674000000000291e+01 3.556430000000000291e+01 3.556380999999999659e+01 3.556683999999999912e+01 3.557343000000000188e+01 3.558341000000000065e+01 3.559223000000000070e+01 3.559351000000000198e+01 3.558726999999999663e+01 3.557954999999999757e+01 3.557493000000000194e+01 3.557401999999999731e+01 3.557683000000000106e+01 3.558239999999999981e+01 3.558623000000000047e+01 3.558274999999999721e+01 3.557209999999999894e+01 3.556090999999999980e+01 3.555367999999999995e+01 3.555039000000000016e+01 3.555100000000000193e+01 3.555413999999999675e+01 3.555532999999999788e+01 3.554941999999999780e+01 3.553661000000000314e+01 3.552383999999999986e+01 3.551554000000000144e+01 3.551144000000000034e+01 3.551145000000000351e+01 3.551417000000000002e+01 3.551514999999999844e+01 3.550934000000000168e+01 3.549692999999999898e+01 3.548478000000000065e+01 3.547729000000000354e+01 3.547424999999999784e+01 3.547561999999999927e+01 3.548031999999999897e+01 3.548393000000000086e+01 3.548096000000000316e+01 3.547149000000000285e+01 3.546182000000000301e+01 3.545633999999999730e+01 3.545526000000000266e+01 3.545853000000000321e+01 3.546540999999999855e+01 3.547140999999999877e+01 3.547057999999999822e+01 3.546287000000000234e+01 3.545441000000000287e+01 3.544966000000000150e+01 3.544906000000000290e+01 3.545260999999999996e+01 3.545956999999999937e+01 3.546547000000000338e+01 3.546441000000000088e+01 3.545647000000000304e+01 3.544787000000000177e+01 3.544312000000000040e+01 3.544265000000000043e+01 3.544646999999999792e+01 3.545398000000000138e+01 3.546072999999999809e+01 3.546072999999999809e+01 3.545398000000000138e+01 3.544646999999999792e+01 3.544265000000000043e+01 3.544312000000000040e+01 3.544787000000000177e+01 3.545647000000000304e+01 3.546441000000000088e+01 3.546547000000000338e+01 3.545956999999999937e+01 3.545260999999999996e+01 3.544906000000000290e+01 3.544966000000000150e+01 3.545441000000000287e+01 3.546287000000000234e+01 3.547057999999999822e+01 3.547140999999999877e+01 3.546540999999999855e+01 3.545853000000000321e+01 3.545526000000000266e+01 3.545633999999999730e+01 3.546182000000000301e+01 3.547149000000000285e+01 3.548096000000000316e+01 3.548393000000000086e+01 3.548031999999999897e+01 3.547561999999999927e+01 3.547424999999999784e+01 3.547729000000000354e+01 3.548478000000000065e+01 3.549692999999999898e+01 3.550934000000000168e+01 3.551514999999999844e+01 3.551417000000000002e+01 3.551145000000000351e+01 3.551144000000000034e+01 3.551554000000000144e+01 3.552383999999999986e+01 3.553661000000000314e+01 3.554941999999999780e+01 3.555532999999999788e+01 3.555413999999999675e+01 3.555100000000000193e+01 3.555039000000000016e+01 3.555367999999999995e+01 3.556090999999999980e+01 3.557209999999999894e+01 3.558274999999999721e+01 3.558623000000000047e+01 3.558239999999999981e+01 3.557683000000000106e+01 3.557401999999999731e+01 3.557493000000000194e+01 3.557954999999999757e+01 3.558726999999999663e+01 3.559351000000000198e+01 3.559223000000000070e+01 3.558341000000000065e+01 3.557343000000000188e+01 3.556683999999999912e+01 3.556380999999999659e+01 3.556430000000000291e+01 3.556674000000000291e+01 3.556649000000000171e+01 3.555850999999999829e+01 3.554325000000000045e+01 3.552841000000000093e+01 3.551897999999999911e+01 3.551476999999999862e+01
3.551897999999999911e+01 3.552391000000000076e+01 3.553506999999999749e+01 3.555268000000000228e+01 3.557036999999999694e+01 3.557849999999999824e+01 3.557665000000000077e+01 3.557177000000000078e+01 3.556994000000000256e+01 3.557291000000000025e+01 3.558077000000000112e+01 3.559317999999999671e+01 3.560414999999999708e+01 3.560542999999999836e+01 3.559702000000000055e+01 3.558684000000000225e+01 3.558091000000000292e+01 3.558001000000000147e+01 3.558411999999999864e+01 3.559212000000000131e+01 3.559808000000000305e+01 3.559454999999999814e+01 3.558169000000000182e+01 3.556801999999999708e+01 3.555949999999999989e+01 3.555624999999999858e+01 3.555819999999999936e+01 3.556378999999999735e+01 3.556710000000000349e+01 3.556112000000000251e+01 3.554607000000000028e+01 3.553079000000000320e+01 3.552120000000000033e+01 3.551713999999999771e+01 3.551850999999999914e+01 3.552371000000000123e+01 3.552682000000000073e+01 3.552091999999999672e+01 3.550625000000000142e+01 3.549157000000000295e+01 3.548275999999999897e+01 3.547975999999999885e+01 3.548248999999999853e+01 3.548971000000000231e+01 3.549551000000000300e+01 3.549253000000000213e+01 3.548082000000000136e+01 3.546864000000000061e+01 3.546184999999999832e+01 3.546079000000000292e+01 3.546542999999999779e+01 3.547485000000000355e+01 3.548308000000000106e+01 3.548225999999999658e+01 3.547236000000000189e+01 3.546139999999999759e+01 3.545532000000000039e+01 3.545472999999999786e+01 3.545962000000000103e+01 3.546909000000000134e+01 3.547717999999999705e+01 3.547610000000000241e+01 3.546591999999999700e+01 3.545479000000000269e+01 3.544868999999999915e+01 3.544821999999999917e+01 3.545338000000000278e+01 3.546340000000000003e+01 3.547236000000000189e+01 3.547236000000000189e+01 3.546340000000000003e+01 3.545338000000000278e+01 3.544821999999999917e+01 3.544868999999999915e+01 3.545479000000000269e+01 3.546591999999999700e+01 3.547610000000000241e+01 3.547717999999999705e+01 3.546909000000000134e+01 3.545962000000000103e+01 3.545472999999999786e+01 3.545532000000000039e+01 3.546139999999999759e+01 3.547236000000000189e+01 3.548225999999999658e+01 3.548308000000000106e+01 3.547485000000000355e+01 3.546542999999999779e+01 3.546079000000000292e+01 3.546184999999999832e+01 3.546864000000000061e+01 3.548082000000000136e+01 3.549253000000000213e+01 3.549551000000000300e+01 3.548971000000000231e+01 3.548248999999999853e+01 3.547975999999999885e+01 3.548275999999999897e+01 3.549157000000000295e+01 3.550625000000000142e+01 3.552091999999999672e+01 3.552682000000000073e+01 3.552371000000000123e+01 3.551850999999999914e+01 3.551713999999999771e+01 3.552120000000000033e+01 3.553079000000000320e+01 3.554607000000000028e+01 3.556112000000000251e+01 3.556710000000000349e+01 3.556378999999999735e+01 3.555819999999999936e+01 3.555624999999999858e+01 3.555949999999999989e+01 3.556801999999999708e+01 3.558169000000000182e+01 3.559454999999999814e+01 3.559808000000000305e+01 3.559212000000000131e+01 3.558411999999999864e+01 3.558001000000000147e+01 3.558091000000000292e+01 3.558684000000000225e+01 3.559702000000000055e+01 3.560542999999999836e+01 3.560414999999999708e+01 3.559317999999999671e+01 3.558077000000000112e+01 3.557291000000000025e+01 3.556994000000000256e+01 3.557177000000000078e+01 3.557665000000000077e+01 3.557849999999999824e+01 3.557036999999999694e+01 3.555268000000000228e+01 3.553506999999999749e+01 3.552391000000000076e+01 3.551897999999999911e+01
3.552841000000000093e+01 3.553506999999999749e+01 3.555071999999999832e+01 3.557665000000000077e+01 3.560134999999999650e+01 3.560976999999999748e+01 3.560179999999999723e+01 3.558939999999999770e+01 3.558377000000000123e+01 3.558662000000000347e+01 3.559799999999999898e+01 3.561791000000000196e+01 3.563521999999999679e+01 3.563647999999999882e+01 3.562172000000000338e+01 3.560399000000000314e+01 3.559441999999999950e+01 3.559351999999999805e+01 3.560128999999999877e+01 3.561679000000000173e+01 3.562895000000000323e+01 3.562532000000000210e+01 3.560596000000000316e+01 3.558469000000000193e+01 3.557260999999999740e+01 3.556945000000000334e+01 3.557516999999999996e+01 3.558829999999999671e+01 3.559778000000000020e+01 3.559165000000000134e+01 3.557000000000000028e+01 3.554702000000000339e+01 3.553388000000000346e+01 3.552993000000000023e+01 3.553511999999999915e+01 3.554793000000000092e+01 3.555725000000000335e+01 3.555118999999999829e+01 3.552985999999999933e+01 3.550737999999999772e+01 3.549495000000000289e+01 3.549202999999999975e+01 3.549860000000000326e+01 3.551355999999999824e+01 3.552573999999999899e+01 3.552271999999999963e+01 3.550450000000000017e+01 3.548458000000000112e+01 3.547411999999999921e+01 3.547312999999999761e+01 3.548158000000000101e+01 3.549880000000000280e+01 3.551353000000000293e+01 3.551274999999999693e+01 3.549642000000000053e+01 3.547776000000000352e+01 3.546799000000000035e+01 3.546743000000000023e+01 3.547605999999999682e+01 3.549324000000000012e+01 3.550773000000000224e+01 3.550659999999999883e+01 3.548987999999999943e+01 3.547097000000000122e+01 3.546112999999999715e+01 3.546065999999999718e+01 3.546954999999999814e+01 3.548731999999999687e+01 3.550274000000000285e+01 3.550274000000000285e+01 3.548731999999999687e+01 3.546954999999999814e+01 3.546065999999999718e+01 3.546112999999999715e+01 3.547097000000000122e+01 3.548987999999999943e+01 3.550659999999999883e+01 3.550773000000000224e+01 3.549324000000000012e+01 3.547605999999999682e+01 3.546743000000000023e+01 3.546799000000000035e+01 3.547776000000000352e+01 3.549642000000000053e+01 3.551274999999999693e+01 3.551353000000000293e+01 3.549880000000000280e+01 3.548158000000000101e+01 3.547312999999999761e+01 3.547411999999999921e+01 3.548458000000000112e+01 3.550450000000000017e+01 3.552271999999999963e+01 3.552573999999999899e+01 3.551355999999999824e+01 3.549860000000000326e+01 3.549202999999999975e+01 3.549495000000000289e+01 3.550737999999999772e+01 3.552985999999999933e+01 3.555118999999999829e+01 3.555725000000000335e+01 3.554793000000000092e+01 3.553511999999999915e+01 3.552993000000000023e+01 3.553388000000000346e+01 3.554702000000000339e+01 3.557000000000000028e+01 3.559165000000000134e+01 3.559778000000000020e+01 3.558829999999999671e+01 3.557516999999999996e+01 3.556945000000000334e+01 3.557260999999999740e+01 3.558469000000000193e+01 3.560596000000000316e+01 3.562532000000000210e+01 3.562895000000000323e+01 3.561679000000000173e+01 3.560128999999999877e+01 3.559351999999999805e+01 3.559441999999999950e+01 3.560399000000000314e+01 3.562172000000000338e+01 3.563647999999999882e+01 3.563521999999999679e+01 3.561791000000000196e+01 3.559799999999999898e+01 3.558662000000000347e+01 3.558377000000000123e+01 3.558939999999999770e+01 3.560179999999999723e+01 3.560976999999999748e+01 3.560134999999999650e+01 3.557665000000000077e+01 3.555071999999999832e+01 3.553506999999999749e+01 3.552841000000000093e+01
3.554325000000000045e+01 3.555268000000000228e+01 3.557665000000000077e+01 3.562133000000000038e+01 3.566205999999999676e+01 3.567099000000000331e+01 3.564856000000000336e+01 3.561852999999999980e+01 3.560542000000000229e+01 3.560806999999999789e+01 3.562642000000000309e+01 3.566385999999999967e+01 3.569601999999999720e+01 3.569722999999999757e+01 3.566758000000000095e+01 3.563219999999999743e+01 3.561545000000000272e+01 3.561453999999999809e+01 3.562951000000000334e+01 3.566246999999999900e+01 3.568919000000000352e+01 3.568533999999999651e+01 3.565086000000000155e+01 3.561189999999999856e+01 3.559281000000000006e+01 3.558977000000000146e+01 3.560285999999999973e+01 3.563349999999999795e+01 3.565744000000000113e+01 3.565100000000000335e+01 3.561404999999999887e+01 3.557329000000000008e+01 3.555315999999999832e+01 3.554934999999999690e+01 3.556197000000000230e+01 3.559234000000000009e+01 3.561612000000000222e+01 3.560970999999999975e+01 3.557301999999999964e+01 3.553264999999999674e+01 3.551315999999999917e+01 3.551035999999999859e+01 3.552432000000000301e+01 3.555702999999999747e+01 3.558402999999999849e+01 3.558093999999999824e+01 3.554767999999999972e+01 3.551001999999999725e+01 3.549246999999999730e+01 3.549161999999999750e+01 3.550744999999999862e+01 3.554258999999999702e+01 3.557242999999999711e+01 3.557177000000000078e+01 3.554052000000000078e+01 3.550413000000000352e+01 3.548718000000000217e+01 3.548666000000000054e+01 3.550258999999999787e+01 3.553752000000000066e+01 3.556689000000000078e+01 3.556562999999999874e+01 3.553374999999999773e+01 3.549694000000000216e+01 3.547982999999999976e+01 3.547932999999999737e+01 3.549546000000000134e+01 3.553099999999999881e+01 3.556139000000000294e+01 3.556139000000000294e+01 3.553099999999999881e+01 3.549546000000000134e+01 3.547932999999999737e+01 3.547982999999999976e+01 3.549694000000000216e+01 3.553374999999999773e+01 3.556562999999999874e+01 3.556689000000000078e+01 3.553752000000000066e+01 3.550258999999999787e+01 3.548666000000000054e+01 3.548718000000000217e+01 3.550413000000000352e+01 3.554052000000000078e+01 3.557177000000000078e+01 3.557242999999999711e+01 3.554258999999999702e+01 3.550744999999999862e+01 3.549161999999999750e+01 3.549246999999999730e+01 3.551001999999999725e+01 3.554767999999999972e+01 3.558093999999999824e+01 3.558402999999999849e+01 3.555702999999999747e+01 3.552432000000000301e+01 3.551035999999999859e+01 3.551315999999999917e+01 3.553264999999999674e+01 3.557301999999999964e+01 3.560970999999999975e+01 3.561612000000000222e+01 3.559234000000000009e+01 3.556197000000000230e+01 3.554934999999999690e+01 3.555315999999999832e+01 3.557329000000000008e+01 3.561404999999999887e+01 3.565100000000000335e+01 3.565744000000000113e+01 3.563349999999999795e+01 3.560285999999999973e+01 3.558977000000000146e+01 3.559281000000000006e+01 3.561189999999999856e+01 3.565086000000000155e+01 3.568533999999999651e+01 3.568919000000000352e+01 3.566246999999999900e+01 3.562951000000000334e+01 3.561453999999999809e+01 3.561545000000000272e+01 3.563219999999999743e+01 3.566758000000000095e+01 3.569722999999999757e+01 3.569601999999999720e+01 3.566385999999999967e+01 3.562642000000000309e+01 3.560806999999999789e+01 3.560542000000000229e+01 3.561852999999999980e+01 3.564856000000000336e+01 3.567099000000000331e+01 3.566205999999999676e+01 3.562133000000000038e+01 3.557665000000000077e+01 3.555268000000000228e+01 3.554325000000000045e+01
3.555850999999999829e+01 3.557036999999999694e+01 3.560134999999999650e+01 3.566205999999999676e+01 3.571715999999999980e+01 3.572661999999999694e+01 3.569109999999999872e+01 3.564596000000000231e+01 3.562664999999999793e+01 3.562912000000000035e+01 3.565328999999999837e+01 3.570570000000000022e+01 3.575115000000000265e+01 3.575225999999999971e+01 3.570913000000000181e+01 3.565858999999999668e+01 3.563580000000000325e+01 3.563483000000000089e+01 3.565572000000000230e+01 3.570356000000000307e+01 3.574329000000000178e+01 3.573913000000000295e+01 3.569100000000000250e+01 3.563685999999999865e+01 3.561186000000000007e+01 3.560884000000000071e+01 3.562794000000000239e+01 3.567343999999999937e+01 3.571029000000000053e+01 3.570344000000000051e+01 3.565270000000000294e+01 3.559669999999999845e+01 3.557066999999999979e+01 3.556689000000000078e+01 3.558550000000000324e+01 3.563069000000000131e+01 3.566729999999999734e+01 3.566040999999999883e+01 3.560985999999999763e+01 3.555422000000000082e+01 3.552881000000000000e+01 3.552602999999999867e+01 3.554599999999999937e+01 3.559373000000000076e+01 3.563396000000000186e+01 3.563083000000000311e+01 3.558422000000000196e+01 3.553159999999999741e+01 3.550825999999999993e+01 3.550759000000000043e+01 3.552958000000000283e+01 3.558004999999999995e+01 3.562355000000000160e+01 3.562310999999999694e+01 3.557862999999999687e+01 3.552723000000000297e+01 3.550437999999999761e+01 3.550390000000000157e+01 3.552582999999999913e+01 3.557583999999999946e+01 3.561845000000000283e+01 3.561697999999999809e+01 3.557144000000000261e+01 3.551932999999999652e+01 3.549616999999999933e+01 3.549558999999999997e+01 3.551764000000000010e+01 3.556821000000000055e+01 3.561193999999999704e+01 3.561193999999999704e+01 3.556821000000000055e+01 3.551764000000000010e+01 3.549558999999999997e+01 3.549616999999999933e+01 3.551932999999999652e+01 3.557144000000000261e+01 3.561697999999999809e+01 3.561845000000000283e+01 3.557583999999999946e+01 3.552582999999999913e+01 3.550390000000000157e+01 3.550437999999999761e+01 3.552723000000000297e+01 3.557862999999999687e+01 3.562310999999999694e+01 3.562355000000000160e+01 3.558004999999999995e+01 3.552958000000000283e+01 3.550759000000000043e+01 3.550825999999999993e+01 3.553159999999999741e+01 3.558422000000000196e+01 3.563083000000000311e+01 3.563396000000000186e+01 3.559373000000000076e+01 3.554599999999999937e+01 3.552602999999999867e+01 3.552881000000000000e+01 3.555422000000000082e+01 3.560985999999999763e+01 3.566040999999999883e+01 3.566729999999999734e+01 3.563069000000000131e+01 3.558550000000000324e+01 3.556689000000000078e+01 3.557066999999999979e+01 3.559669999999999845e+01 3.565270000000000294e+01 3.570344000000000051e+01 3.571029000000000053e+01 3.567343999999999937e+01 3.562794000000000239e+01 3.560884000000000071e+01 3.561186000000000007e+01 3.563685999999999865e+01 3.569100000000000250e+01 3.573913000000000295e+01 3.574329000000000178e+01 3.570356000000000307e+01 3.565572000000000230e+01 3.563483000000000089e+01 3.563580000000000325e+01 3.565858999999999668e+01 3.570913000000000181e+01 3.575225999999999971e+01 3.575115000000000265e+01 3.570570000000000022e+01 3.565328999999999837e+01 3.562912000000000035e+01 3.562664999999999793e+01 3.564596000000000231e+01 3.569109999999999872e+01 3.572661999999999694e+01 3.571715999999999980e+01 3.566205999999999676e+01 3.560134999999999650e+01 3.557036999999999694e+01 3.555850999999999829e+01
3.556649000000000171e+01 3.557849999999999824e+01 3.560976999999999748e+01 3.567099000000000331e+01 3.572661999999999694e+01 3.573617999999999739e+01 3.570031999999999783e+01 3.565480999999999767e+01 3.563530999999999693e+01 3.563774000000000086e+01 3.566201000000000221e+01 3.571468000000000131e+01 3.576035000000000252e+01 3.576129000000000246e+01 3.571761000000000053e+01 3.566655000000000086e+01 3.564347999999999672e+01 3.564236999999999966e+01 3.566326999999999714e+01 3.571123000000000047e+01 3.575103000000000009e+01 3.574660999999999689e+01 3.569785999999999859e+01 3.564318000000000097e+01 3.561787000000000347e+01 3.561467999999999989e+01 3.563374000000000308e+01 3.567929000000000173e+01 3.571611999999999654e+01 3.570893999999999835e+01 3.565758000000000294e+01 3.560101000000000226e+01 3.557464000000000226e+01 3.557061999999999813e+01 3.558910000000000196e+01 3.563418000000000063e+01 3.567058000000000106e+01 3.566324000000000183e+01 3.561202999999999719e+01 3.555584000000000344e+01 3.553014000000000294e+01 3.552718999999999738e+01 3.554711000000000354e+01 3.559492000000000189e+01 3.563530000000000086e+01 3.563221999999999667e+01 3.558556999999999704e+01 3.553291999999999717e+01 3.550966999999999985e+01 3.550921000000000305e+01 3.553150999999999726e+01 3.558252000000000237e+01 3.562664000000000186e+01 3.562653999999999854e+01 3.558209999999999695e+01 3.553063999999999822e+01 3.550773999999999830e+01 3.550730000000000075e+01 3.552931999999999846e+01 3.557945999999999742e+01 3.562212999999999852e+01 3.562039000000000044e+01 3.557430000000000092e+01 3.552172000000000196e+01 3.549828999999999724e+01 3.549756000000000000e+01 3.551955999999999847e+01 3.557023000000000224e+01 3.561408999999999736e+01 3.561408999999999736e+01 3.557023000000000224e+01 3.551955999999999847e+01 3.549756000000000000e+01 3.549828999999999724e+01 3.552172000000000196e+01 3.557430000000000092e+01 3.562039000000000044e+01 3.562212999999999852e+01 3.557945999999999742e+01 3.552931999999999846e+01 3.550730000000000075e+01 3.550773999999999830e+01 3.553063999999999822e+01 3.558209999999999695e+01 3.562653999999999854e+01 3.562664000000000186e+01 3.558252000000000237e+01 3.553150999999999726e+01 3.550921000000000305e+01 3.550966999999999985e+01 3.553291999999999717e+01 3.558556999999999704e+01 3.563221999999999667e+01 3.563530000000000086e+01 3.559492000000000189e+01 3.554711000000000354e+01 3.552718999999999738e+01 3.553014000000000294e+01 3.555584000000000344e+01 3.561202999999999719e+01 3.566324000000000183e+01 3.567058000000000106e+01 3.563418000000000063e+01 3.558910000000000196e+01 3.557061999999999813e+01 3.557464000000000226e+01 3.560101000000000226e+01 3.565758000000000294e+01 3.570893999999999835e+01 3.571611999999999654e+01 3.567929000000000173e+01 3.563374000000000308e+01 3.561467999999999989e+01 3.561787000000000347e+01 3.564318000000000097e+01 3.569785999999999859e+01 3.574660999999999689e+01 3.575103000000000009e+01 3.571123000000000047e+01 3.566326999999999714e+01 3.564236999999999966e+01 3.564347999999999672e+01 3.566655000000000086e+01 3.571761000000000053e+01 3.576129000000000246e+01 3.576035000000000252e+01 3.571468000000000131e+01 3.566201000000000221e+01 3.563774000000000086e+01 3.563530999999999693e+01 3.565480999999999767e+01 3.570031999999999783e+01 3.573617999999999739e+01 3.572661999999999694e+01 3.567099000000000331e+01 3.560976999999999748e+01 3.557849999999999824e+01 3.556649000000000171e+01
3.556674000000000291e+01 3.557665000000000077e+01 3.560179999999999723e+01 3.564856000000000336e+01 3.569109999999999872e+01 3.570031999999999783e+01 3.567663999999999902e+01 3.564497000000000071e+01 3.563098999999999705e+01 3.563349000000000188e+01 3.565243000000000251e+01 3.569116000000000355e+01 3.572422000000000253e+01 3.572493000000000052e+01 3.569339000000000084e+01 3.565597999999999956e+01 3.563810000000000144e+01 3.563676000000000244e+01 3.565200000000000102e+01 3.568581999999999965e+01 3.571296999999999855e+01 3.570828999999999809e+01 3.567177000000000220e+01 3.563074999999999903e+01 3.561050000000000182e+01 3.560692000000000235e+01 3.562010000000000076e+01 3.565129999999999910e+01 3.567540000000000333e+01 3.566798000000000002e+01 3.562895000000000323e+01 3.558615000000000350e+01 3.556479999999999819e+01 3.556025999999999954e+01 3.557262999999999664e+01 3.560298999999999836e+01 3.562630999999999659e+01 3.561852999999999980e+01 3.557965999999999696e+01 3.553741000000000128e+01 3.551686999999999728e+01 3.551351999999999975e+01 3.552745000000000175e+01 3.556063000000000329e+01 3.558821999999999974e+01 3.558529000000000053e+01 3.555172000000000310e+01 3.551379000000000019e+01 3.549640000000000128e+01 3.549620000000000175e+01 3.551315999999999917e+01 3.555019999999999669e+01 3.558209000000000088e+01 3.558250000000000313e+01 3.555120000000000147e+01 3.551429999999999865e+01 3.549707999999999686e+01 3.549663999999999930e+01 3.551299999999999812e+01 3.554867999999999739e+01 3.557835000000000036e+01 3.557627000000000095e+01 3.554256000000000171e+01 3.550401000000000096e+01 3.548590999999999696e+01 3.548490999999999929e+01 3.550106000000000250e+01 3.553710999999999842e+01 3.556804000000000343e+01 3.556804000000000343e+01 3.553710999999999842e+01 3.550106000000000250e+01 3.548490999999999929e+01 3.548590999999999696e+01 3.550401000000000096e+01 3.554256000000000171e+01 3.557627000000000095e+01 3.557835000000000036e+01 3.554867999999999739e+01 3.551299999999999812e+01 3.549663999999999930e+01 3.549707999999999686e+01 3.551429999999999865e+01 3.555120000000000147e+01 3.558250000000000313e+01 3.558209000000000088e+01 3.555019999999999669e+01 3.551315999999999917e+01 3.549620000000000175e+01 3.549640000000000128e+01 3.551379000000000019e+01 3.555172000000000310e+01 3.558529000000000053e+01 3.558821999999999974e+01 3.556063000000000329e+01 3.552745000000000175e+01 3.551351999999999975e+01 3.551686999999999728e+01 3.553741000000000128e+01 3.557965999999999696e+01 3.561852999999999980e+01 3.562630999999999659e+01 3.560298999999999836e+01 3.557262999999999664e+01 3.556025999999999954e+01 3.556479999999999819e+01 3.558615000000000350e+01 3.562895000000000323e+01 3.566798000000000002e+01 3.567540000000000333e+01 3.565129999999999910e+01 3.562010000000000076e+01 3.560692000000000235e+01 3.561050000000000182e+01 3.563074999999999903e+01 3.567177000000000220e+01 3.570828999999999809e+01 3.571296999999999855e+01 3.568581999999999965e+01 3.565200000000000102e+01 3.563676000000000244e+01 3.563810000000000144e+01 3.565597999999999956e+01 3.569339000000000084e+01 3.572493000000000052e+01 3.572422000000000253e+01 3.569116000000000355e+01 3.565243000000000251e+01 3.563349000000000188e+01 3.563098999999999705e+01 3.564497000000000071e+01 3.567663999999999902e+01 3.570031999999999783e+01 3.569109999999999872e+01 3.564856000000000336e+01 3.560179999999999723e+01 3.557665000000000077e+01 3.556674000000000291e+01
3.556430000000000291e+01 3.557177000000000078e+01 3.558939999999999770e+01 3.561852999999999980e+01 3.564596000000000231e+01 3.565480999999999767e+01 3.564497000000000071e+01 3.563006000000000029e+01 3.562301000000000073e+01 3.562561000000000178e+01 3.563794000000000040e+01 3.565981000000000023e+01 3.567848000000000042e+01 3.567896999999999963e+01 3.566136999999999802e+01 3.564050000000000296e+01 3.562908000000000186e+01 3.562751000000000090e+01 3.563577000000000083e+01 3.565261999999999887e+01 3.566548999999999836e+01 3.566058999999999912e+01 3.563808999999999827e+01 3.561355999999999966e+01 3.559953999999999752e+01 3.559555000000000291e+01 3.560152000000000072e+01 3.561565999999999832e+01 3.562552999999999770e+01 3.561789999999999878e+01 3.559297999999999718e+01 3.556669999999999732e+01 3.555145999999999873e+01 3.554637000000000313e+01 3.555133000000000010e+01 3.556437999999999988e+01 3.557321999999999917e+01 3.556501999999999697e+01 3.554010000000000247e+01 3.551435000000000031e+01 3.549998000000000076e+01 3.549620000000000175e+01 3.550292999999999921e+01 3.551899999999999835e+01 3.553240999999999872e+01 3.552962999999999738e+01 3.551062999999999903e+01 3.548993000000000109e+01 3.547954000000000008e+01 3.547961000000000098e+01 3.549009999999999820e+01 3.551060999999999979e+01 3.552873999999999910e+01 3.552964999999999662e+01 3.551306999999999903e+01 3.549338000000000193e+01 3.548304000000000258e+01 3.548261000000000109e+01 3.549208000000000141e+01 3.551060999999999979e+01 3.552573999999999899e+01 3.552329999999999899e+01 3.550352999999999781e+01 3.548160000000000025e+01 3.546994000000000113e+01 3.546864999999999668e+01 3.547775000000000034e+01 3.549662000000000006e+01 3.551315999999999917e+01 3.551315999999999917e+01 3.549662000000000006e+01 3.547775000000000034e+01 3.546864999999999668e+01 3.546994000000000113e+01 3.548160000000000025e+01 3.550352999999999781e+01 3.552329999999999899e+01 3.552573999999999899e+01 3.551060999999999979e+01 3.549208000000000141e+01 3.548261000000000109e+01 3.548304000000000258e+01 3.549338000000000193e+01 3.551306999999999903e+01 3.552964999999999662e+01 3.552873999999999910e+01 3.551060999999999979e+01 3.549009999999999820e+01 3.547961000000000098e+01 3.547954000000000008e+01 3.548993000000000109e+01 3.551062999999999903e+01 3.552962999999999738e+01 3.553240999999999872e+01 3.551899999999999835e+01 3.550292999999999921e+01 3.549620000000000175e+01 3.549998000000000076e+01 3.551435000000000031e+01 3.554010000000000247e+01 3.556501999999999697e+01 3.557321999999999917e+01 3.556437999999999988e+01 3.555133000000000010e+01 3.554637000000000313e+01 3.555145999999999873e+01 3.556669999999999732e+01 3.559297999999999718e+01 3.561789999999999878e+01 3.562552999999999770e+01 3.561565999999999832e+01 3.560152000000000072e+01 3.559555000000000291e+01 3.559953999999999752e+01 3.561355999999999966e+01 3.563808999999999827e+01 3.566058999999999912e+01 3.566548999999999836e+01 3.565261999999999887e+01 3.563577000000000083e+01 3.562751000000000090e+01 3.562908000000000186e+01 3.564050000000000296e+01 3.566136999999999802e+01 3.567896999999999963e+01 3.567848000000000042e+01 3.565981000000000023e+01 3.563794000000000040e+01 3.562561000000000178e+01 3.562301000000000073e+01 3.563006000000000029e+01 3.564497000000000071e+01 3.565480999999999767e+01 3.564596000000000231e+01 3.561852999999999980e+01 3.558939999999999770e+01 3.557177000000000078e+01 3.556430000000000291e+01
3.556380999999999659e+01 3.556994000000000256e+01 3.558377000000000123e+01 3.560542000000000229e+01 3.562664999999999793e+01 3.563530999999999693e+01 3.563098999999999705e+01 3.562301000000000073e+01 3.561932999999999794e+01 3.562196999999999747e+01 3.563103000000000264e+01 3.564585000000000292e+01 3.565865000000000151e+01 3.565894999999999726e+01 3.564681999999999817e+01 3.563268999999999664e+01 3.562433000000000050e+01 3.562257000000000318e+01 3.562738999999999834e+01 3.563718999999999681e+01 3.564428000000000196e+01 3.563913999999999760e+01 3.562203000000000230e+01 3.560407000000000011e+01 3.559290000000000020e+01 3.558861999999999881e+01 3.559111000000000047e+01 3.559828999999999866e+01 3.560249000000000308e+01 3.559463000000000221e+01 3.557504000000000133e+01 3.555516999999999683e+01 3.554263999999999868e+01 3.553716000000000008e+01 3.553856999999999999e+01 3.554464000000000112e+01 3.554771999999999821e+01 3.553905000000000314e+01 3.551910999999999774e+01 3.549943999999999988e+01 3.548763999999999896e+01 3.548349000000000331e+01 3.548693000000000097e+01 3.549642000000000053e+01 3.550455000000000183e+01 3.550186000000000064e+01 3.548841999999999786e+01 3.547444000000000131e+01 3.546728999999999843e+01 3.546764999999999901e+01 3.547543999999999897e+01 3.548984999999999701e+01 3.550309000000000026e+01 3.550448999999999700e+01 3.549376000000000175e+01 3.548096999999999923e+01 3.547384000000000270e+01 3.547341999999999729e+01 3.547968999999999795e+01 3.549139000000000266e+01 3.550077999999999889e+01 3.549795000000000300e+01 3.548322000000000287e+01 3.546748999999999796e+01 3.545855999999999852e+01 3.545698999999999756e+01 3.546282000000000068e+01 3.547500000000000142e+01 3.548606000000000193e+01 3.548606000000000193e+01 3.547500000000000142e+01 3.546282000000000068e+01 3.545698999999999756e+01 3.545855999999999852e+01 3.546748999999999796e+01 3.548322000000000287e+01 3.549795000000000300e+01 3.550077999999999889e+01 3.549139000000000266e+01 3.547968999999999795e+01 3.547341999999999729e+01 3.547384000000000270e+01 3.548096999999999923e+01 3.549376000000000175e+01 3.550448999999999700e+01 3.550309000000000026e+01 3.548984999999999701e+01 3.547543999999999897e+01 3.546764999999999901e+01 3.546728999999999843e+01 3.547444000000000131e+01 3.548841999999999786e+01 3.550186000000000064e+01 3.550455000000000183e+01 3.549642000000000053e+01 3.548693000000000097e+01 3.548349000000000331e+01 3.548763999999999896e+01 3.549943999999999988e+01 3.551910999999999774e+01 3.553905000000000314e+01 3.554771999999999821e+01 3.554464000000000112e+01 3.553856999999999999e+01 3.553716000000000008e+01 3.554263999999999868e+01 3.555516999999999683e+01 3.557504000000000133e+01 3.559463000000000221e+01 3.560249000000000308e+01 3.559828999999999866e+01 3.559111000000000047e+01 3.558861999999999881e+01 3.559290000000000020e+01 3.560407000000000011e+01 3.562203000000000230e+01 3.563913999999999760e+01 3.564428000000000196e+01 3.563718999999999681e+01 3.562738999999999834e+01 3.562257000000000318e+01 3.562433000000000050e+01 3.563268999999999664e+01 3.564681999999999817e+01 3.565894999999999726e+01 3.565865000000000151e+01 3.564585000000000292e+01 3.563103000000000264e+01 3.562196999999999747e+01 3.561932999999999794e+01 3.562301000000000073e+01 3.563098999999999705e+01 3.563530999999999693e+01 3.562664999999999793e+01 3.560542000000000229e+01 3.558377000000000123e+01 3.556994000000000256e+01 3.556380999999999659e+01
3.556683999999999912e+01 3.557291000000000025e+01 3.558662000000000347e+01 3.560806999999999789e+01 3.562912000000000035e+01 3.563774000000000086e+01 3.563349000000000188e+01 3.562561000000000178e+01 3.562196999999999747e+01 3.562454000000000320e+01 3.563344000000000023e+01 3.564797999999999689e+01 3.566049000000000291e+01 3.566058000000000305e+01 3.564829999999999899e+01 3.563407999999999731e+01 3.562561000000000178e+01 3.562371000000000265e+01 3.562832000000000221e+01 3.563783999999999708e+01 3.564457000000000164e+01 3.563909000000000304e+01 3.562163999999999930e+01 3.560338999999999743e+01 3.559201000000000192e+01 3.558756000000000341e+01 3.558990000000000009e+01 3.559691999999999723e+01 3.560085000000000122e+01 3.559264000000000294e+01 3.557256999999999891e+01 3.555225000000000080e+01 3.553938000000000130e+01 3.553365999999999758e+01 3.553491000000000355e+01 3.554077999999999804e+01 3.554346000000000316e+01 3.553410000000000224e+01 3.551319000000000159e+01 3.549260999999999910e+01 3.548022999999999882e+01 3.547579000000000349e+01 3.547923999999999722e+01 3.548899000000000115e+01 3.549741000000000213e+01 3.549481999999999715e+01 3.548127999999999815e+01 3.546717999999999904e+01 3.546011000000000024e+01 3.546081999999999823e+01 3.546923999999999921e+01 3.548454999999999870e+01 3.549873999999999796e+01 3.550077999999999889e+01 3.549034999999999940e+01 3.547764000000000095e+01 3.547050999999999732e+01 3.547012000000000143e+01 3.547643999999999664e+01 3.548812999999999818e+01 3.549730000000000274e+01 3.549394000000000204e+01 3.547838000000000136e+01 3.546184999999999832e+01 3.545237999999999801e+01 3.545051000000000130e+01 3.545629000000000275e+01 3.546860999999999819e+01 3.547984000000000293e+01 3.547984000000000293e+01 3.546860999999999819e+01 3.545629000000000275e+01 3.545051000000000130e+01 3.545237999999999801e+01 3.546184999999999832e+01 3.547838000000000136e+01 3.549394000000000204e+01 3.549730000000000274e+01 3.548812999999999818e+01 3.547643999999999664e+01 3.547012000000000143e+01 3.547050999999999732e+01 3.547764000000000095e+01 3.549034999999999940e+01 3.550077999999999889e+01 3.549873999999999796e+01 3.548454999999999870e+01 3.546923999999999921e+01 3.546081999999999823e+01 3.546011000000000024e+01 3.546717999999999904e+01 3.548127999999999815e+01 3.549481999999999715e+01 3.549741000000000213e+01 3.548899000000000115e+01 3.547923999999999722e+01 3.547579000000000349e+01 3.548022999999999882e+01 3.549260999999999910e+01 3.551319000000000159e+01 3.553410000000000224e+01 3.554346000000000316e+01 3.554077999999999804e+01 3.553491000000000355e+01 3.553365999999999758e+01 3.553938000000000130e+01 3.555225000000000080e+01 3.557256999999999891e+01 3.559264000000000294e+01 3.560085000000000122e+01 3.559691999999999723e+01 3.558990000000000009e+01 3.558756000000000341e+01 3.559201000000000192e+01 3.560338999999999743e+01 3.562163999999999930e+01 3.563909000000000304e+01 3.564457000000000164e+01 3.563783999999999708e+01 3.562832000000000221e+01 3.562371000000000265e+01 3.562561000000000178e+01 3.563407999999999731e+01 3.564829999999999899e+01 3.566058000000000305e+01 3.566049000000000291e+01 3.564797999999999689e+01 3.563344000000000023e+01 3.562454000000000320e+01 3.562196999999999747e+01 3.562561000000000178e+01 3.563349000000000188e+01 3.563774000000000086e+01 3.562912000000000035e+01 3.560806999999999789e+01 3.558662000000000347e+01 3.557291000000000025e+01 3.556683999999999912e+01
3.557343000000000188e+01 3.558077000000000112e+01 3.559799999999999898e+01 3.562642000000000309e+01 3.565328999999999837e+01 3.566201000000000221e+01 3.565243000000000251e+01 3.563794000000000040e+01 3.563103000000000264e+01 3.563344000000000023e+01 3.564524999999999721e+01 3.566620999999999952e+01 3.568395000000000294e+01 3.568379999999999797e+01 3.566579000000000121e+01 3.564470000000000027e+01 3.563300999999999874e+01 3.563098999999999705e+01 3.563862999999999914e+01 3.565456999999999965e+01 3.566637000000000057e+01 3.566046000000000049e+01 3.563689999999999714e+01 3.561149000000000342e+01 3.559685000000000343e+01 3.559232999999999691e+01 3.559788999999999959e+01 3.561157000000000039e+01 3.562068000000000012e+01 3.561200000000000188e+01 3.558559999999999945e+01 3.555783999999999878e+01 3.554158000000000328e+01 3.553576000000000334e+01 3.554030000000000200e+01 3.555290000000000106e+01 3.556060000000000088e+01 3.555037000000000091e+01 3.552241000000000071e+01 3.549363999999999919e+01 3.547742999999999824e+01 3.547274000000000171e+01 3.547959999999999781e+01 3.549676999999999794e+01 3.551113000000000142e+01 3.550862000000000052e+01 3.548924000000000234e+01 3.546791000000000338e+01 3.545768000000000342e+01 3.545886000000000138e+01 3.547129000000000332e+01 3.549479000000000184e+01 3.551590000000000202e+01 3.551868999999999943e+01 3.550298000000000087e+01 3.548340000000000316e+01 3.547301999999999822e+01 3.547267000000000081e+01 3.548232000000000141e+01 3.550095000000000312e+01 3.551547000000000054e+01 3.551145000000000351e+01 3.548908999999999736e+01 3.546450000000000102e+01 3.545114000000000232e+01 3.544890999999999792e+01 3.545792999999999751e+01 3.547749999999999915e+01 3.549457000000000306e+01 3.549457000000000306e+01 3.547749999999999915e+01 3.545792999999999751e+01 3.544890999999999792e+01 3.545114000000000232e+01 3.546450000000000102e+01 3.548908999999999736e+01 3.551145000000000351e+01 3.551547000000000054e+01 3.550095000000000312e+01 3.548232000000000141e+01 3.547267000000000081e+01 3.547301999999999822e+01 3.548340000000000316e+01 3.550298000000000087e+01 3.551868999999999943e+01 3.551590000000000202e+01 3.549479000000000184e+01 3.547129000000000332e+01 3.545886000000000138e+01 3.545768000000000342e+01 3.546791000000000338e+01 3.548924000000000234e+01 3.550862000000000052e+01 3.551113000000000142e+01 3.549676999999999794e+01 3.547959999999999781e+01 3.547274000000000171e+01 3.547742999999999824e+01 3.549363999999999919e+01 3.552241000000000071e+01 3.555037000000000091e+01 3.556060000000000088e+01 3.555290000000000106e+01 3.554030000000000200e+01 3.553576000000000334e+01 3.554158000000000328e+01 3.555783999999999878e+01 3.558559999999999945e+01 3.561200000000000188e+01 3.562068000000000012e+01 3.561157000000000039e+01 3.559788999999999959e+01 3.559232999999999691e+01 3.559685000000000343e+01 3.561149000000000342e+01 3.563689999999999714e+01 3.566046000000000049e+01 3.566637000000000057e+01 3.565456999999999965e+01 3.563862999999999914e+01 3.563098999999999705e+01 3.563300999999999874e+01 3.564470000000000027e+01 3.566579000000000121e+01 3.568379999999999797e+01 3.568395000000000294e+01 3.566620999999999952e+01 3.564524999999999721e+01 3.563344000000000023e+01 3.563103000000000264e+01 3.563794000000000040e+01 3.565243000000000251e+01 3.566201000000000221e+01 3.565328999999999837e+01 3.562642000000000309e+01 3.559799999999999898e+01 3.558077000000000112e+01 3.557343000000000188e+01
