1.067204000000000086e+01 1.065138999999999925e+01 1.060214000000000034e+01 1.053101999999999983e+01 1.046856000000000009e+01 1.044860000000000078e+01 1.046949000000000041e+01 1.050181000000000076e+01 1.051739000000000068e+01 1.050810000000000066e+01 1.047420999999999935e+01 1.042094999999999949e+01 1.037650999999999968e+01 1.037195000000000000e+01 1.040679000000000087e+01 1.045073999999999970e+01 1.047592000000000034e+01 1.047583999999999982e+01 1.045045999999999964e+01 1.040607999999999933e+01 1.037030999999999992e+01 1.037317000000000000e+01 1.041480999999999923e+01 1.046453999999999951e+01 1.049452999999999925e+01 1.049910999999999994e+01 1.047805999999999926e+01 1.043815999999999988e+01 1.040671000000000035e+01 1.041315999999999953e+01 1.045792999999999928e+01 1.051013999999999982e+01 1.054208000000000034e+01 1.054842000000000013e+01 1.052884000000000064e+01 1.049024000000000001e+01 1.045961999999999925e+01 1.046615000000000073e+01 1.051026000000000060e+01 1.056127000000000038e+01 1.059176000000000073e+01 1.059632000000000041e+01 1.057469999999999999e+01 1.053341999999999956e+01 1.049934999999999974e+01 1.050189999999999912e+01 1.054130999999999929e+01 1.058763000000000076e+01 1.061383000000000010e+01 1.061402000000000001e+01 1.058826000000000001e+01 1.054271999999999920e+01 1.050481000000000087e+01 1.050472000000000072e+01 1.054252999999999929e+01 1.058816999999999986e+01 1.061420999999999992e+01 1.061454999999999949e+01 1.058918000000000070e+01 1.054432000000000080e+01 1.050742999999999938e+01 1.050853000000000037e+01 1.054763999999999946e+01 1.059445000000000014e+01 1.062142000000000053e+01 1.062256000000000000e+01 1.059777000000000058e+01 1.055320000000000036e+01 1.051598000000000077e+01 1.051598000000000077e+01 1.055320000000000036e+01 1.059777000000000058e+01 1.062256000000000000e+01 1.062142000000000053e+01 1.059445000000000014e+01 1.054763999999999946e+01 1.050853000000000037e+01 1.050742999999999938e+01 1.054432000000000080e+01 1.058918000000000070e+01 1.061454999999999949e+01 1.061420999999999992e+01 1.058816999999999986e+01 1.054252999999999929e+01 1.050472000000000072e+01 1.050481000000000087e+01 1.054271999999999920e+01 1.058826000000000001e+01 1.061402000000000001e+01 1.061383000000000010e+01 1.058763000000000076e+01 1.054130999999999929e+01 1.050189999999999912e+01 1.049934999999999974e+01 1.053341999999999956e+01 1.057469999999999999e+01 1.059632000000000041e+01 1.059176000000000073e+01 1.056127000000000038e+01 1.051026000000000060e+01 1.046615000000000073e+01 1.045961999999999925e+01 1.049024000000000001e+01 1.052884000000000064e+01 1.054842000000000013e+01 1.054208000000000034e+01 1.051013999999999982e+01 1.045792999999999928e+01 1.041315999999999953e+01 1.040671000000000035e+01 1.043815999999999988e+01 1.047805999999999926e+01 1.049910999999999994e+01 1.049452999999999925e+01 1.046453999999999951e+01 1.041480999999999923e+01 1.037317000000000000e+01 1.037030999999999992e+01 1.040607999999999933e+01 1.045045999999999964e+01 1.047583999999999982e+01 1.047592000000000034e+01 1.045073999999999970e+01 1.040679000000000087e+01 1.037195000000000000e+01 1.037650999999999968e+01 1.042094999999999949e+01 1.047420999999999935e+01 1.050810000000000066e+01 1.051739000000000068e+01 1.050181000000000076e+01 1.046949000000000041e+01 1.044860000000000078e+01 1.046856000000000009e+01 1.053101999999999983e+01 1.060214000000000034e+01 1.065138999999999925e+01 1.067204000000000086e+01
1.065138999999999925e+01 1.062603999999999971e+01 1.056452999999999953e+01 1.047735999999999912e+01 1.040639999999999965e+01 1.038665999999999912e+01 1.041616999999999926e+01 1.046322999999999936e+01 1.048804999999999943e+01 1.047850999999999999e+01 1.043491000000000035e+01 1.036680999999999919e+01 1.031408000000000058e+01 1.030964999999999954e+01 1.035299000000000014e+01 1.041178000000000026e+01 1.044646000000000008e+01 1.044640000000000057e+01 1.041155000000000008e+01 1.035238999999999976e+01 1.030817000000000050e+01 1.031098000000000070e+01 1.036098999999999926e+01 1.042553999999999981e+01 1.046514999999999951e+01 1.046987000000000023e+01 1.043943999999999939e+01 1.038479000000000063e+01 1.034481000000000073e+01 1.035111999999999988e+01 1.040419999999999945e+01 1.047124999999999950e+01 1.051285000000000025e+01 1.051937000000000033e+01 1.049047000000000018e+01 1.043712000000000018e+01 1.039797000000000082e+01 1.040437999999999974e+01 1.045682000000000045e+01 1.052266000000000012e+01 1.056278000000000006e+01 1.056747000000000014e+01 1.053649000000000058e+01 1.048047000000000040e+01 1.043790000000000084e+01 1.044039000000000073e+01 1.048817000000000021e+01 1.054923999999999928e+01 1.058489999999999931e+01 1.058506000000000036e+01 1.054975999999999914e+01 1.048936999999999919e+01 1.044298999999999999e+01 1.044285999999999959e+01 1.048908999999999914e+01 1.054954000000000036e+01 1.058510000000000062e+01 1.058544000000000018e+01 1.055056000000000083e+01 1.049089000000000027e+01 1.044555000000000078e+01 1.044664999999999999e+01 1.049421000000000070e+01 1.055585999999999913e+01 1.059239999999999959e+01 1.059360000000000035e+01 1.055936999999999948e+01 1.050001999999999924e+01 1.045437000000000083e+01 1.045437000000000083e+01 1.050001999999999924e+01 1.055936999999999948e+01 1.059360000000000035e+01 1.059239999999999959e+01 1.055585999999999913e+01 1.049421000000000070e+01 1.044664999999999999e+01 1.044555000000000078e+01 1.049089000000000027e+01 1.055056000000000083e+01 1.058544000000000018e+01 1.058510000000000062e+01 1.054954000000000036e+01 1.048908999999999914e+01 1.044285999999999959e+01 1.044298999999999999e+01 1.048936999999999919e+01 1.054975999999999914e+01 1.058506000000000036e+01 1.058489999999999931e+01 1.054923999999999928e+01 1.048817000000000021e+01 1.044039000000000073e+01 1.043790000000000084e+01 1.048047000000000040e+01 1.053649000000000058e+01 1.056747000000000014e+01 1.056278000000000006e+01 1.052266000000000012e+01 1.045682000000000045e+01 1.040437999999999974e+01 1.039797000000000082e+01 1.043712000000000018e+01 1.049047000000000018e+01 1.051937000000000033e+01 1.051285000000000025e+01 1.047124999999999950e+01 1.040419999999999945e+01 1.035111999999999988e+01 1.034481000000000073e+01 1.038479000000000063e+01 1.043943999999999939e+01 1.046987000000000023e+01 1.046514999999999951e+01 1.042553999999999981e+01 1.036098999999999926e+01 1.031098000000000070e+01 1.030817000000000050e+01 1.035238999999999976e+01 1.041155000000000008e+01 1.044640000000000057e+01 1.044646000000000008e+01 1.041178000000000026e+01 1.035299000000000014e+01 1.030964999999999954e+01 1.031408000000000058e+01 1.036680999999999919e+01 1.043491000000000035e+01 1.047850999999999999e+01 1.048804999999999943e+01 1.046322999999999936e+01 1.041616999999999926e+01 1.038665999999999912e+01 1.040639999999999965e+01 1.047735999999999912e+01 1.056452999999999953e+01 1.062603999999999971e+01 1.065138999999999925e+01
1.060214000000000034e+01 1.056452999999999953e+01 1.046360999999999919e+01 1.032131000000000043e+01 1.023057999999999979e+01 1.021143999999999963e+01 1.026210000000000022e+01 1.036137000000000086e+01 1.041741000000000028e+01 1.040717000000000070e+01 1.033075000000000010e+01 1.021012999999999948e+01 1.013757000000000019e+01 1.013348000000000049e+01 1.019740000000000002e+01 1.030868000000000073e+01 1.037551999999999985e+01 1.037550000000000061e+01 1.030860000000000021e+01 1.019707999999999970e+01 1.013244000000000078e+01 1.013512000000000057e+01 1.020523999999999987e+01 1.032226999999999961e+01 1.039441000000000059e+01 1.039949999999999974e+01 1.033736999999999995e+01 1.023040999999999912e+01 1.016967999999999961e+01 1.017563999999999957e+01 1.024863999999999997e+01 1.036818000000000062e+01 1.044251000000000040e+01 1.044955000000000034e+01 1.038907000000000025e+01 1.028348000000000084e+01 1.022352000000000061e+01 1.022962000000000060e+01 1.030207000000000050e+01 1.042037999999999975e+01 1.049311999999999934e+01 1.049821000000000026e+01 1.043548999999999971e+01 1.032722000000000051e+01 1.026399999999999935e+01 1.026629999999999932e+01 1.033431000000000033e+01 1.044764999999999944e+01 1.051540999999999926e+01 1.051547000000000054e+01 1.044786999999999999e+01 1.033493999999999957e+01 1.026805000000000057e+01 1.026783999999999963e+01 1.033441999999999972e+01 1.044731999999999950e+01 1.051509000000000071e+01 1.051544999999999952e+01 1.044838999999999984e+01 1.033624000000000009e+01 1.027045000000000030e+01 1.027154999999999951e+01 1.033952000000000027e+01 1.045373000000000019e+01 1.052266000000000012e+01 1.052402999999999977e+01 1.045776000000000039e+01 1.034608000000000061e+01 1.028001000000000076e+01 1.028001000000000076e+01 1.034608000000000061e+01 1.045776000000000039e+01 1.052402999999999977e+01 1.052266000000000012e+01 1.045373000000000019e+01 1.033952000000000027e+01 1.027154999999999951e+01 1.027045000000000030e+01 1.033624000000000009e+01 1.044838999999999984e+01 1.051544999999999952e+01 1.051509000000000071e+01 1.044731999999999950e+01 1.033441999999999972e+01 1.026783999999999963e+01 1.026805000000000057e+01 1.033493999999999957e+01 1.044786999999999999e+01 1.051547000000000054e+01 1.051540999999999926e+01 1.044764999999999944e+01 1.033431000000000033e+01 1.026629999999999932e+01 1.026399999999999935e+01 1.032722000000000051e+01 1.043548999999999971e+01 1.049821000000000026e+01 1.049311999999999934e+01 1.042037999999999975e+01 1.030207000000000050e+01 1.022962000000000060e+01 1.022352000000000061e+01 1.028348000000000084e+01 1.038907000000000025e+01 1.044955000000000034e+01 1.044251000000000040e+01 1.036818000000000062e+01 1.024863999999999997e+01 1.017563999999999957e+01 1.016967999999999961e+01 1.023040999999999912e+01 1.033736999999999995e+01 1.039949999999999974e+01 1.039441000000000059e+01 1.032226999999999961e+01 1.020523999999999987e+01 1.013512000000000057e+01 1.013244000000000078e+01 1.019707999999999970e+01 1.030860000000000021e+01 1.037550000000000061e+01 1.037551999999999985e+01 1.030868000000000073e+01 1.019740000000000002e+01 1.013348000000000049e+01 1.013757000000000019e+01 1.021012999999999948e+01 1.033075000000000010e+01 1.040717000000000070e+01 1.041741000000000028e+01 1.036137000000000086e+01 1.026210000000000022e+01 1.021143999999999963e+01 1.023057999999999979e+01 1.032131000000000043e+01 1.046360999999999919e+01 1.056452999999999953e+01 1.060214000000000034e+01
1.053101999999999983e+01 1.047735999999999912e+01 1.032131000000000043e+01 1.012180000000000035e+01 1.002124000000000059e+01 1.000276000000000032e+01 1.006616999999999962e+01 1.021959000000000017e+01 1.031827000000000005e+01 1.030701999999999963e+01 1.018521999999999927e+01 1.001063000000000081e+01 9.927493000000000123e+00 9.923780999999999963e+00 9.999466999999999217e+00 1.016497999999999990e+01 1.027608999999999995e+01 1.027616000000000085e+01 1.016515000000000057e+01 9.999553000000000580e+00 9.923344999999999416e+00 9.925919000000000381e+00 1.000713999999999970e+01 1.017835999999999963e+01 1.029552999999999940e+01 1.030119000000000007e+01 1.019548999999999950e+01 1.003428000000000075e+01 9.961442999999999159e+00 9.967050000000000409e+00 1.005090000000000039e+01 1.022475999999999985e+01 1.034453000000000067e+01 1.035235999999999912e+01 1.024845999999999968e+01 1.008849000000000018e+01 1.001628000000000007e+01 1.002206999999999937e+01 1.010561000000000043e+01 1.027843999999999980e+01 1.039658000000000015e+01 1.040227999999999930e+01 1.029570999999999970e+01 1.013292999999999999e+01 1.005762999999999963e+01 1.005972000000000044e+01 1.013917000000000002e+01 1.030691000000000024e+01 1.041910999999999987e+01 1.041899000000000086e+01 1.030658000000000030e+01 1.013892000000000060e+01 1.006026999999999916e+01 1.005991999999999997e+01 1.013801999999999914e+01 1.030538999999999916e+01 1.041771999999999920e+01 1.041810000000000080e+01 1.030654000000000003e+01 1.013986000000000054e+01 1.006244000000000050e+01 1.006357000000000035e+01 1.014312999999999931e+01 1.031203000000000003e+01 1.042591000000000001e+01 1.042755999999999972e+01 1.031697999999999915e+01 1.015081999999999951e+01 1.007305000000000028e+01 1.007305000000000028e+01 1.015081999999999951e+01 1.031697999999999915e+01 1.042755999999999972e+01 1.042591000000000001e+01 1.031203000000000003e+01 1.014312999999999931e+01 1.006357000000000035e+01 1.006244000000000050e+01 1.013986000000000054e+01 1.030654000000000003e+01 1.041810000000000080e+01 1.041771999999999920e+01 1.030538999999999916e+01 1.013801999999999914e+01 1.005991999999999997e+01 1.006026999999999916e+01 1.013892000000000060e+01 1.030658000000000030e+01 1.041899000000000086e+01 1.041910999999999987e+01 1.030691000000000024e+01 1.013917000000000002e+01 1.005972000000000044e+01 1.005762999999999963e+01 1.013292999999999999e+01 1.029570999999999970e+01 1.040227999999999930e+01 1.039658000000000015e+01 1.027843999999999980e+01 1.010561000000000043e+01 1.002206999999999937e+01 1.001628000000000007e+01 1.008849000000000018e+01 1.024845999999999968e+01 1.035235999999999912e+01 1.034453000000000067e+01 1.022475999999999985e+01 1.005090000000000039e+01 9.967050000000000409e+00 9.961442999999999159e+00 1.003428000000000075e+01 1.019548999999999950e+01 1.030119000000000007e+01 1.029552999999999940e+01 1.017835999999999963e+01 1.000713999999999970e+01 9.925919000000000381e+00 9.923344999999999416e+00 9.999553000000000580e+00 1.016515000000000057e+01 1.027616000000000085e+01 1.027608999999999995e+01 1.016497999999999990e+01 9.999466999999999217e+00 9.923780999999999963e+00 9.927493000000000123e+00 1.001063000000000081e+01 1.018521999999999927e+01 1.030701999999999963e+01 1.031827000000000005e+01 1.021959000000000017e+01 1.006616999999999962e+01 1.000276000000000032e+01 1.002124000000000059e+01 1.012180000000000035e+01 1.032131000000000043e+01 1.047735999999999912e+01 1.053101999999999983e+01
1.046856000000000009e+01 1.040639999999999965e+01 1.023057999999999979e+01 1.002124000000000059e+01 9.919453999999999994e+00 9.901260999999999868e+00 9.966521999999999437e+00 1.012717999999999918e+01 1.023849000000000053e+01 1.022667999999999999e+01 1.009122999999999948e+01 9.909596000000000515e+00 9.825461000000000666e+00 9.822020999999999447e+00 9.899316999999999922e+00 1.007217999999999947e+01 1.019669999999999987e+01 1.019693000000000005e+01 1.007282000000000011e+01 9.900119999999999365e+00 9.822556999999999761e+00 9.825189999999999202e+00 9.907840000000000202e+00 1.008652999999999977e+01 1.021749999999999936e+01 1.022363999999999962e+01 1.010501000000000005e+01 9.936531999999999698e+00 9.862102000000000146e+00 9.867673999999999168e+00 9.952947999999999240e+00 1.013447000000000031e+01 1.026835999999999949e+01 1.027685999999999922e+01 1.016005000000000003e+01 9.992682999999999538e+00 9.918832000000000093e+00 9.924687000000000481e+00 1.000988000000000078e+01 1.019069999999999965e+01 1.032310000000000016e+01 1.032938000000000045e+01 1.020958000000000077e+01 1.003911000000000087e+01 9.962011999999999645e+00 9.963971000000000799e+00 1.004493000000000080e+01 1.022023000000000081e+01 1.034585000000000043e+01 1.034539000000000009e+01 1.021893000000000029e+01 1.004320000000000057e+01 9.962664999999999438e+00 9.962089000000000638e+00 1.004161999999999999e+01 1.021654000000000018e+01 1.034240999999999921e+01 1.034277999999999942e+01 1.021766000000000041e+01 1.004340000000000011e+01 9.964468999999999355e+00 9.965749000000000635e+00 1.004709000000000074e+01 1.022395999999999994e+01 1.035188999999999915e+01 1.035389999999999944e+01 1.022996999999999979e+01 1.005620000000000047e+01 9.976808000000000121e+00 9.976808000000000121e+00 1.005620000000000047e+01 1.022996999999999979e+01 1.035389999999999944e+01 1.035188999999999915e+01 1.022395999999999994e+01 1.004709000000000074e+01 9.965749000000000635e+00 9.964468999999999355e+00 1.004340000000000011e+01 1.021766000000000041e+01 1.034277999999999942e+01 1.034240999999999921e+01 1.021654000000000018e+01 1.004161999999999999e+01 9.962089000000000638e+00 9.962664999999999438e+00 1.004320000000000057e+01 1.021893000000000029e+01 1.034539000000000009e+01 1.034585000000000043e+01 1.022023000000000081e+01 1.004493000000000080e+01 9.963971000000000799e+00 9.962011999999999645e+00 1.003911000000000087e+01 1.020958000000000077e+01 1.032938000000000045e+01 1.032310000000000016e+01 1.019069999999999965e+01 1.000988000000000078e+01 9.924687000000000481e+00 9.918832000000000093e+00 9.992682999999999538e+00 1.016005000000000003e+01 1.027685999999999922e+01 1.026835999999999949e+01 1.013447000000000031e+01 9.952947999999999240e+00 9.867673999999999168e+00 9.862102000000000146e+00 9.936531999999999698e+00 1.010501000000000005e+01 1.022363999999999962e+01 1.021749999999999936e+01 1.008652999999999977e+01 9.907840000000000202e+00 9.825189999999999202e+00 9.822556999999999761e+00 9.900119999999999365e+00 1.007282000000000011e+01 1.019693000000000005e+01 1.019669999999999987e+01 1.007217999999999947e+01 9.899316999999999922e+00 9.822020999999999447e+00 9.825461000000000666e+00 9.909596000000000515e+00 1.009122999999999948e+01 1.022667999999999999e+01 1.023849000000000053e+01 1.012717999999999918e+01 9.966521999999999437e+00 9.901260999999999868e+00 9.919453999999999994e+00 1.002124000000000059e+01 1.023057999999999979e+01 1.040639999999999965e+01 1.046856000000000009e+01
1.044860000000000078e+01 1.038665999999999912e+01 1.021143999999999963e+01 1.000276000000000032e+01 9.901260999999999868e+00 9.882991999999999777e+00 9.947813999999999268e+00 1.010768999999999984e+01 1.021838999999999942e+01 1.020664000000000016e+01 1.007192000000000043e+01 9.891190999999999178e+00 9.807593000000000671e+00 9.804325000000000401e+00 9.881418999999999286e+00 1.005377000000000010e+01 1.017793999999999954e+01 1.017840999999999951e+01 1.005511000000000088e+01 9.883316000000000656e+00 9.806326000000000320e+00 9.809227999999999170e+00 9.891840999999999440e+00 1.007024999999999970e+01 1.020109000000000066e+01 1.020753999999999984e+01 1.008966999999999992e+01 9.921986000000000416e+00 9.848089999999999122e+00 9.853994999999999393e+00 9.939405999999999963e+00 1.012093999999999916e+01 1.025497000000000014e+01 1.026388999999999996e+01 1.014780999999999977e+01 9.981154999999999333e+00 9.907861999999999725e+00 9.914225999999999317e+00 9.999862999999999502e+00 1.018111999999999995e+01 1.031399000000000044e+01 1.032075000000000031e+01 1.020140999999999920e+01 1.003121999999999936e+01 9.954197999999999880e+00 9.956106999999999374e+00 1.003688999999999965e+01 1.021180999999999983e+01 1.033689000000000036e+01 1.033590000000000053e+01 1.020895999999999937e+01 1.003283000000000058e+01 9.951911000000000840e+00 9.950943000000000538e+00 1.003009999999999913e+01 1.020458999999999961e+01 1.033012000000000086e+01 1.033046000000000042e+01 1.020561000000000007e+01 1.003171999999999997e+01 9.953110999999999819e+00 9.954715999999999454e+00 1.003636000000000017e+01 1.021354000000000006e+01 1.034185000000000088e+01 1.034431999999999974e+01 1.022087999999999930e+01 1.004748999999999981e+01 9.968246999999999858e+00 9.968246999999999858e+00 1.004748999999999981e+01 1.022087999999999930e+01 1.034431999999999974e+01 1.034185000000000088e+01 1.021354000000000006e+01 1.003636000000000017e+01 9.954715999999999454e+00 9.953110999999999819e+00 1.003171999999999997e+01 1.020561000000000007e+01 1.033046000000000042e+01 1.033012000000000086e+01 1.020458999999999961e+01 1.003009999999999913e+01 9.950943000000000538e+00 9.951911000000000840e+00 1.003283000000000058e+01 1.020895999999999937e+01 1.033590000000000053e+01 1.033689000000000036e+01 1.021180999999999983e+01 1.003688999999999965e+01 9.956106999999999374e+00 9.954197999999999880e+00 1.003121999999999936e+01 1.020140999999999920e+01 1.032075000000000031e+01 1.031399000000000044e+01 1.018111999999999995e+01 9.999862999999999502e+00 9.914225999999999317e+00 9.907861999999999725e+00 9.981154999999999333e+00 1.014780999999999977e+01 1.026388999999999996e+01 1.025497000000000014e+01 1.012093999999999916e+01 9.939405999999999963e+00 9.853994999999999393e+00 9.848089999999999122e+00 9.921986000000000416e+00 1.008966999999999992e+01 1.020753999999999984e+01 1.020109000000000066e+01 1.007024999999999970e+01 9.891840999999999440e+00 9.809227999999999170e+00 9.806326000000000320e+00 9.883316000000000656e+00 1.005511000000000088e+01 1.017840999999999951e+01 1.017793999999999954e+01 1.005377000000000010e+01 9.881418999999999286e+00 9.804325000000000401e+00 9.807593000000000671e+00 9.891190999999999178e+00 1.007192000000000043e+01 1.020664000000000016e+01 1.021838999999999942e+01 1.010768999999999984e+01 9.947813999999999268e+00 9.882991999999999777e+00 9.901260999999999868e+00 1.000276000000000032e+01 1.021143999999999963e+01 1.038665999999999912e+01 1.044860000000000078e+01
1.046949000000000041e+01 1.041616999999999926e+01 1.026210000000000022e+01 1.006616999999999962e+01 9.966521999999999437e+00 9.947813999999999268e+00 1.000980000000000025e+01 1.015900000000000070e+01 1.025531999999999933e+01 1.024427000000000021e+01 1.012519999999999953e+01 9.955149000000000470e+00 9.873754999999999171e+00 9.870561000000000362e+00 9.945557000000000869e+00 1.010777000000000037e+01 1.021734000000000009e+01 1.021813000000000038e+01 1.011003000000000007e+01 9.948857000000000284e+00 9.874477999999999867e+00 9.877855999999999526e+00 9.958918000000000603e+00 1.012780000000000058e+01 1.024413000000000018e+01 1.025074000000000041e+01 1.014770000000000039e+01 9.990337999999999496e+00 9.919157999999999475e+00 9.925753999999999522e+00 1.001002000000000081e+01 1.018267999999999951e+01 1.030250999999999983e+01 1.031165000000000020e+01 1.021021999999999963e+01 1.005353000000000030e+01 9.983014999999999972e+00 9.990337999999999496e+00 1.007532999999999923e+01 1.024872000000000050e+01 1.036810999999999972e+01 1.037532999999999994e+01 1.027031999999999989e+01 1.010908000000000051e+01 1.003397999999999968e+01 1.003590999999999944e+01 1.011486000000000018e+01 1.028072000000000052e+01 1.039108000000000054e+01 1.038929000000000080e+01 1.027561000000000035e+01 1.010751999999999917e+01 1.002759999999999962e+01 1.002605999999999931e+01 1.010300999999999938e+01 1.026801000000000030e+01 1.037902000000000058e+01 1.037930000000000064e+01 1.026886000000000010e+01 1.010440000000000005e+01 1.002796000000000021e+01 1.003007999999999988e+01 1.011064999999999969e+01 1.027962999999999916e+01 1.039447000000000010e+01 1.039757999999999960e+01 1.028876999999999953e+01 1.012451000000000079e+01 1.004716999999999949e+01 1.004716999999999949e+01 1.012451000000000079e+01 1.028876999999999953e+01 1.039757999999999960e+01 1.039447000000000010e+01 1.027962999999999916e+01 1.011064999999999969e+01 1.003007999999999988e+01 1.002796000000000021e+01 1.010440000000000005e+01 1.026886000000000010e+01 1.037930000000000064e+01 1.037902000000000058e+01 1.026801000000000030e+01 1.010300999999999938e+01 1.002605999999999931e+01 1.002759999999999962e+01 1.010751999999999917e+01 1.027561000000000035e+01 1.038929000000000080e+01 1.039108000000000054e+01 1.028072000000000052e+01 1.011486000000000018e+01 1.003590999999999944e+01 1.003397999999999968e+01 1.010908000000000051e+01 1.027031999999999989e+01 1.037532999999999994e+01 1.036810999999999972e+01 1.024872000000000050e+01 1.007532999999999923e+01 9.990337999999999496e+00 9.983014999999999972e+00 1.005353000000000030e+01 1.021021999999999963e+01 1.031165000000000020e+01 1.030250999999999983e+01 1.018267999999999951e+01 1.001002000000000081e+01 9.925753999999999522e+00 9.919157999999999475e+00 9.990337999999999496e+00 1.014770000000000039e+01 1.025074000000000041e+01 1.024413000000000018e+01 1.012780000000000058e+01 9.958918000000000603e+00 9.877855999999999526e+00 9.874477999999999867e+00 9.948857000000000284e+00 1.011003000000000007e+01 1.021813000000000038e+01 1.021734000000000009e+01 1.010777000000000037e+01 9.945557000000000869e+00 9.870561000000000362e+00 9.873754999999999171e+00 9.955149000000000470e+00 1.012519999999999953e+01 1.024427000000000021e+01 1.025531999999999933e+01 1.015900000000000070e+01 1.000980000000000025e+01 9.947813999999999268e+00 9.966521999999999437e+00 1.006616999999999962e+01 1.026210000000000022e+01 1.041616999999999926e+01 1.046949000000000041e+01
1.050181000000000076e+01 1.046322999999999936e+01 1.036137000000000086e+01 1.021959000000000017e+01 1.012717999999999918e+01 1.010768999999999984e+01 1.015900000000000070e+01 1.025619000000000014e+01 1.031164000000000058e+01 1.030169000000000068e+01 1.022644999999999982e+01 1.010857000000000028e+01 1.003612000000000037e+01 1.003297000000000061e+01 1.009878999999999927e+01 1.020936999999999983e+01 1.027678000000000047e+01 1.027796000000000021e+01 1.021275999999999939e+01 1.010413999999999923e+01 1.003992000000000040e+01 1.004404000000000075e+01 1.011683999999999983e+01 1.023437999999999981e+01 1.030794999999999995e+01 1.031465999999999994e+01 1.025414999999999921e+01 1.014955999999999925e+01 1.008915999999999968e+01 1.009684999999999988e+01 1.017333999999999961e+01 1.029485000000000028e+01 1.037167999999999957e+01 1.038095000000000034e+01 1.032216999999999985e+01 1.021862999999999921e+01 1.015944000000000003e+01 1.016830000000000034e+01 1.024595000000000056e+01 1.036861999999999995e+01 1.044538000000000011e+01 1.045318999999999932e+01 1.039145000000000074e+01 1.028317999999999977e+01 1.021842999999999968e+01 1.022042000000000073e+01 1.028936000000000028e+01 1.040213999999999928e+01 1.046850000000000058e+01 1.046556999999999960e+01 1.039384000000000086e+01 1.027661999999999942e+01 1.020476999999999990e+01 1.020233999999999952e+01 1.026923000000000030e+01 1.038166000000000011e+01 1.044959000000000060e+01 1.044978000000000051e+01 1.038226000000000049e+01 1.027026000000000039e+01 1.020382000000000033e+01 1.020677000000000056e+01 1.027924999999999933e+01 1.039722000000000079e+01 1.046984999999999921e+01 1.047386999999999979e+01 1.040878999999999976e+01 1.029754999999999932e+01 1.023030999999999935e+01 1.023030999999999935e+01 1.029754999999999932e+01 1.040878999999999976e+01 1.047386999999999979e+01 1.046984999999999921e+01 1.039722000000000079e+01 1.027924999999999933e+01 1.020677000000000056e+01 1.020382000000000033e+01 1.027026000000000039e+01 1.038226000000000049e+01 1.044978000000000051e+01 1.044959000000000060e+01 1.038166000000000011e+01 1.026923000000000030e+01 1.020233999999999952e+01 1.020476999999999990e+01 1.027661999999999942e+01 1.039384000000000086e+01 1.046556999999999960e+01 1.046850000000000058e+01 1.040213999999999928e+01 1.028936000000000028e+01 1.022042000000000073e+01 1.021842999999999968e+01 1.028317999999999977e+01 1.039145000000000074e+01 1.045318999999999932e+01 1.044538000000000011e+01 1.036861999999999995e+01 1.024595000000000056e+01 1.016830000000000034e+01 1.015944000000000003e+01 1.021862999999999921e+01 1.032216999999999985e+01 1.038095000000000034e+01 1.037167999999999957e+01 1.029485000000000028e+01 1.017333999999999961e+01 1.009684999999999988e+01 1.008915999999999968e+01 1.014955999999999925e+01 1.025414999999999921e+01 1.031465999999999994e+01 1.030794999999999995e+01 1.023437999999999981e+01 1.011683999999999983e+01 1.004404000000000075e+01 1.003992000000000040e+01 1.010413999999999923e+01 1.021275999999999939e+01 1.027796000000000021e+01 1.027678000000000047e+01 1.020936999999999983e+01 1.009878999999999927e+01 1.003297000000000061e+01 1.003612000000000037e+01 1.010857000000000028e+01 1.022644999999999982e+01 1.030169000000000068e+01 1.031164000000000058e+01 1.025619000000000014e+01 1.015900000000000070e+01 1.010768999999999984e+01 1.012717999999999918e+01 1.021959000000000017e+01 1.036137000000000086e+01 1.046322999999999936e+01 1.050181000000000076e+01
1.051739000000000068e+01 1.048804999999999943e+01 1.041741000000000028e+01 1.031827000000000005e+01 1.023849000000000053e+01 1.021838999999999942e+01 1.025531999999999933e+01 1.031164000000000058e+01 1.034209000000000067e+01 1.033291000000000004e+01 1.028445999999999927e+01 1.020819999999999972e+01 1.014944999999999986e+01 1.014648000000000039e+01 1.019880999999999993e+01 1.026840999999999937e+01 1.031015999999999977e+01 1.031184000000000012e+01 1.027327999999999975e+01 1.020692000000000021e+01 1.015746000000000038e+01 1.016235999999999962e+01 1.022211000000000070e+01 1.029832999999999998e+01 1.034576000000000029e+01 1.035284000000000049e+01 1.031914000000000087e+01 1.025755000000000017e+01 1.021259000000000050e+01 1.022137000000000029e+01 1.028487999999999936e+01 1.036453000000000024e+01 1.041488000000000014e+01 1.042467000000000077e+01 1.039329000000000036e+01 1.033394000000000013e+01 1.029111999999999938e+01 1.030167999999999928e+01 1.036655999999999977e+01 1.044697000000000031e+01 1.049728999999999957e+01 1.050619999999999976e+01 1.047296000000000049e+01 1.041008000000000067e+01 1.036134000000000022e+01 1.036332999999999949e+01 1.041633000000000031e+01 1.048352000000000039e+01 1.052091000000000065e+01 1.051645000000000074e+01 1.047067000000000014e+01 1.039555000000000007e+01 1.033685999999999972e+01 1.033329999999999949e+01 1.038479000000000063e+01 1.045355999999999952e+01 1.049422999999999995e+01 1.049433999999999934e+01 1.045390000000000086e+01 1.038538999999999923e+01 1.033422999999999981e+01 1.033820000000000050e+01 1.039746000000000059e+01 1.047325999999999979e+01 1.051979000000000042e+01 1.052511999999999937e+01 1.048870999999999931e+01 1.042277999999999949e+01 1.037138000000000027e+01 1.037138000000000027e+01 1.042277999999999949e+01 1.048870999999999931e+01 1.052511999999999937e+01 1.051979000000000042e+01 1.047325999999999979e+01 1.039746000000000059e+01 1.033820000000000050e+01 1.033422999999999981e+01 1.038538999999999923e+01 1.045390000000000086e+01 1.049433999999999934e+01 1.049422999999999995e+01 1.045355999999999952e+01 1.038479000000000063e+01 1.033329999999999949e+01 1.033685999999999972e+01 1.039555000000000007e+01 1.047067000000000014e+01 1.051645000000000074e+01 1.052091000000000065e+01 1.048352000000000039e+01 1.041633000000000031e+01 1.036332999999999949e+01 1.036134000000000022e+01 1.041008000000000067e+01 1.047296000000000049e+01 1.050619999999999976e+01 1.049728999999999957e+01 1.044697000000000031e+01 1.036655999999999977e+01 1.030167999999999928e+01 1.029111999999999938e+01 1.033394000000000013e+01 1.039329000000000036e+01 1.042467000000000077e+01 1.041488000000000014e+01 1.036453000000000024e+01 1.028487999999999936e+01 1.022137000000000029e+01 1.021259000000000050e+01 1.025755000000000017e+01 1.031914000000000087e+01 1.035284000000000049e+01 1.034576000000000029e+01 1.029832999999999998e+01 1.022211000000000070e+01 1.016235999999999962e+01 1.015746000000000038e+01 1.020692000000000021e+01 1.027327999999999975e+01 1.031184000000000012e+01 1.031015999999999977e+01 1.026840999999999937e+01 1.019880999999999993e+01 1.014648000000000039e+01 1.014944999999999986e+01 1.020819999999999972e+01 1.028445999999999927e+01 1.033291000000000004e+01 1.034209000000000067e+01 1.031164000000000058e+01 1.025531999999999933e+01 1.021838999999999942e+01 1.023849000000000053e+01 1.031827000000000005e+01 1.041741000000000028e+01 1.048804999999999943e+01 1.051739000000000068e+01
1.050810000000000066e+01 1.047850999999999999e+01 1.040717000000000070e+01 1.030701999999999963e+01 1.022667999999999999e+01 1.020664000000000016e+01 1.024427000000000021e+01 1.030169000000000068e+01 1.033291000000000004e+01 1.032399999999999984e+01 1.027532000000000068e+01 1.019852000000000025e+01 1.013958000000000048e+01 1.013695000000000057e+01 1.019017999999999979e+01 1.026102000000000025e+01 1.030376000000000047e+01 1.030607999999999969e+01 1.026779999999999937e+01 1.020152000000000037e+01 1.015232999999999919e+01 1.015780999999999956e+01 1.021842999999999968e+01 1.029570999999999970e+01 1.034407999999999994e+01 1.035199000000000069e+01 1.031897000000000020e+01 1.025802999999999976e+01 1.021369999999999933e+01 1.022312999999999938e+01 1.028734999999999999e+01 1.036776000000000053e+01 1.041899000000000086e+01 1.042989999999999995e+01 1.039988999999999919e+01 1.034219000000000044e+01 1.030092999999999925e+01 1.031279999999999930e+01 1.037871999999999950e+01 1.045993999999999957e+01 1.051146999999999920e+01 1.052227000000000068e+01 1.049154000000000053e+01 1.043150999999999939e+01 1.038435999999999915e+01 1.038621000000000016e+01 1.043735999999999997e+01 1.050145999999999979e+01 1.053612000000000037e+01 1.052950000000000053e+01 1.048225000000000051e+01 1.040606999999999971e+01 1.034625999999999912e+01 1.034154999999999980e+01 1.039193000000000033e+01 1.045975999999999928e+01 1.049990999999999985e+01 1.049994000000000050e+01 1.045984999999999943e+01 1.039211000000000062e+01 1.034190000000000076e+01 1.034688000000000052e+01 1.040714999999999968e+01 1.048390999999999984e+01 1.053176999999999985e+01 1.053907000000000060e+01 1.050514000000000081e+01 1.044199000000000055e+01 1.039221000000000039e+01 1.039221000000000039e+01 1.044199000000000055e+01 1.050514000000000081e+01 1.053907000000000060e+01 1.053176999999999985e+01 1.048390999999999984e+01 1.040714999999999968e+01 1.034688000000000052e+01 1.034190000000000076e+01 1.039211000000000062e+01 1.045984999999999943e+01 1.049994000000000050e+01 1.049990999999999985e+01 1.045975999999999928e+01 1.039193000000000033e+01 1.034154999999999980e+01 1.034625999999999912e+01 1.040606999999999971e+01 1.048225000000000051e+01 1.052950000000000053e+01 1.053612000000000037e+01 1.050145999999999979e+01 1.043735999999999997e+01 1.038621000000000016e+01 1.038435999999999915e+01 1.043150999999999939e+01 1.049154000000000053e+01 1.052227000000000068e+01 1.051146999999999920e+01 1.045993999999999957e+01 1.037871999999999950e+01 1.031279999999999930e+01 1.030092999999999925e+01 1.034219000000000044e+01 1.039988999999999919e+01 1.042989999999999995e+01 1.041899000000000086e+01 1.036776000000000053e+01 1.028734999999999999e+01 1.022312999999999938e+01 1.021369999999999933e+01 1.025802999999999976e+01 1.031897000000000020e+01 1.035199000000000069e+01 1.034407999999999994e+01 1.029570999999999970e+01 1.021842999999999968e+01 1.015780999999999956e+01 1.015232999999999919e+01 1.020152000000000037e+01 1.026779999999999937e+01 1.030607999999999969e+01 1.030376000000000047e+01 1.026102000000000025e+01 1.019017999999999979e+01 1.013695000000000057e+01 1.013958000000000048e+01 1.019852000000000025e+01 1.027532000000000068e+01 1.032399999999999984e+01 1.033291000000000004e+01 1.030169000000000068e+01 1.024427000000000021e+01 1.020664000000000016e+01 1.022667999999999999e+01 1.030701999999999963e+01 1.040717000000000070e+01 1.047850999999999999e+01 1.050810000000000066e+01
1.047420999999999935e+01 1.043491000000000035e+01 1.033075000000000010e+01 1.018521999999999927e+01 1.009122999999999948e+01 1.007192000000000043e+01 1.012519999999999953e+01 1.022644999999999982e+01 1.028445999999999927e+01 1.027532000000000068e+01 1.019917000000000051e+01 1.007896999999999998e+01 1.000600999999999985e+01 1.000390999999999941e+01 1.007229000000000063e+01 1.018718999999999930e+01 1.025779999999999959e+01 1.026089999999999947e+01 1.019641000000000020e+01 1.008756999999999948e+01 1.002416000000000018e+01 1.002999999999999936e+01 1.010535999999999923e+01 1.022635999999999967e+01 1.030291000000000068e+01 1.031207000000000029e+01 1.025361000000000011e+01 1.015085000000000015e+01 1.009225999999999956e+01 1.010190000000000055e+01 1.018046999999999969e+01 1.030413000000000068e+01 1.038363000000000014e+01 1.039625000000000021e+01 1.034173999999999971e+01 1.024351000000000056e+01 1.018880000000000052e+01 1.020167000000000002e+01 1.028248999999999924e+01 1.040687999999999924e+01 1.048723000000000027e+01 1.050078000000000067e+01 1.044715000000000060e+01 1.034878999999999927e+01 1.028847999999999985e+01 1.029006000000000043e+01 1.035378000000000043e+01 1.045597000000000065e+01 1.051351999999999975e+01 1.050407000000000046e+01 1.042791000000000068e+01 1.030812000000000062e+01 1.023288999999999938e+01 1.022692999999999941e+01 1.029057000000000066e+01 1.039985000000000070e+01 1.046610000000000085e+01 1.046603999999999957e+01 1.039967000000000041e+01 1.029027999999999921e+01 1.022663000000000011e+01 1.023271000000000086e+01 1.030823000000000000e+01 1.042853999999999992e+01 1.050520999999999994e+01 1.051518000000000086e+01 1.045810999999999957e+01 1.035646999999999984e+01 1.029376000000000069e+01 1.029376000000000069e+01 1.035646999999999984e+01 1.045810999999999957e+01 1.051518000000000086e+01 1.050520999999999994e+01 1.042853999999999992e+01 1.030823000000000000e+01 1.023271000000000086e+01 1.022663000000000011e+01 1.029027999999999921e+01 1.039967000000000041e+01 1.046603999999999957e+01 1.046610000000000085e+01 1.039985000000000070e+01 1.029057000000000066e+01 1.022692999999999941e+01 1.023288999999999938e+01 1.030812000000000062e+01 1.042791000000000068e+01 1.050407000000000046e+01 1.051351999999999975e+01 1.045597000000000065e+01 1.035378000000000043e+01 1.029006000000000043e+01 1.028847999999999985e+01 1.034878999999999927e+01 1.044715000000000060e+01 1.050078000000000067e+01 1.048723000000000027e+01 1.040687999999999924e+01 1.028248999999999924e+01 1.020167000000000002e+01 1.018880000000000052e+01 1.024351000000000056e+01 1.034173999999999971e+01 1.039625000000000021e+01 1.038363000000000014e+01 1.030413000000000068e+01 1.018046999999999969e+01 1.010190000000000055e+01 1.009225999999999956e+01 1.015085000000000015e+01 1.025361000000000011e+01 1.031207000000000029e+01 1.030291000000000068e+01 1.022635999999999967e+01 1.010535999999999923e+01 1.002999999999999936e+01 1.002416000000000018e+01 1.008756999999999948e+01 1.019641000000000020e+01 1.026089999999999947e+01 1.025779999999999959e+01 1.018718999999999930e+01 1.007229000000000063e+01 1.000390999999999941e+01 1.000600999999999985e+01 1.007896999999999998e+01 1.019917000000000051e+01 1.027532000000000068e+01 1.028445999999999927e+01 1.022644999999999982e+01 1.012519999999999953e+01 1.007192000000000043e+01 1.009122999999999948e+01 1.018521999999999927e+01 1.033075000000000010e+01 1.043491000000000035e+01 1.047420999999999935e+01
