1.000048051514326186e+00 1.000159662968748364e+00 1.000435123463677467e+00 1.000872434840083036e+00 1.001324018780992864e+00 1.001548668946287357e+00 1.001534110930493382e+00 1.001443908322827259e+00 1.001420786768330684e+00 1.001505565801484865e+00 1.001700529032611087e+00 1.002001965594937483e+00 1.002271431612775210e+00 1.002307398475325240e+00 1.002110151633878621e+00 1.001872085257950351e+00 1.001732499577100199e+00 1.001707094412283006e+00 1.001795298860918226e+00 1.001972564112059150e+00 1.002101302643886305e+00 1.002003107400098125e+00 1.001681403796175429e+00 1.001345998530329240e+00 1.001133051867928003e+00 1.001040565649941483e+00 1.001067112619918875e+00 1.001175584110150174e+00 1.001230105306555762e+00 1.001063687204438057e+00 1.000680897024438076e+00 1.000301246808628974e+00 1.000058327760769084e+00 9.999427199882858774e-01 9.999524253321487866e-01 1.000048907868196446e+00 1.000097720038800597e+00 9.999333000957132400e-01 9.995616425160263052e-01 9.991994048289122299e-01 9.989787509816789868e-01 9.988934010459443735e-01 9.989413568626781537e-01 9.990935024002919329e-01 9.992165319063173179e-01 9.991331801296132742e-01 9.988448743266304941e-01 9.985531431081666742e-01 9.983895795189496880e-01 9.983596071334911448e-01 9.984615132440503027e-01 9.986758871629020096e-01 9.988671395272568088e-01 9.988440179727603452e-01 9.986056661455418038e-01 9.983473327280175669e-01 9.982043216316864864e-01 9.981874800055715591e-01 9.982968078496730069e-01 9.985128944762651226e-01 9.987004359738489434e-01 9.986701781371003506e-01 9.984241191250496916e-01 9.981615039381741550e-01 9.980179219392627532e-01 9.980045057286289767e-01 9.981212553062726034e-01 9.983524708512390156e-01 9.985642757084798316e-01 9.985642757084798316e-01 9.983524708512390156e-01 9.981212553062726034e-01 9.980045057286289767e-01 9.980179219392627532e-01 9.981615039381741550e-01 9.984241191250496916e-01 9.986701781371003506e-01 9.987004359738489434e-01 9.985128944762651226e-01 9.982968078496730069e-01 9.981874800055715591e-01 9.982043216316864864e-01 9.983473327280175669e-01 9.986056661455418038e-01 9.988440179727603452e-01 9.988671395272568088e-01 9.986758871629020096e-01 9.984615132440503027e-01 9.983596071334911448e-01 9.983895795189496880e-01 9.985531431081666742e-01 9.988448743266304941e-01 9.991331801296132742e-01 9.992165319063173179e-01 9.990935024002919329e-01 9.989413568626781537e-01 9.988934010459443735e-01 9.989787509816789868e-01 9.991994048289122299e-01 9.995616425160263052e-01 9.999333000957132400e-01 1.000097720038800597e+00 1.000048907868196446e+00 9.999524253321487866e-01 9.999427199882858774e-01 1.000058327760769084e+00 1.000301246808628974e+00 1.000680897024438076e+00 1.001063687204438057e+00 1.001230105306555762e+00 1.001175584110150174e+00 1.001067112619918875e+00 1.001040565649941483e+00 1.001133051867928003e+00 1.001345998530329240e+00 1.001681403796175429e+00 1.002003107400098125e+00 1.002101302643886305e+00 1.001972564112059150e+00 1.001795298860918226e+00 1.001707094412283006e+00 1.001732499577100199e+00 1.001872085257950351e+00 1.002110151633878621e+00 1.002307398475325240e+00 1.002271431612775210e+00 1.002001965594937483e+00 1.001700529032611087e+00 1.001505565801484865e+00 1.001420786768330684e+00 1.001443908322827259e+00 1.001534110930493382e+00 1.001548668946287357e+00 1.001324018780992864e+00 1.000872434840083036e+00 1.000435123463677467e+00 1.000159662968748364e+00 1.000048051514326186e+00
1.000159662968748364e+00 1.000287259695414877e+00 1.000606394237726571e+00 1.001116781144393286e+00 1.001629737112670782e+00 1.001857812693446315e+00 1.001790731640276988e+00 1.001636587943632639e+00 1.001579212234326111e+00 1.001662849462320093e+00 1.001889783237935427e+00 1.002255160889240271e+00 1.002579148103483364e+00 1.002614829514743677e+00 1.002362776025601310e+00 1.002060197658114271e+00 1.001887785078904747e+00 1.001862379914087553e+00 1.001983411261082368e+00 1.002224617601201517e+00 1.002407020975564222e+00 1.002307683926615400e+00 1.001930031869836979e+00 1.001529543709851922e+00 1.001284055600381473e+00 1.001192425736264990e+00 1.001252655958472237e+00 1.001425924891552244e+00 1.001533825479203221e+00 1.001365409218054836e+00 1.000926099682618586e+00 1.000480510218800356e+00 1.000205049723871475e+00 1.000090583756548579e+00 1.000134543255221109e+00 1.000296108685407415e+00 1.000398300247256733e+00 1.000232167596429189e+00 9.998034197587258864e-01 9.993746719210226948e-01 9.991209057241398073e-01 9.990358412396952437e-01 9.991186221138191881e-01 9.993367068994418734e-01 9.995153994070331560e-01 9.994314767277490130e-01 9.990869370206200140e-01 9.987289811028572384e-01 9.985323051639906078e-01 9.985029036811121639e-01 9.986393493977714364e-01 9.989205189185023093e-01 9.991680051870034385e-01 9.991454545350868521e-01 9.988517251575923517e-01 9.985277379433494804e-01 9.983510435947885453e-01 9.983344874199638896e-01 9.984774985162948591e-01 9.987598098421859305e-01 9.990024434387558827e-01 9.989716146994269685e-01 9.986690363319399300e-01 9.983399109944752770e-01 9.981623602920443039e-01 9.981489440814104164e-01 9.982996623625737254e-01 9.985968171555491546e-01 9.988642850143560903e-01 9.988642850143560903e-01 9.985968171555491546e-01 9.982996623625737254e-01 9.981489440814104164e-01 9.981623602920443039e-01 9.983399109944752770e-01 9.986690363319399300e-01 9.989716146994269685e-01 9.990024434387558827e-01 9.987598098421859305e-01 9.984774985162948591e-01 9.983344874199638896e-01 9.983510435947885453e-01 9.985277379433494804e-01 9.988517251575923517e-01 9.991454545350868521e-01 9.991680051870034385e-01 9.989205189185023093e-01 9.986393493977714364e-01 9.985029036811121639e-01 9.985323051639906078e-01 9.987289811028572384e-01 9.990869370206200140e-01 9.994314767277490130e-01 9.995153994070331560e-01 9.993367068994418734e-01 9.991186221138191881e-01 9.990358412396952437e-01 9.991209057241398073e-01 9.993746719210226948e-01 9.998034197587258864e-01 1.000232167596429189e+00 1.000398300247256733e+00 1.000296108685407415e+00 1.000134543255221109e+00 1.000090583756548579e+00 1.000205049723871475e+00 1.000480510218800356e+00 1.000926099682618586e+00 1.001365409218054836e+00 1.001533825479203221e+00 1.001425924891552244e+00 1.001252655958472237e+00 1.001192425736264990e+00 1.001284055600381473e+00 1.001529543709851922e+00 1.001930031869836979e+00 1.002307683926615400e+00 1.002407020975564222e+00 1.002224617601201517e+00 1.001983411261082368e+00 1.001862379914087553e+00 1.001887785078904747e+00 1.002060197658114271e+00 1.002362776025601310e+00 1.002614829514743677e+00 1.002579148103483364e+00 1.002255160889240271e+00 1.001889783237935427e+00 1.001662849462320093e+00 1.001579212234326111e+00 1.001636587943632639e+00 1.001790731640276988e+00 1.001857812693446315e+00 1.001629737112670782e+00 1.001116781144393286e+00 1.000606394237726571e+00 1.000287259695414877e+00 1.000159662968748364e+00
1.000435123463677467e+00 1.000606394237726571e+00 1.001048843737353700e+00 1.001794442507047966e+00 1.002491800008718403e+00 1.002728439128196536e+00 1.002500363547421003e+00 1.002135271347406098e+00 1.001975133173669930e+00 1.002055344986183094e+00 1.002378190395265767e+00 1.002954231098651228e+00 1.003444350963722087e+00 1.003479746923692240e+00 1.003060989881142007e+00 1.002546035753834053e+00 1.002274571576966089e+00 1.002249166412148673e+00 1.002469820259382027e+00 1.002921118749001694e+00 1.003266800261291003e+00 1.003164323248151524e+00 1.002616542222484419e+00 1.002002251046227643e+00 1.001659709498129214e+00 1.001570648695623733e+00 1.001733070479680299e+00 1.002118144270001121e+00 1.002388181190418726e+00 1.002215483159919041e+00 1.001603475593983106e+00 1.000941228600992661e+00 1.000568714667435799e+00 1.000457103213013621e+00 1.000604681529986051e+00 1.000980335427734014e+00 1.001245519676220219e+00 1.001074819804751215e+00 1.000471661228807818e+00 9.998234013490316929e-01 9.994705835544902550e-01 9.993883735829467430e-01 9.995744878240800935e-01 1.000010657395325575e+00 1.000356909810194983e+00 1.000271845325750419e+00 9.997566057471524159e-01 9.991808504950568937e-01 9.988845520559518354e-01 9.988571487321040721e-01 9.990969278157729727e-01 9.995976093785767791e-01 1.000015795518546913e+00 9.999943866717907470e-01 9.995319555818579227e-01 9.989913108384426144e-01 9.987144230870629302e-01 9.986987232661085345e-01 9.989433550217087232e-01 9.994423238767721207e-01 9.998530882832000755e-01 9.998205468361307524e-01 9.993466976945947211e-01 9.987986312176372339e-01 9.985194598559369306e-01 9.985057581940131044e-01 9.987578116831553610e-01 9.992730512617534755e-01 9.997097917355790564e-01 9.997097917355790564e-01 9.992730512617534755e-01 9.987578116831553610e-01 9.985057581940131044e-01 9.985194598559369306e-01 9.987986312176372339e-01 9.993466976945947211e-01 9.998205468361307524e-01 9.998530882832000755e-01 9.994423238767721207e-01 9.989433550217087232e-01 9.986987232661085345e-01 9.987144230870629302e-01 9.989913108384426144e-01 9.995319555818579227e-01 9.999943866717907470e-01 1.000015795518546913e+00 9.995976093785767791e-01 9.990969278157729727e-01 9.988571487321040721e-01 9.988845520559518354e-01 9.991808504950568937e-01 9.997566057471524159e-01 1.000271845325750419e+00 1.000356909810194983e+00 1.000010657395325575e+00 9.995744878240800935e-01 9.993883735829467430e-01 9.994705835544902550e-01 9.998234013490316929e-01 1.000471661228807818e+00 1.001074819804751215e+00 1.001245519676220219e+00 1.000980335427734014e+00 1.000604681529986051e+00 1.000457103213013621e+00 1.000568714667435799e+00 1.000941228600992661e+00 1.001603475593983106e+00 1.002215483159919041e+00 1.002388181190418726e+00 1.002118144270001121e+00 1.001733070479680299e+00 1.001570648695623733e+00 1.001659709498129214e+00 1.002002251046227643e+00 1.002616542222484419e+00 1.003164323248151524e+00 1.003266800261291003e+00 1.002921118749001694e+00 1.002469820259382027e+00 1.002249166412148673e+00 1.002274571576966089e+00 1.002546035753834053e+00 1.003060989881142007e+00 1.003479746923692240e+00 1.003444350963722087e+00 1.002954231098651228e+00 1.002378190395265767e+00 1.002055344986183094e+00 1.001975133173669930e+00 1.002135271347406098e+00 1.002500363547421003e+00 1.002728439128196536e+00 1.002491800008718403e+00 1.001794442507047966e+00 1.001048843737353700e+00 1.000606394237726571e+00 1.000435123463677467e+00
1.000872434840083036e+00 1.001116781144393286e+00 1.001794442507047966e+00 1.003222555311328312e+00 1.004372924010358936e+00 1.004624977499501526e+00 1.003990419281649116e+00 1.002978494458308223e+00 1.002605124170881101e+00 1.002679626957592385e+00 1.003199719208121898e+00 1.004420023473222345e+00 1.005328329478263560e+00 1.005362298181783354e+00 1.004524498645392505e+00 1.003362426443468403e+00 1.002887150045481901e+00 1.002861744880664707e+00 1.003286781851596920e+00 1.004380631195191054e+00 1.005135364406168019e+00 1.005026607464646782e+00 1.004052933114176982e+00 1.002789811155564204e+00 1.002249451863438834e+00 1.002163816476414171e+00 1.002536330409971255e+00 1.003565096859426742e+00 1.004241616416921223e+00 1.004060069396429000e+00 1.003017030382469255e+00 1.001702527191641545e+00 1.001133051867928003e+00 1.001026007634147286e+00 1.001385105357070371e+00 1.002406450072983679e+00 1.003078402409836922e+00 1.002897711743215181e+00 1.001861523560217293e+00 1.000557582067122642e+00 1.000005804723393954e+00 9.999270201673314817e-01 1.000323512009255289e+00 1.001411366875758047e+00 1.002173807271567130e+00 1.002087030079382046e+00 1.001148466237592460e+00 9.999207402389497235e-01 9.994237695429167845e-01 9.994000770858399996e-01 9.998496628677192577e-01 1.001006882397711850e+00 1.001850105508613975e+00 1.001831836626048799e+00 1.000949506688405322e+00 9.997574621010226759e-01 9.992770475798147256e-01 9.992624895640205285e-01 9.997140735049302451e-01 1.000865298557831018e+00 1.001694534555519489e+00 1.001658567692969015e+00 1.000757683421470201e+00 9.995530789773240388e-01 9.990680972354746281e-01 9.990538246709704806e-01 9.995111176376819673e-01 1.000679184316697556e+00 1.001536965443394100e+00 1.001536965443394100e+00 1.000679184316697556e+00 9.995111176376819673e-01 9.990538246709704806e-01 9.990680972354746281e-01 9.995530789773240388e-01 1.000757683421470201e+00 1.001658567692969015e+00 1.001694534555519489e+00 1.000865298557831018e+00 9.997140735049302451e-01 9.992624895640205285e-01 9.992770475798147256e-01 9.997574621010226759e-01 1.000949506688405322e+00 1.001831836626048799e+00 1.001850105508613975e+00 1.001006882397711850e+00 9.998496628677192577e-01 9.994000770858399996e-01 9.994237695429167845e-01 9.999207402389497235e-01 1.001148466237592460e+00 1.002087030079382046e+00 1.002173807271567130e+00 1.001411366875758047e+00 1.000323512009255289e+00 9.999270201673314817e-01 1.000005804723393954e+00 1.000557582067122642e+00 1.001861523560217293e+00 1.002897711743215181e+00 1.003078402409836922e+00 1.002406450072983679e+00 1.001385105357070371e+00 1.001026007634147286e+00 1.001133051867928003e+00 1.001702527191641545e+00 1.003017030382469255e+00 1.004060069396429000e+00 1.004241616416921223e+00 1.003565096859426742e+00 1.002536330409971255e+00 1.002163816476414171e+00 1.002249451863438834e+00 1.002789811155564204e+00 1.004052933114176982e+00 1.005026607464646782e+00 1.005135364406168019e+00 1.004380631195191054e+00 1.003286781851596920e+00 1.002861744880664707e+00 1.002887150045481901e+00 1.003362426443468403e+00 1.004524498645392505e+00 1.005362298181783354e+00 1.005328329478263560e+00 1.004420023473222345e+00 1.003199719208121898e+00 1.002679626957592385e+00 1.002605124170881101e+00 1.002978494458308223e+00 1.003990419281649116e+00 1.004624977499501526e+00 1.004372924010358936e+00 1.003222555311328312e+00 1.001794442507047966e+00 1.001116781144393286e+00 1.000872434840083036e+00
1.001324018780992864e+00 1.001629737112670782e+00 1.002491800008718403e+00 1.004372924010358936e+00 1.005888955811984342e+00 1.006156138219501228e+00 1.005191598310314127e+00 1.003754351064751082e+00 1.003222840762618473e+00 1.003292490877398579e+00 1.003961303250060721e+00 1.005603219070612564e+00 1.006847215792789907e+00 1.006878044532118821e+00 1.005698845252789964e+00 1.004110023372193350e+00 1.003480317826272561e+00 1.003452914502424687e+00 1.004029240657100308e+00 1.005541561591954736e+00 1.006624849237816033e+00 1.006507814208882357e+00 1.005188172894833087e+00 1.003498015806257415e+00 1.002805796427808760e+00 1.002721017394654135e+00 1.003246533219695369e+00 1.004693485809120990e+00 1.005695990739889023e+00 1.005503025667793482e+00 1.004110594274773671e+00 1.002367628697532709e+00 1.001646293287495437e+00 1.001539819956294819e+00 1.002051919570702054e+00 1.003490308621425298e+00 1.004485962721231473e+00 1.004291570392685573e+00 1.002904277122886878e+00 1.001170731438218775e+00 1.000466808556876641e+00 1.000388309452103996e+00 1.000938374088091942e+00 1.002448411412625973e+00 1.003545686171701368e+00 1.003457767174355864e+00 1.002181799907689408e+00 1.000533604158755585e+00 9.998887696944604997e-01 9.998699299093150028e-01 1.000477370254609477e+00 1.002065906683915930e+00 1.003255667660977846e+00 1.003243678706794428e+00 1.002027656211045059e+00 1.000413143714341091e+00 9.997817254606796711e-01 9.997683092500457835e-01 1.000373751436309799e+00 1.001948871654982476e+00 1.003112656564646654e+00 1.003070409773714644e+00 1.001823558538636361e+00 1.000188779000336536e+00 9.995485117566826894e-01 9.995316701305677620e-01 1.000140252281022768e+00 1.001731357771940001e+00 1.002926256872223254e+00 1.002926256872223254e+00 1.001731357771940001e+00 1.000140252281022768e+00 9.995316701305677620e-01 9.995485117566826894e-01 1.000188779000336536e+00 1.001823558538636361e+00 1.003070409773714644e+00 1.003112656564646654e+00 1.001948871654982476e+00 1.000373751436309799e+00 9.997683092500457835e-01 9.997817254606796711e-01 1.000413143714341091e+00 1.002027656211045059e+00 1.003243678706794428e+00 1.003255667660977846e+00 1.002065906683915930e+00 1.000477370254609477e+00 9.998699299093150028e-01 9.998887696944604997e-01 1.000533604158755585e+00 1.002181799907689408e+00 1.003457767174355864e+00 1.003545686171701368e+00 1.002448411412625973e+00 1.000938374088091942e+00 1.000388309452103996e+00 1.000466808556876641e+00 1.001170731438218775e+00 1.002904277122886878e+00 1.004291570392685573e+00 1.004485962721231473e+00 1.003490308621425298e+00 1.002051919570702054e+00 1.001539819956294819e+00 1.001646293287495437e+00 1.002367628697532709e+00 1.004110594274773671e+00 1.005503025667793482e+00 1.005695990739889023e+00 1.004693485809120990e+00 1.003246533219695369e+00 1.002721017394654135e+00 1.002805796427808760e+00 1.003498015806257415e+00 1.005188172894833087e+00 1.006507814208882357e+00 1.006624849237816033e+00 1.005541561591954736e+00 1.004029240657100308e+00 1.003452914502424687e+00 1.003480317826272561e+00 1.004110023372193350e+00 1.005698845252789964e+00 1.006878044532118821e+00 1.006847215792789907e+00 1.005603219070612564e+00 1.003961303250060721e+00 1.003292490877398579e+00 1.003222840762618473e+00 1.003754351064751082e+00 1.005191598310314127e+00 1.006156138219501228e+00 1.005888955811984342e+00 1.004372924010358936e+00 1.002491800008718403e+00 1.001629737112670782e+00 1.001324018780992864e+00
1.001548668946287357e+00 1.001857812693446315e+00 1.002728439128196536e+00 1.004624977499501526e+00 1.006156138219501228e+00 1.006425889688628894e+00 1.005451644435578995e+00 1.004002693687122472e+00 1.003465474359188203e+00 1.003533982668807889e+00 1.004205935005660910e+00 1.005856414364915130e+00 1.007106691015474453e+00 1.007133237985452068e+00 1.005938053433878654e+00 1.004333817183617583e+00 1.003695548098994195e+00 1.003664433908375342e+00 1.004241330965631063e+00 1.005757933669837012e+00 1.006843790377308867e+00 1.006718762712252913e+00 1.005381708869508728e+00 1.003675281057398561e+00 1.002973927237666762e+00 1.002884295532581183e+00 1.003409240455042095e+00 1.004858476654788335e+00 1.005860696134266430e+00 1.005658882072178573e+00 1.004248181796593142e+00 1.002488374593237364e+00 1.001757333839337294e+00 1.001644295128464757e+00 1.002152969327390952e+00 1.003589074767793798e+00 1.004579305293088254e+00 1.004372067656488676e+00 1.002965649150254546e+00 1.001216118193341886e+00 1.000503631773297153e+00 1.000420279996593109e+00 1.000969202827420856e+00 1.002482380116145766e+00 1.003584222095862177e+00 1.003497730354967477e+00 1.002219764929270340e+00 1.000570141923886158e+00 9.999275910699116920e-01 9.999147457618579038e-01 1.000531320548435188e+00 1.002135842249986197e+00 1.003343586658323128e+00 1.003341588499292669e+00 1.002126136906123399e+00 1.000508769896518491e+00 9.998759243864068225e-01 9.998633645296430839e-01 1.000471375777517880e+00 1.002051634119411894e+00 1.003217131736816814e+00 1.003167748663632564e+00 1.001904626705019785e+00 1.000255574602215924e+00 9.996073147224395772e-01 9.995861913269734611e-01 1.000193917123558096e+00 1.001788162578666208e+00 1.002987343448300761e+00 1.002987343448300761e+00 1.001788162578666208e+00 1.000193917123558096e+00 9.995861913269734611e-01 9.996073147224395772e-01 1.000255574602215924e+00 1.001904626705019785e+00 1.003167748663632564e+00 1.003217131736816814e+00 1.002051634119411894e+00 1.000471375777517880e+00 9.998633645296430839e-01 9.998759243864068225e-01 1.000508769896518491e+00 1.002126136906123399e+00 1.003341588499292669e+00 1.003343586658323128e+00 1.002135842249986197e+00 1.000531320548435188e+00 9.999147457618579038e-01 9.999275910699116920e-01 1.000570141923886158e+00 1.002219764929270340e+00 1.003497730354967477e+00 1.003584222095862177e+00 1.002482380116145766e+00 1.000969202827420856e+00 1.000420279996593109e+00 1.000503631773297153e+00 1.001216118193341886e+00 1.002965649150254546e+00 1.004372067656488676e+00 1.004579305293088254e+00 1.003589074767793798e+00 1.002152969327390952e+00 1.001644295128464757e+00 1.001757333839337294e+00 1.002488374593237364e+00 1.004248181796593142e+00 1.005658882072178573e+00 1.005860696134266430e+00 1.004858476654788335e+00 1.003409240455042095e+00 1.002884295532581183e+00 1.002973927237666762e+00 1.003675281057398561e+00 1.005381708869508728e+00 1.006718762712252913e+00 1.006843790377308867e+00 1.005757933669837012e+00 1.004241330965631063e+00 1.003664433908375342e+00 1.003695548098994195e+00 1.004333817183617583e+00 1.005938053433878654e+00 1.007133237985452068e+00 1.007106691015474453e+00 1.005856414364915130e+00 1.004205935005660910e+00 1.003533982668807889e+00 1.003465474359188203e+00 1.004002693687122472e+00 1.005451644435578995e+00 1.006425889688628894e+00 1.006156138219501228e+00 1.004624977499501526e+00 1.002728439128196536e+00 1.001857812693446315e+00 1.001548668946287357e+00
1.001534110930493382e+00 1.001790731640276988e+00 1.002500363547421003e+00 1.003990419281649116e+00 1.005191598310314127e+00 1.005451644435578995e+00 1.004781975709046593e+00 1.003720096909941351e+00 1.003323605068017432e+00 1.003393826085377638e+00 1.003929332705571387e+00 1.005189885602573829e+00 1.006123596772432016e+00 1.006143292911447551e+00 1.005252113983811535e+00 1.004029526108390247e+00 1.003523420971074831e+00 1.003485741400783837e+00 1.003917914653968069e+00 1.005038881870120360e+00 1.005806174937860842e+00 1.005674296441842808e+00 1.004642390028196219e+00 1.003318181493505934e+00 1.002745280754311130e+00 1.002645087351492492e+00 1.003019884895369973e+00 1.004066920227391080e+00 1.004748863359397060e+00 1.004539913015056962e+00 1.003437214681470069e+00 1.002062766719725051e+00 1.001459037241201555e+00 1.001332011417115142e+00 1.001684543760366308e+00 1.002708172086600458e+00 1.003368706371850383e+00 1.003148908878487289e+00 1.002049350509091274e+00 1.000690031465720775e+00 1.000108567187823594e+00 1.000014368262096554e+00 1.000410289201440150e+00 1.001512987535027266e+00 1.002293982264691463e+00 1.002211486841857901e+00 1.001262361302335258e+00 1.000025500862409711e+00 9.995325264844380220e-01 9.995273883612165733e-01 1.000008659236294895e+00 1.001222112670433484e+00 1.002124995100962979e+00 1.002136984055146396e+00 1.001252370507182299e+00 1.000042913391104626e+00 9.995545062337745090e-01 9.995422318283009311e-01 1.000006375625974275e+00 1.001181293135951833e+00 1.002020234477502880e+00 1.001960860609165893e+00 1.001006882397711850e+00 9.997506112700608183e-01 9.992373698504932733e-01 9.992088247214850893e-01 9.996666885907765643e-01 1.000851025993326981e+00 1.001725934197428280e+00 1.001725934197428280e+00 1.000851025993326981e+00 9.996666885907765643e-01 9.992088247214850893e-01 9.992373698504932733e-01 9.997506112700608183e-01 1.001006882397711850e+00 1.001960860609165893e+00 1.002020234477502880e+00 1.001181293135951833e+00 1.000006375625974275e+00 9.995422318283009311e-01 9.995545062337745090e-01 1.000042913391104626e+00 1.001252370507182299e+00 1.002136984055146396e+00 1.002124995100962979e+00 1.001222112670433484e+00 1.000008659236294895e+00 9.995273883612165733e-01 9.995325264844380220e-01 1.000025500862409711e+00 1.001262361302335258e+00 1.002211486841857901e+00 1.002293982264691463e+00 1.001512987535027266e+00 1.000410289201440150e+00 1.000014368262096554e+00 1.000108567187823594e+00 1.000690031465720775e+00 1.002049350509091274e+00 1.003148908878487289e+00 1.003368706371850383e+00 1.002708172086600458e+00 1.001684543760366308e+00 1.001332011417115142e+00 1.001459037241201555e+00 1.002062766719725051e+00 1.003437214681470069e+00 1.004539913015056962e+00 1.004748863359397060e+00 1.004066920227391080e+00 1.003019884895369973e+00 1.002645087351492492e+00 1.002745280754311130e+00 1.003318181493505934e+00 1.004642390028196219e+00 1.005674296441842808e+00 1.005806174937860842e+00 1.005038881870120360e+00 1.003917914653968069e+00 1.003485741400783837e+00 1.003523420971074831e+00 1.004029526108390247e+00 1.005252113983811535e+00 1.006143292911447551e+00 1.006123596772432016e+00 1.005189885602573829e+00 1.003929332705571387e+00 1.003393826085377638e+00 1.003323605068017432e+00 1.003720096909941351e+00 1.004781975709046593e+00 1.005451644435578995e+00 1.005191598310314127e+00 1.003990419281649116e+00 1.002500363547421003e+00 1.001790731640276988e+00 1.001534110930493382e+00
1.001443908322827259e+00 1.001636587943632639e+00 1.002135271347406098e+00 1.002978494458308223e+00 1.003754351064751082e+00 1.004002693687122472e+00 1.003720096909941351e+00 1.003276505605153801e+00 1.003075833348226142e+00 1.003149194329777227e+00 1.003499157611417836e+00 1.004138283049911484e+00 1.004668366095593957e+00 1.004682067757517672e+00 1.004181386194713976e+00 1.003571091336518561e+00 1.003246533219695369e+00 1.003202288269732456e+00 1.003437214681470069e+00 1.003933899926212847e+00 1.004301561187838532e+00 1.004163402763438739e+00 1.003524277324945091e+00 1.002811790904900358e+00 1.002413300903945981e+00 1.002301118546943481e+00 1.002471532967122547e+00 1.002891431814833423e+00 1.003175170397174742e+00 1.002960511027032986e+00 1.002253448181499973e+00 1.001492435042141249e+00 1.001059690886376918e+00 1.000916394338755566e+00 1.001059119983796819e+00 1.001447333738308298e+00 1.001702812642931706e+00 1.001471311646675133e+00 1.000762536093401378e+00 1.000017508226287433e+00 9.996084565275998868e-01 9.995011268425290085e-01 9.996935210120443394e-01 1.000164230189389603e+00 1.000549018528420042e+00 1.000470519423647620e+00 9.999295892289422616e-01 9.993281433607393849e-01 9.990324158242144259e-01 9.990352703371151444e-01 9.993349941917012424e-01 9.999333000957132400e-01 1.000451394187212184e+00 1.000477941157189798e+00 1.000005233820813855e+00 9.994297640200086041e-01 9.991354637399338934e-01 9.991231893344605375e-01 9.993929408035880924e-01 9.999358691573240199e-01 1.000367756959217980e+00 1.000298106844438095e+00 9.997340550952360516e-01 9.990952151080323418e-01 9.987626643550868710e-01 9.987255556873761986e-01 9.989847454587705844e-01 9.995350955460488018e-01 1.000006946528554375e+00 1.000006946528554375e+00 9.995350955460488018e-01 9.989847454587705844e-01 9.987255556873761986e-01 9.987626643550868710e-01 9.990952151080323418e-01 9.997340550952360516e-01 1.000298106844438095e+00 1.000367756959217980e+00 9.999358691573240199e-01 9.993929408035880924e-01 9.991231893344605375e-01 9.991354637399338934e-01 9.994297640200086041e-01 1.000005233820813855e+00 1.000477941157189798e+00 1.000451394187212184e+00 9.999333000957132400e-01 9.993349941917012424e-01 9.990352703371151444e-01 9.990324158242144259e-01 9.993281433607393849e-01 9.999295892289422616e-01 1.000470519423647620e+00 1.000549018528420042e+00 1.000164230189389603e+00 9.996935210120443394e-01 9.995011268425290085e-01 9.996084565275998868e-01 1.000017508226287433e+00 1.000762536093401378e+00 1.001471311646675133e+00 1.001702812642931706e+00 1.001447333738308298e+00 1.001059119983796819e+00 1.000916394338755566e+00 1.001059690886376918e+00 1.001492435042141249e+00 1.002253448181499973e+00 1.002960511027032986e+00 1.003175170397174742e+00 1.002891431814833423e+00 1.002471532967122547e+00 1.002301118546943481e+00 1.002413300903945981e+00 1.002811790904900358e+00 1.003524277324945091e+00 1.004163402763438739e+00 1.004301561187838532e+00 1.003933899926212847e+00 1.003437214681470069e+00 1.003202288269732456e+00 1.003246533219695369e+00 1.003571091336518561e+00 1.004181386194713976e+00 1.004682067757517672e+00 1.004668366095593957e+00 1.004138283049911484e+00 1.003499157611417836e+00 1.003149194329777227e+00 1.003075833348226142e+00 1.003276505605153801e+00 1.003720096909941351e+00 1.004002693687122472e+00 1.003754351064751082e+00 1.002978494458308223e+00 1.002135271347406098e+00 1.001636587943632639e+00 1.001443908322827259e+00
1.001420786768330684e+00 1.001579212234326111e+00 1.001975133173669930e+00 1.002605124170881101e+00 1.003222840762618473e+00 1.003465474359188203e+00 1.003323605068017432e+00 1.003075833348226142e+00 1.002964221893804186e+00 1.003038439229225309e+00 1.003301625318681278e+00 1.003740934854117306e+00 1.004121441423796668e+00 1.004130004962499045e+00 1.003768052726675242e+00 1.003347868427674427e+00 1.003104663928524598e+00 1.003054995404050409e+00 1.003198291951671317e+00 1.003496303098517117e+00 1.003715244238009952e+00 1.003570520433938462e+00 1.003068126163394025e+00 1.002540612179322554e+00 1.002218337672819759e+00 1.002097591777115104e+00 1.002175519979307650e+00 1.002399599242021822e+00 1.002537472215131453e+00 1.002316818367898099e+00 1.001744488531283617e+00 1.001164166058547078e+00 1.000803355627883251e+00 1.000648926479948964e+00 1.000697167747972571e+00 1.000889561917488013e+00 1.000996320699978570e+00 1.000751974395668542e+00 1.000168511958740902e+00 9.995936130605155290e-01 9.992527842201577304e-01 9.991351782886439548e-01 9.992393680095238429e-01 9.995262465560562637e-01 9.997748746297178135e-01 9.996995154891361590e-01 9.993010254881814491e-01 9.988879774714328752e-01 9.986793125783828273e-01 9.986904451786960957e-01 9.989188062107617894e-01 9.993464122433045604e-01 9.997411913774881809e-01 9.997811545580995718e-01 9.994591655028870480e-01 9.990772316767573269e-01 9.988682813324173404e-01 9.988562923782337011e-01 9.990409793629168034e-01 9.993923699010077710e-01 9.996763939346394734e-01 9.995961821221263088e-01 9.991594416483008390e-01 9.986944414967573458e-01 9.984341099202024283e-01 9.983890086163695887e-01 9.985602793904188035e-01 9.989230879801129781e-01 9.992544969278981393e-01 9.992544969278981393e-01 9.989230879801129781e-01 9.985602793904188035e-01 9.983890086163695887e-01 9.984341099202024283e-01 9.986944414967573458e-01 9.991594416483008390e-01 9.995961821221263088e-01 9.996763939346394734e-01 9.993923699010077710e-01 9.990409793629168034e-01 9.988562923782337011e-01 9.988682813324173404e-01 9.990772316767573269e-01 9.994591655028870480e-01 9.997811545580995718e-01 9.997411913774881809e-01 9.993464122433045604e-01 9.989188062107617894e-01 9.986904451786960957e-01 9.986793125783828273e-01 9.988879774714328752e-01 9.993010254881814491e-01 9.996995154891361590e-01 9.997748746297178135e-01 9.995262465560562637e-01 9.992393680095238429e-01 9.991351782886439548e-01 9.992527842201577304e-01 9.995936130605155290e-01 1.000168511958740902e+00 1.000751974395668542e+00 1.000996320699978570e+00 1.000889561917488013e+00 1.000697167747972571e+00 1.000648926479948964e+00 1.000803355627883251e+00 1.001164166058547078e+00 1.001744488531283617e+00 1.002316818367898099e+00 1.002537472215131453e+00 1.002399599242021822e+00 1.002175519979307650e+00 1.002097591777115104e+00 1.002218337672819759e+00 1.002540612179322554e+00 1.003068126163394025e+00 1.003570520433938462e+00 1.003715244238009952e+00 1.003496303098517117e+00 1.003198291951671317e+00 1.003054995404050409e+00 1.003104663928524598e+00 1.003347868427674427e+00 1.003768052726675242e+00 1.004130004962499045e+00 1.004121441423796668e+00 1.003740934854117306e+00 1.003301625318681278e+00 1.003038439229225309e+00 1.002964221893804186e+00 1.003075833348226142e+00 1.003323605068017432e+00 1.003465474359188203e+00 1.003222840762618473e+00 1.002605124170881101e+00 1.001975133173669930e+00 1.001579212234326111e+00 1.001420786768330684e+00
1.001505565801484865e+00 1.001662849462320093e+00 1.002055344986183094e+00 1.002679626957592385e+00 1.003292490877398579e+00 1.003533982668807889e+00 1.003393826085377638e+00 1.003149194329777227e+00 1.003038439229225309e+00 1.003110943856906356e+00 1.003369562725720643e+00 1.003800879625034614e+00 1.004173108107301537e+00 1.004175677168912317e+00 1.003809728615026930e+00 1.003387260705705719e+00 1.003140916242365011e+00 1.003087251399829460e+00 1.003224838921649154e+00 1.003514286529792354e+00 1.003723807776712551e+00 1.003569378628778042e+00 1.003057279014370806e+00 1.002521486942886897e+00 1.002193217959292504e+00 1.002067619391656672e+00 1.002141265824497474e+00 1.002360777866570851e+00 1.002491514557428243e+00 1.002260584463751991e+00 1.001675123867793671e+00 1.001081670635713294e+00 1.000711440312476830e+00 1.000550160333580463e+00 1.000593548929673116e+00 1.000781090427256936e+00 1.000876716609434336e+00 1.000613530519978589e+00 1.000003235661783174e+00 9.994017897935806305e-01 9.990441193271076825e-01 9.989179498568915294e-01 9.990221395777714175e-01 9.993170107604261165e-01 9.995733460189197839e-01 9.995005559399489092e-01 9.990997823286736912e-01 9.986827379938638671e-01 9.984766421624245991e-01 9.984980510091808759e-01 9.987441100212315348e-01 9.991982630237520313e-01 9.996193036766229945e-01 9.996769648372195727e-01 9.993635393207096485e-01 9.989830327510301755e-01 9.987743678579803497e-01 9.987632352576670813e-01 9.989490640475103822e-01 9.993010254881814491e-01 9.995790550447214429e-01 9.994839997651241426e-01 9.990241377368020981e-01 9.985357305794716476e-01 9.982599846332524951e-01 9.982060343394268953e-01 9.983755924057357012e-01 9.987432536673612749e-01 9.990783734819176365e-01 9.990783734819176365e-01 9.987432536673612749e-01 9.983755924057357012e-01 9.982060343394268953e-01 9.982599846332524951e-01 9.985357305794716476e-01 9.990241377368020981e-01 9.994839997651241426e-01 9.995790550447214429e-01 9.993010254881814491e-01 9.989490640475103822e-01 9.987632352576670813e-01 9.987743678579803497e-01 9.989830327510301755e-01 9.993635393207096485e-01 9.996769648372195727e-01 9.996193036766229945e-01 9.991982630237520313e-01 9.987441100212315348e-01 9.984980510091808759e-01 9.984766421624245991e-01 9.986827379938638671e-01 9.990997823286736912e-01 9.995005559399489092e-01 9.995733460189197839e-01 9.993170107604261165e-01 9.990221395777714175e-01 9.989179498568915294e-01 9.990441193271076825e-01 9.994017897935806305e-01 1.000003235661783174e+00 1.000613530519978589e+00 1.000876716609434336e+00 1.000781090427256936e+00 1.000593548929673116e+00 1.000550160333580463e+00 1.000711440312476830e+00 1.001081670635713294e+00 1.001675123867793671e+00 1.002260584463751991e+00 1.002491514557428243e+00 1.002360777866570851e+00 1.002141265824497474e+00 1.002067619391656672e+00 1.002193217959292504e+00 1.002521486942886897e+00 1.003057279014370806e+00 1.003569378628778042e+00 1.003723807776712551e+00 1.003514286529792354e+00 1.003224838921649154e+00 1.003087251399829460e+00 1.003140916242365011e+00 1.003387260705705719e+00 1.003809728615026930e+00 1.004175677168912317e+00 1.004173108107301537e+00 1.003800879625034614e+00 1.003369562725720643e+00 1.003110943856906356e+00 1.003038439229225309e+00 1.003149194329777227e+00 1.003393826085377638e+00 1.003533982668807889e+00 1.003292490877398579e+00 1.002679626957592385e+00 1.002055344986183094e+00 1.001662849462320093e+00 1.001505565801484865e+00
1.001700529032611087e+00 1.001889783237935427e+00 1.002378190395265767e+00 1.003199719208121898e+00 1.003961303250060721e+00 1.004205935005660910e+00 1.003929332705571387e+00 1.003499157611417836e+00 1.003301625318681278e+00 1.003369562725720643e+00 1.003705538894147153e+00 1.004317261008792928e+00 1.004822795243528244e+00 1.004818513474176944e+00 1.004305557505899449e+00 1.003689839073192758e+00 1.003357002868957126e+00 1.003299912610940536e+00 1.003517711945273172e+00 1.003988421122618435e+00 1.004326395450075626e+00 1.004159691896667761e+00 1.003491164975295558e+00 1.002752987939143470e+00 1.002337085409493955e+00 1.002209488682827443e+00 1.002368199600112808e+00 1.002775824042349884e+00 1.003038153777935371e+00 1.002794092924915281e+00 1.002046781447480495e+00 1.001242379712029340e+00 1.000781375878547097e+00 1.000617526838039728e+00 1.000747121723737143e+00 1.001125915585675763e+00 1.001347996689359698e+00 1.001059976337667079e+00 1.000268990812849701e+00 9.994340457893597929e-01 9.989738983097474767e-01 9.988403071059891447e-01 9.990338430806646741e-01 9.995399482179800899e-01 9.999464308550569669e-01 9.998759243864068225e-01 9.993281433607393849e-01 9.987052886457804535e-01 9.984164119402174631e-01 9.984512369976072943e-01 9.988046256947288315e-01 9.994919924012463097e-01 1.000091154659128678e+00 1.000169939215191262e+00 9.997234933975028826e-01 9.991480235966976320e-01 9.988531524140428219e-01 9.988431616188899742e-01 9.991174803086588785e-01 9.996661176881964650e-01 1.000079451156235200e+00 9.999655560914924024e-01 9.993309978736401034e-01 9.986133733303739213e-01 9.982334376632747697e-01 9.981689256717162229e-01 9.984238336737595310e-01 9.989973053155343230e-01 9.994802888983531641e-01 9.994802888983531641e-01 9.989973053155343230e-01 9.984238336737595310e-01 9.981689256717162229e-01 9.982334376632747697e-01 9.986133733303739213e-01 9.993309978736401034e-01 9.999655560914924024e-01 1.000079451156235200e+00 9.996661176881964650e-01 9.991174803086588785e-01 9.988431616188899742e-01 9.988531524140428219e-01 9.991480235966976320e-01 9.997234933975028826e-01 1.000169939215191262e+00 1.000091154659128678e+00 9.994919924012463097e-01 9.988046256947288315e-01 9.984512369976072943e-01 9.984164119402174631e-01 9.987052886457804535e-01 9.993281433607393849e-01 9.998759243864068225e-01 9.999464308550569669e-01 9.995399482179800899e-01 9.990338430806646741e-01 9.988403071059891447e-01 9.989738983097474767e-01 9.994340457893597929e-01 1.000268990812849701e+00 1.001059976337667079e+00 1.001347996689359698e+00 1.001125915585675763e+00 1.000747121723737143e+00 1.000617526838039728e+00 1.000781375878547097e+00 1.001242379712029340e+00 1.002046781447480495e+00 1.002794092924915281e+00 1.003038153777935371e+00 1.002775824042349884e+00 1.002368199600112808e+00 1.002209488682827443e+00 1.002337085409493955e+00 1.002752987939143470e+00 1.003491164975295558e+00 1.004159691896667761e+00 1.004326395450075626e+00 1.003988421122618435e+00 1.003517711945273172e+00 1.003299912610940536e+00 1.003357002868957126e+00 1.003689839073192758e+00 1.004305557505899449e+00 1.004818513474176944e+00 1.004822795243528244e+00 1.004317261008792928e+00 1.003705538894147153e+00 1.003369562725720643e+00 1.003301625318681278e+00 1.003499157611417836e+00 1.003929332705571387e+00 1.004205935005660910e+00 1.003961303250060721e+00 1.003199719208121898e+00 1.002378190395265767e+00 1.001889783237935427e+00 1.001700529032611087e+00
