2.931884472996955093e-01 2.928299204793524679e-01 2.919738520603964993e-01 2.907224336046768665e-01 2.895772030288678023e-01 2.891167700979655475e-01 2.893163005497328411e-01 2.897147905506873289e-01 2.898612270624993936e-01 2.896100299272272305e-01 2.889709044887335820e-01 2.880180680824397932e-01 2.872150936034391089e-01 2.870826442048410310e-01 2.876081600298819874e-01 2.882969539928499358e-01 2.886937312860639593e-01 2.886911622244532349e-01 2.882878195515673481e-01 2.875864657318357720e-01 2.870349738393973005e-01 2.871217510315822730e-01 2.878516499803219775e-01 2.887154255841101747e-01 2.892603520968767827e-01 2.894019359367574484e-01 2.891336117240803083e-01 2.885732708416493542e-01 2.881573683119998397e-01 2.883557569586068237e-01 2.891821384433942432e-01 2.901218440903443052e-01 2.907261444714479559e-01 2.909225349590243703e-01 2.907013102092108059e-01 2.901829306664218677e-01 2.897941460093301225e-01 2.899948182662577811e-01 2.907977927452585765e-01 2.916972497603069758e-01 2.922544506785471063e-01 2.923940363593972580e-01 2.921088705206053016e-01 2.915077101036925300e-01 2.910121666641101723e-01 2.910898094150124460e-01 2.917472037360713810e-01 2.925016514957581304e-01 2.929264030154001830e-01 2.929321120412017865e-01 2.925207767321936214e-01 2.917897359782935518e-01 2.911771575097775733e-01 2.911731611917163787e-01 2.917806015370109640e-01 2.925130695473613929e-01 2.929321120412017865e-01 2.929415319337745349e-01 2.925410437737894220e-01 2.918305555127753137e-01 2.912488057835880828e-01 2.912813472306575169e-01 2.919287507565634932e-01 2.926963292755940804e-01 2.931439168984426580e-01 2.931776001506724016e-01 2.927950954219624702e-01 2.920934561509408445e-01 2.915022865291809762e-01 2.915022865291809762e-01 2.920934561509408445e-01 2.927950954219624702e-01 2.931776001506724016e-01 2.931439168984426580e-01 2.926963292755940804e-01 2.919287507565634932e-01 2.912813472306575169e-01 2.912488057835880828e-01 2.918305555127753137e-01 2.925410437737894220e-01 2.929415319337745349e-01 2.929321120412017865e-01 2.925130695473613929e-01 2.917806015370109640e-01 2.911731611917163787e-01 2.911771575097775733e-01 2.917897359782935518e-01 2.925207767321936214e-01 2.929321120412017865e-01 2.929264030154001830e-01 2.925016514957581304e-01 2.917472037360713810e-01 2.910898094150124460e-01 2.910121666641101723e-01 2.915077101036925300e-01 2.921088705206053016e-01 2.923940363593972580e-01 2.922544506785471063e-01 2.916972497603069758e-01 2.907977927452585765e-01 2.899948182662577811e-01 2.897941460093301225e-01 2.901829306664218677e-01 2.907013102092108059e-01 2.909225349590243703e-01 2.907261444714479559e-01 2.901218440903443052e-01 2.891821384433942432e-01 2.883557569586068237e-01 2.881573683119998397e-01 2.885732708416493542e-01 2.891336117240803083e-01 2.894019359367574484e-01 2.892603520968767827e-01 2.887154255841101747e-01 2.878516499803219775e-01 2.871217510315822730e-01 2.870349738393973005e-01 2.875864657318357720e-01 2.882878195515673481e-01 2.886911622244532349e-01 2.886937312860639593e-01 2.882969539928499358e-01 2.876081600298819874e-01 2.870826442048410310e-01 2.872150936034391089e-01 2.880180680824397932e-01 2.889709044887335820e-01 2.896100299272272305e-01 2.898612270624993936e-01 2.897147905506873289e-01 2.893163005497328411e-01 2.891167700979655475e-01 2.895772030288678023e-01 2.907224336046768665e-01 2.919738520603964993e-01 2.928299204793524679e-01 2.931884472996955093e-01
2.928299204793524679e-01 2.924003162877790163e-01 2.913592754328498957e-01 2.898712178576522969e-01 2.886069540938789868e-01 2.881542283478089050e-01 2.884819264288230878e-01 2.890967885076597965e-01 2.893773871258104036e-01 2.891201955134464763e-01 2.883357753683011282e-01 2.871659959815449636e-01 2.862462719249007082e-01 2.861175333930736642e-01 2.867663641754301662e-01 2.876723865701504845e-01 2.882096058980848086e-01 2.882076077390542945e-01 2.876655357391885159e-01 2.867489516467351396e-01 2.860761429560118585e-01 2.861614928917463052e-01 2.870104250284502556e-01 2.880911436127008285e-01 2.887793666730885667e-01 2.889252322823204766e-01 2.885216041581444846e-01 2.877474602594420339e-01 2.872082427724771403e-01 2.874029205523130348e-01 2.883457661634539759e-01 2.895018438882861478e-01 2.902508680734613433e-01 2.904532530381295774e-01 2.900984370845576255e-01 2.893676817819476055e-01 2.888558676188305308e-01 2.890528290089871555e-01 2.899725530656314110e-01 2.910875258046917713e-01 2.917874523679729326e-01 2.919313198181742730e-01 2.915117064217536691e-01 2.906981702450198712e-01 2.900813100071526485e-01 2.901566691477343030e-01 2.909319548515971188e-01 2.918993492736850492e-01 2.924616883151466284e-01 2.924665409870780830e-01 2.919153345459296611e-01 2.909687780680176306e-01 2.902354537037969417e-01 2.902308864831555923e-01 2.909573600164143681e-01 2.919042019456164483e-01 2.924622592177267832e-01 2.924716791102994762e-01 2.919324616233345826e-01 2.910075994434688229e-01 2.903056747211570920e-01 2.903382161682265261e-01 2.911055092359669527e-01 2.920886034790094454e-01 2.926766331365783791e-01 2.927123145478386368e-01 2.921925077485992839e-01 2.912776363638864274e-01 2.905668626515821584e-01 2.905668626515821584e-01 2.912776363638864274e-01 2.921925077485992839e-01 2.927123145478386368e-01 2.926766331365783791e-01 2.920886034790094454e-01 2.911055092359669527e-01 2.903382161682265261e-01 2.903056747211570920e-01 2.910075994434688229e-01 2.919324616233345826e-01 2.924716791102994762e-01 2.924622592177267832e-01 2.919042019456164483e-01 2.909573600164143681e-01 2.902308864831555923e-01 2.902354537037969417e-01 2.909687780680176306e-01 2.919153345459296611e-01 2.924665409870780830e-01 2.924616883151466284e-01 2.918993492736850492e-01 2.909319548515971188e-01 2.901566691477343030e-01 2.900813100071526485e-01 2.906981702450198712e-01 2.915117064217536691e-01 2.919313198181742730e-01 2.917874523679729326e-01 2.910875258046917713e-01 2.899725530656314110e-01 2.890528290089871555e-01 2.888558676188305308e-01 2.893676817819476055e-01 2.900984370845576255e-01 2.904532530381295774e-01 2.902508680734613433e-01 2.895018438882861478e-01 2.883457661634539759e-01 2.874029205523130348e-01 2.872082427724771403e-01 2.877474602594420339e-01 2.885216041581444846e-01 2.889252322823204766e-01 2.887793666730885667e-01 2.880911436127008285e-01 2.870104250284502556e-01 2.861614928917463052e-01 2.860761429560118585e-01 2.867489516467351396e-01 2.876655357391885159e-01 2.882076077390542945e-01 2.882096058980848086e-01 2.876723865701504845e-01 2.867663641754301662e-01 2.861175333930736642e-01 2.862462719249007082e-01 2.871659959815449636e-01 2.883357753683011282e-01 2.891201955134464763e-01 2.893773871258104036e-01 2.890967885076597965e-01 2.884819264288230878e-01 2.881542283478089050e-01 2.886069540938789868e-01 2.898712178576522969e-01 2.913592754328498957e-01 2.924003162877790163e-01 2.928299204793524679e-01
2.919738520603964993e-01 2.913592754328498957e-01 2.897293485664815260e-01 2.874406001226038621e-01 2.859151484284055411e-01 2.854835460778015199e-01 2.861183897469439241e-01 2.874876995854673822e-01 2.882156003751765727e-01 2.879415671366978291e-01 2.866713088958328104e-01 2.847453975867784148e-01 2.835605178267769366e-01 2.834420269962639183e-01 2.843787924949260359e-01 2.860407469960416504e-01 2.870463918910006185e-01 2.870463918910006185e-01 2.860393197395912357e-01 2.843719987542221439e-01 2.834169929181237224e-01 2.834990316188933379e-01 2.846213119109797796e-01 2.864566495256911649e-01 2.876244307534166489e-01 2.877828562194122419e-01 2.869267878004562733e-01 2.854057035109961449e-01 2.845752400727605269e-01 2.847595845158955030e-01 2.859690987222310854e-01 2.878781969502995919e-01 2.891113465234539937e-01 2.893302876629468834e-01 2.885290258916866080e-01 2.870555263322832618e-01 2.862514100481221568e-01 2.864389515457060331e-01 2.876272852663175339e-01 2.894915676418432504e-01 2.906704814698819472e-01 2.908269087768468597e-01 2.899557114395165947e-01 2.884008582624397743e-01 2.874971194780400752e-01 2.875670550441102313e-01 2.886169448890318900e-01 2.903259417627529482e-01 2.913509973454375124e-01 2.913529955044680819e-01 2.903339343988752264e-01 2.886383537357880003e-01 2.876230034969662896e-01 2.876158672147142159e-01 2.886203703045128743e-01 2.903136673572794257e-01 2.913370102322234700e-01 2.913470010273763733e-01 2.903433542914479193e-01 2.886711806341474840e-01 2.876892281962653009e-01 2.877214841920445743e-01 2.887676631701951990e-01 2.905006379522831472e-01 2.915588058846171893e-01 2.915993399678088460e-01 2.906196711402473931e-01 2.889614845961608891e-01 2.879712540708663226e-01 2.879712540708663226e-01 2.889614845961608891e-01 2.906196711402473931e-01 2.915993399678088460e-01 2.915588058846171893e-01 2.905006379522831472e-01 2.887676631701951990e-01 2.877214841920445743e-01 2.876892281962653009e-01 2.886711806341474840e-01 2.903433542914479193e-01 2.913470010273763733e-01 2.913370102322234700e-01 2.903136673572794257e-01 2.886203703045128743e-01 2.876158672147142159e-01 2.876230034969662896e-01 2.886383537357880003e-01 2.903339343988752264e-01 2.913529955044680819e-01 2.913509973454375124e-01 2.903259417627529482e-01 2.886169448890318900e-01 2.875670550441102313e-01 2.874971194780400752e-01 2.884008582624397743e-01 2.899557114395165947e-01 2.908269087768468597e-01 2.906704814698819472e-01 2.894915676418432504e-01 2.876272852663175339e-01 2.864389515457060331e-01 2.862514100481221568e-01 2.870555263322832618e-01 2.885290258916866080e-01 2.893302876629468834e-01 2.891113465234539937e-01 2.878781969502995919e-01 2.859690987222310854e-01 2.847595845158955030e-01 2.845752400727605269e-01 2.854057035109961449e-01 2.869267878004562733e-01 2.877828562194122419e-01 2.876244307534166489e-01 2.864566495256911649e-01 2.846213119109797796e-01 2.834990316188933379e-01 2.834169929181237224e-01 2.843719987542221439e-01 2.860393197395912357e-01 2.870463918910006185e-01 2.870463918910006185e-01 2.860407469960416504e-01 2.843787924949260359e-01 2.834420269962639183e-01 2.835605178267769366e-01 2.847453975867784148e-01 2.866713088958328104e-01 2.879415671366978291e-01 2.882156003751765727e-01 2.874876995854673822e-01 2.861183897469439241e-01 2.854835460778015199e-01 2.859151484284055411e-01 2.874406001226038621e-01 2.897293485664815260e-01 2.913592754328498957e-01 2.919738520603964993e-01
2.907224336046768665e-01 2.898712178576522969e-01 2.874406001226038621e-01 2.843802482965054890e-01 2.827667348793168611e-01 2.823593387981118141e-01 2.831644827069171866e-01 2.852639769454703988e-01 2.865751118110752005e-01 2.862768152129394617e-01 2.843568698358477920e-01 2.817124205393989334e-01 2.804222377984862402e-01 2.803155075611244995e-01 2.813925723688620040e-01 2.837818567571065431e-01 2.854085865690260126e-01 2.854115838075718670e-01 2.837899921188739016e-01 2.814014784491125631e-01 2.803130241349008345e-01 2.803921797776405822e-01 2.816344923372065545e-01 2.841953044056613753e-01 2.860064928412318075e-01 2.861834726410826812e-01 2.847315817443384356e-01 2.824865073478433630e-01 2.815064959787337839e-01 2.816806498108128110e-01 2.830019752874734507e-01 2.856374043231557636e-01 2.875248082531780547e-01 2.877694400087783544e-01 2.863790067747888357e-01 2.841803182129320482e-01 2.832228860408679272e-01 2.834014929130722615e-01 2.847076038359716010e-01 2.873010144417537659e-01 2.891293299547291196e-01 2.893048824981295786e-01 2.878325247438864865e-01 2.855500562283906363e-01 2.844987676721475456e-01 2.845627087611259376e-01 2.857410231414554969e-01 2.881742099381146560e-01 2.898189802715672725e-01 2.898161257586664985e-01 2.881676445584427926e-01 2.857390249824249273e-01 2.845861157669126174e-01 2.845753827984055517e-01 2.857107653047068485e-01 2.881296795368619157e-01 2.897750207728946314e-01 2.897852970193376398e-01 2.881613646300609788e-01 2.857621465369215574e-01 2.846460890829589085e-01 2.846792585228664074e-01 2.858580581703891732e-01 2.883223591576672407e-01 2.900139435026933277e-01 2.900624702220072626e-01 2.884679393156090454e-01 2.860841355921340812e-01 2.849578875271154832e-01 2.849578875271154832e-01 2.860841355921340812e-01 2.884679393156090454e-01 2.900624702220072626e-01 2.900139435026933277e-01 2.883223591576672407e-01 2.858580581703891732e-01 2.846792585228664074e-01 2.846460890829589085e-01 2.857621465369215574e-01 2.881613646300609788e-01 2.897852970193376398e-01 2.897750207728946314e-01 2.881296795368619157e-01 2.857107653047068485e-01 2.845753827984055517e-01 2.845861157669126174e-01 2.857390249824249273e-01 2.881676445584427926e-01 2.898161257586664985e-01 2.898189802715672725e-01 2.881742099381146560e-01 2.857410231414554969e-01 2.845627087611259376e-01 2.844987676721475456e-01 2.855500562283906363e-01 2.878325247438864865e-01 2.893048824981295786e-01 2.891293299547291196e-01 2.873010144417537659e-01 2.847076038359716010e-01 2.834014929130722615e-01 2.832228860408679272e-01 2.841803182129320482e-01 2.863790067747888357e-01 2.877694400087783544e-01 2.875248082531780547e-01 2.856374043231557636e-01 2.830019752874734507e-01 2.816806498108128110e-01 2.815064959787337839e-01 2.824865073478433630e-01 2.847315817443384356e-01 2.861834726410826812e-01 2.860064928412318075e-01 2.841953044056613753e-01 2.816344923372065545e-01 2.803921797776405822e-01 2.803130241349008345e-01 2.814014784491125631e-01 2.837899921188739016e-01 2.854115838075718670e-01 2.854085865690260126e-01 2.837818567571065431e-01 2.813925723688620040e-01 2.803155075611244995e-01 2.804222377984862402e-01 2.817124205393989334e-01 2.843568698358477920e-01 2.862768152129394617e-01 2.865751118110752005e-01 2.852639769454703988e-01 2.831644827069171866e-01 2.823593387981118141e-01 2.827667348793168611e-01 2.843802482965054890e-01 2.874406001226038621e-01 2.898712178576522969e-01 2.907224336046768665e-01
2.895772030288678023e-01 2.886069540938789868e-01 2.859151484284055411e-01 2.827667348793168611e-01 2.811672942107292794e-01 2.807716587226756211e-01 2.815884490441162846e-01 2.837435777391065783e-01 2.852030045499088784e-01 2.848913488313973841e-01 2.828002754059014690e-01 2.801092690040402622e-01 2.788343579071468903e-01 2.787360484828426688e-01 2.798167099768351651e-01 2.822636840708053763e-01 2.840573457971647398e-01 2.840656524297061059e-01 2.822874907083981477e-01 2.798496796008396736e-01 2.787660208683013230e-01 2.788473459408456478e-01 2.800878601572840965e-01 2.827095018956554684e-01 2.846998966511393725e-01 2.848923764560416516e-01 2.832899956391662366e-01 2.809910851293616618e-01 2.800088472401894291e-01 2.801822018086562172e-01 2.815011580396092339e-01 2.842029545002355273e-01 2.862782424693898764e-01 2.865439976204562367e-01 2.850041877263667645e-01 2.827481805454615249e-01 2.817867520553362648e-01 2.819669003645070560e-01 2.832768077895644332e-01 2.859448353625740347e-01 2.879635468860341496e-01 2.881559410555494249e-01 2.865240160301504857e-01 2.841756082666457295e-01 2.831155278106680662e-01 2.831756438523593822e-01 2.843540438680759452e-01 2.868497159521340989e-01 2.886597625825441660e-01 2.886477736283607487e-01 2.868163181511944604e-01 2.843115972612407782e-01 2.831481548931245040e-01 2.831308850900745022e-01 2.842640981665711664e-01 2.867443844260937902e-01 2.885584273745651074e-01 2.885687036210080048e-01 2.867754986167127540e-01 2.843134812397553612e-01 2.831972525150185938e-01 2.832345324535033293e-01 2.844208394699551667e-01 2.869587583449453860e-01 2.888330315156240058e-01 2.888915490300908440e-01 2.871331690831855354e-01 2.846857953574093436e-01 2.835564073281997555e-01 2.835564073281997555e-01 2.846857953574093436e-01 2.871331690831855354e-01 2.888915490300908440e-01 2.888330315156240058e-01 2.869587583449453860e-01 2.844208394699551667e-01 2.832345324535033293e-01 2.831972525150185938e-01 2.843134812397553612e-01 2.867754986167127540e-01 2.885687036210080048e-01 2.885584273745651074e-01 2.867443844260937902e-01 2.842640981665711664e-01 2.831308850900745022e-01 2.831481548931245040e-01 2.843115972612407782e-01 2.868163181511944604e-01 2.886477736283607487e-01 2.886597625825441660e-01 2.868497159521340989e-01 2.843540438680759452e-01 2.831756438523593822e-01 2.831155278106680662e-01 2.841756082666457295e-01 2.865240160301504857e-01 2.881559410555494249e-01 2.879635468860341496e-01 2.859448353625740347e-01 2.832768077895644332e-01 2.819669003645070560e-01 2.817867520553362648e-01 2.827481805454615249e-01 2.850041877263667645e-01 2.865439976204562367e-01 2.862782424693898764e-01 2.842029545002355273e-01 2.815011580396092339e-01 2.801822018086562172e-01 2.800088472401894291e-01 2.809910851293616618e-01 2.832899956391662366e-01 2.848923764560416516e-01 2.846998966511393725e-01 2.827095018956554684e-01 2.800878601572840965e-01 2.788473459408456478e-01 2.787660208683013230e-01 2.798496796008396736e-01 2.822874907083981477e-01 2.840656524297061059e-01 2.840573457971647398e-01 2.822636840708053763e-01 2.798167099768351651e-01 2.787360484828426688e-01 2.788343579071468903e-01 2.801092690040402622e-01 2.828002754059014690e-01 2.848913488313973841e-01 2.852030045499088784e-01 2.837435777391065783e-01 2.815884490441162846e-01 2.807716587226756211e-01 2.811672942107292794e-01 2.827667348793168611e-01 2.859151484284055411e-01 2.886069540938789868e-01 2.895772030288678023e-01
2.891167700979655475e-01 2.881542283478089050e-01 2.854835460778015199e-01 2.823593387981118141e-01 2.807716587226756211e-01 2.803759661443639417e-01 2.811809387823951956e-01 2.833130601034048457e-01 2.847555881978343639e-01 2.844465586311915595e-01 2.823777504063221255e-01 2.797145184149858466e-01 2.784561634929172413e-01 2.783633918236406157e-01 2.794383442918315086e-01 2.818698469258791861e-01 2.836540602145368739e-01 2.836697600354913251e-01 2.819158902189694005e-01 2.795061675183549976e-01 2.784400925852856257e-01 2.785299241062744735e-01 2.797697246944876870e-01 2.823831739808336794e-01 2.843705429526427464e-01 2.845727566465368064e-01 2.829928693913198456e-01 2.807186789632363788e-01 2.797526832524697693e-01 2.799363140673795658e-01 2.812596091579417923e-01 2.839616054344711871e-01 2.860416033499119104e-01 2.863199183577418983e-01 2.848012033139894483e-01 2.825668047957434204e-01 2.816216184840238390e-01 2.818163248089887718e-01 2.831386208200357135e-01 2.858178095384876216e-01 2.878496518212914079e-01 2.880548912988604160e-01 2.864349552276448940e-01 2.840946257356494198e-01 2.830365719838314198e-01 2.830950894982982580e-01 2.842684941164383972e-01 2.867529479647962787e-01 2.885484365794122041e-01 2.885218896094345897e-01 2.866773033729245190e-01 2.841620778754957999e-01 2.829881879901625097e-01 2.829598426770573161e-01 2.840820658788858477e-01 2.865494211949677905e-01 2.883537587995762541e-01 2.883628932408588974e-01 2.865773954213958752e-01 2.841264820996225460e-01 2.830194734515555366e-01 2.830656309251617930e-01 2.842599020326069259e-01 2.868051855508813031e-01 2.886894495167127150e-01 2.887602414366530201e-01 2.870155631516717598e-01 2.845789223944025781e-01 2.834537019540283032e-01 2.834537019540283032e-01 2.845789223944025781e-01 2.870155631516717598e-01 2.887602414366530201e-01 2.886894495167127150e-01 2.868051855508813031e-01 2.842599020326069259e-01 2.830656309251617930e-01 2.830194734515555366e-01 2.841264820996225460e-01 2.865773954213958752e-01 2.883628932408588974e-01 2.883537587995762541e-01 2.865494211949677905e-01 2.840820658788858477e-01 2.829598426770573161e-01 2.829881879901625097e-01 2.841620778754957999e-01 2.866773033729245190e-01 2.885218896094345897e-01 2.885484365794122041e-01 2.867529479647962787e-01 2.842684941164383972e-01 2.830950894982982580e-01 2.830365719838314198e-01 2.840946257356494198e-01 2.864349552276448940e-01 2.880548912988604160e-01 2.878496518212914079e-01 2.858178095384876216e-01 2.831386208200357135e-01 2.818163248089887718e-01 2.816216184840238390e-01 2.825668047957434204e-01 2.848012033139894483e-01 2.863199183577418983e-01 2.860416033499119104e-01 2.839616054344711871e-01 2.812596091579417923e-01 2.799363140673795658e-01 2.797526832524697693e-01 2.807186789632363788e-01 2.829928693913198456e-01 2.845727566465368064e-01 2.843705429526427464e-01 2.823831739808336794e-01 2.797697246944876870e-01 2.785299241062744735e-01 2.784400925852856257e-01 2.795061675183549976e-01 2.819158902189694005e-01 2.836697600354913251e-01 2.836540602145368739e-01 2.818698469258791861e-01 2.794383442918315086e-01 2.783633918236406157e-01 2.784561634929172413e-01 2.797145184149858466e-01 2.823777504063221255e-01 2.844465586311915595e-01 2.847555881978343639e-01 2.833130601034048457e-01 2.811809387823951956e-01 2.803759661443639417e-01 2.807716587226756211e-01 2.823593387981118141e-01 2.854835460778015199e-01 2.881542283478089050e-01 2.891167700979655475e-01
2.893163005497328411e-01 2.884819264288230878e-01 2.861183897469439241e-01 2.831644827069171866e-01 2.815884490441162846e-01 2.811809387823951956e-01 2.819476324024265401e-01 2.839399682266829927e-01 2.851899308808231170e-01 2.848993414675196623e-01 2.830561539423310236e-01 2.805326789026189593e-01 2.792958184626935236e-01 2.792057585806726472e-01 2.802635554263296358e-01 2.825722283702549742e-01 2.841613927923996030e-01 2.841869406828619882e-01 2.826465313410633229e-01 2.803747101586875345e-01 2.793418332106547552e-01 2.794463083828247485e-01 2.806856237038448665e-01 2.831947405436658349e-01 2.849900007972497318e-01 2.851966960763980818e-01 2.838181661612049766e-01 2.816717722756912345e-01 2.807419146982490510e-01 2.809464976378508450e-01 2.822814676861774563e-01 2.848990274711005743e-01 2.867963365608887649e-01 2.870797896919402015e-01 2.857550102546695392e-01 2.836363051442937766e-01 2.827277993233496822e-01 2.829499375172915276e-01 2.842968394295435353e-01 2.869190806156240447e-01 2.887873593092108448e-01 2.890031604845128554e-01 2.875664841415300210e-01 2.853116187657851466e-01 2.842644692532482198e-01 2.843235005800371917e-01 2.854881132984428138e-01 2.878833350735210961e-01 2.894838604570110219e-01 2.894359046402771862e-01 2.877466039055718294e-01 2.852928646160267645e-01 2.841047878015763306e-01 2.840605143064846572e-01 2.851632126400714951e-01 2.875288045712391938e-01 2.891430316166530567e-01 2.891501678989051305e-01 2.875513552231557246e-01 2.852002642175241465e-01 2.841113246361192668e-01 2.841714977680685483e-01 2.853776436491811119e-01 2.878559317496732217e-01 2.895783448340281119e-01 2.896656929287932392e-01 2.881128379107470439e-01 2.857675701114331113e-01 2.846528542785338178e-01 2.846528542785338178e-01 2.857675701114331113e-01 2.881128379107470439e-01 2.896656929287932392e-01 2.895783448340281119e-01 2.878559317496732217e-01 2.853776436491811119e-01 2.841714977680685483e-01 2.841113246361192668e-01 2.852002642175241465e-01 2.875513552231557246e-01 2.891501678989051305e-01 2.891430316166530567e-01 2.875288045712391938e-01 2.851632126400714951e-01 2.840605143064846572e-01 2.841047878015763306e-01 2.852928646160267645e-01 2.877466039055718294e-01 2.894359046402771862e-01 2.894838604570110219e-01 2.878833350735210961e-01 2.854881132984428138e-01 2.843235005800371917e-01 2.842644692532482198e-01 2.853116187657851466e-01 2.875664841415300210e-01 2.890031604845128554e-01 2.887873593092108448e-01 2.869190806156240447e-01 2.842968394295435353e-01 2.829499375172915276e-01 2.827277993233496822e-01 2.836363051442937766e-01 2.857550102546695392e-01 2.870797896919402015e-01 2.867963365608887649e-01 2.848990274711005743e-01 2.822814676861774563e-01 2.809464976378508450e-01 2.807419146982490510e-01 2.816717722756912345e-01 2.838181661612049766e-01 2.851966960763980818e-01 2.849900007972497318e-01 2.831947405436658349e-01 2.806856237038448665e-01 2.794463083828247485e-01 2.793418332106547552e-01 2.803747101586875345e-01 2.826465313410633229e-01 2.841869406828619882e-01 2.841613927923996030e-01 2.825722283702549742e-01 2.802635554263296358e-01 2.792057585806726472e-01 2.792958184626935236e-01 2.805326789026189593e-01 2.830561539423310236e-01 2.848993414675196623e-01 2.851899308808231170e-01 2.839399682266829927e-01 2.819476324024265401e-01 2.811809387823951956e-01 2.815884490441162846e-01 2.831644827069171866e-01 2.861183897469439241e-01 2.884819264288230878e-01 2.893163005497328411e-01
2.897147905506873289e-01 2.890967885076597965e-01 2.874876995854673822e-01 2.852639769454703988e-01 2.837435777391065783e-01 2.833130601034048457e-01 2.839399682266829927e-01 2.852329483902384943e-01 2.859308482493600478e-01 2.856690894163548822e-01 2.844535521877985529e-01 2.826306317042057148e-01 2.814856865796868113e-01 2.813977675823415292e-01 2.823586822601446555e-01 2.839838991802265955e-01 2.849925984039894389e-01 2.850304492450543292e-01 2.840926275766188502e-01 2.825317513773213385e-01 2.816262427949231539e-01 2.817532971641386608e-01 2.829234476375718788e-01 2.847592705194764151e-01 2.859559679628873030e-01 2.861649183072273450e-01 2.853752744034734334e-01 2.839441929057762160e-01 2.831598298508888334e-01 2.833973253242370594e-01 2.846776314505129468e-01 2.866293475561907944e-01 2.879213000951019730e-01 2.882067513851840346e-01 2.874711434106426711e-01 2.860744302482712831e-01 2.853246067994838486e-01 2.855905903115822930e-01 2.868925336456463748e-01 2.888604348394718246e-01 2.901344039471078773e-01 2.903624795278834658e-01 2.895289617608439170e-01 2.879858120866605198e-01 2.870663734813063694e-01 2.871268891548037216e-01 2.881736390355345567e-01 2.898535198776672206e-01 2.908280505820072248e-01 2.907498369285247408e-01 2.896322951278536562e-01 2.878348083542071612e-01 2.867124138816046774e-01 2.866433346694047812e-01 2.876255725585770140e-01 2.892886117745948615e-01 2.903008220492257485e-01 2.903056747211570920e-01 2.893031697903890587e-01 2.876509777233943188e-01 2.866804433371154537e-01 2.867632242112392316e-01 2.879024603099565871e-01 2.897202141251988827e-01 2.908631610906873277e-01 2.909733452886589800e-01 2.900376359597701126e-01 2.884051400317910185e-01 2.874103422858552137e-01 2.874103422858552137e-01 2.884051400317910185e-01 2.900376359597701126e-01 2.909733452886589800e-01 2.908631610906873277e-01 2.897202141251988827e-01 2.879024603099565871e-01 2.867632242112392316e-01 2.866804433371154537e-01 2.876509777233943188e-01 2.893031697903890587e-01 2.903056747211570920e-01 2.903008220492257485e-01 2.892886117745948615e-01 2.876255725585770140e-01 2.866433346694047812e-01 2.867124138816046774e-01 2.878348083542071612e-01 2.896322951278536562e-01 2.907498369285247408e-01 2.908280505820072248e-01 2.898535198776672206e-01 2.881736390355345567e-01 2.871268891548037216e-01 2.870663734813063694e-01 2.879858120866605198e-01 2.895289617608439170e-01 2.903624795278834658e-01 2.901344039471078773e-01 2.888604348394718246e-01 2.868925336456463748e-01 2.855905903115822930e-01 2.853246067994838486e-01 2.860744302482712831e-01 2.874711434106426711e-01 2.882067513851840346e-01 2.879213000951019730e-01 2.866293475561907944e-01 2.846776314505129468e-01 2.833973253242370594e-01 2.831598298508888334e-01 2.839441929057762160e-01 2.853752744034734334e-01 2.861649183072273450e-01 2.859559679628873030e-01 2.847592705194764151e-01 2.829234476375718788e-01 2.817532971641386608e-01 2.816262427949231539e-01 2.825317513773213385e-01 2.840926275766188502e-01 2.850304492450543292e-01 2.849925984039894389e-01 2.839838991802265955e-01 2.823586822601446555e-01 2.813977675823415292e-01 2.814856865796868113e-01 2.826306317042057148e-01 2.844535521877985529e-01 2.856690894163548822e-01 2.859308482493600478e-01 2.852329483902384943e-01 2.839399682266829927e-01 2.833130601034048457e-01 2.837435777391065783e-01 2.852639769454703988e-01 2.874876995854673822e-01 2.890967885076597965e-01 2.897147905506873289e-01
2.898612270624993936e-01 2.893773871258104036e-01 2.882156003751765727e-01 2.865751118110752005e-01 2.852030045499088784e-01 2.847555881978343639e-01 2.851899308808231170e-01 2.859308482493600478e-01 2.862919441313138136e-01 2.860510232424846033e-01 2.852199318114107540e-01 2.839681993592720888e-01 2.829974651570901778e-01 2.829153122758045757e-01 2.837103512089410584e-01 2.847841047817135651e-01 2.854416418284175250e-01 2.854946786781147328e-01 2.849389335614540553e-01 2.839690271680133660e-01 2.832684726118940843e-01 2.834197047053795271e-01 2.844370531032318072e-01 2.857110507559968982e-01 2.865417140101355620e-01 2.867620824060789220e-01 2.863575979280327255e-01 2.855383527254972686e-01 2.849789538323235782e-01 2.852493618394182362e-01 2.863787213234987306e-01 2.877528838339535877e-01 2.886686115725367041e-01 2.889677645245426474e-01 2.886317883561161923e-01 2.878776260477194926e-01 2.873772299362056803e-01 2.876900845501355608e-01 2.888438786646471135e-01 2.902211811392928498e-01 2.911172127388603204e-01 2.913709789357432633e-01 2.909624981396358723e-01 2.900875899355344623e-01 2.894016504854673433e-01 2.894618807076746458e-01 2.902765586895688088e-01 2.912819181332376162e-01 2.918168538508513765e-01 2.916992479193376009e-01 2.909430874519102761e-01 2.897290631151914764e-01 2.887653795598745243e-01 2.886657570596359301e-01 2.894281974554449577e-01 2.904663837974733043e-01 2.910829585840504774e-01 2.910852421943710966e-01 2.904726637258551181e-01 2.894401864096284305e-01 2.886848822960714211e-01 2.887947810427529682e-01 2.897733080651541671e-01 2.910056012844382534e-01 2.917825996960415336e-01 2.919253253410825644e-01 2.914189347524769880e-01 2.904509694278089027e-01 2.896845327139386805e-01 2.896845327139386805e-01 2.904509694278089027e-01 2.914189347524769880e-01 2.919253253410825644e-01 2.917825996960415336e-01 2.910056012844382534e-01 2.897733080651541671e-01 2.887947810427529682e-01 2.886848822960714211e-01 2.894401864096284305e-01 2.904726637258551181e-01 2.910852421943710966e-01 2.910829585840504774e-01 2.904663837974733043e-01 2.894281974554449577e-01 2.886657570596359301e-01 2.887653795598745243e-01 2.897290631151914764e-01 2.909430874519102761e-01 2.916992479193376009e-01 2.918168538508513765e-01 2.912819181332376162e-01 2.902765586895688088e-01 2.894618807076746458e-01 2.894016504854673433e-01 2.900875899355344623e-01 2.909624981396358723e-01 2.913709789357432633e-01 2.911172127388603204e-01 2.902211811392928498e-01 2.888438786646471135e-01 2.876900845501355608e-01 2.873772299362056803e-01 2.878776260477194926e-01 2.886317883561161923e-01 2.889677645245426474e-01 2.886686115725367041e-01 2.877528838339535877e-01 2.863787213234987306e-01 2.852493618394182362e-01 2.849789538323235782e-01 2.855383527254972686e-01 2.863575979280327255e-01 2.867620824060789220e-01 2.865417140101355620e-01 2.857110507559968982e-01 2.844370531032318072e-01 2.834197047053795271e-01 2.832684726118940843e-01 2.839690271680133660e-01 2.849389335614540553e-01 2.854946786781147328e-01 2.854416418284175250e-01 2.847841047817135651e-01 2.837103512089410584e-01 2.829153122758045757e-01 2.829974651570901778e-01 2.839681993592720888e-01 2.852199318114107540e-01 2.860510232424846033e-01 2.862919441313138136e-01 2.859308482493600478e-01 2.851899308808231170e-01 2.847555881978343639e-01 2.852030045499088784e-01 2.865751118110752005e-01 2.882156003751765727e-01 2.893773871258104036e-01 2.898612270624993936e-01
2.896100299272272305e-01 2.891201955134464763e-01 2.879415671366978291e-01 2.862768152129394617e-01 2.848913488313973841e-01 2.844465586311915595e-01 2.848993414675196623e-01 2.856690894163548822e-01 2.860510232424846033e-01 2.858189513436478757e-01 2.849850910350603117e-01 2.837233963328977815e-01 2.827512063291364175e-01 2.826801004127770245e-01 2.834990316188933379e-01 2.846050697325741008e-01 2.852896390164488261e-01 2.853630285431288938e-01 2.848202143699089528e-01 2.838599276849440023e-01 2.831725038881684475e-01 2.833414910518969876e-01 2.843815899175688999e-01 2.856813638218284046e-01 2.865368613382041629e-01 2.867826348989648277e-01 2.864038410370259857e-01 2.856114282557583040e-01 2.850763783576285015e-01 2.853664539586098781e-01 2.865123125272571181e-01 2.879013185047962220e-01 2.888381696388454545e-01 2.891695785866306712e-01 2.888769910142966468e-01 2.881764935484353307e-01 2.877237678023652490e-01 2.880714474736851272e-01 2.892466504349528456e-01 2.906356564124919495e-01 2.915556659204263101e-01 2.918556752263025134e-01 2.915128482269140342e-01 2.907150118711347431e-01 2.900724610171601103e-01 2.901281240187261190e-01 2.908917062196955117e-01 2.918122866302100271e-01 2.922741468175627522e-01 2.921023051409333826e-01 2.913130323238565800e-01 2.900795972994121841e-01 2.890916503844382923e-01 2.889614845961608891e-01 2.896896708371601292e-01 2.906950302808289921e-01 2.912930507335508845e-01 2.912924798309706742e-01 2.906933175730885277e-01 2.896876726781295597e-01 2.889617700474509943e-01 2.890976448615300010e-01 2.900967243768170500e-01 2.913458592222160082e-01 2.921514027628274723e-01 2.923423696758923884e-01 2.919010619814255136e-01 2.910081703460489777e-01 2.902851222282712418e-01 2.902851222282712418e-01 2.910081703460489777e-01 2.919010619814255136e-01 2.923423696758923884e-01 2.921514027628274723e-01 2.913458592222160082e-01 2.900967243768170500e-01 2.890976448615300010e-01 2.889617700474509943e-01 2.896876726781295597e-01 2.906933175730885277e-01 2.912924798309706742e-01 2.912930507335508845e-01 2.906950302808289921e-01 2.896896708371601292e-01 2.889614845961608891e-01 2.890916503844382923e-01 2.900795972994121841e-01 2.913130323238565800e-01 2.921023051409333826e-01 2.922741468175627522e-01 2.918122866302100271e-01 2.908917062196955117e-01 2.901281240187261190e-01 2.900724610171601103e-01 2.907150118711347431e-01 2.915128482269140342e-01 2.918556752263025134e-01 2.915556659204263101e-01 2.906356564124919495e-01 2.892466504349528456e-01 2.880714474736851272e-01 2.877237678023652490e-01 2.881764935484353307e-01 2.888769910142966468e-01 2.891695785866306712e-01 2.888381696388454545e-01 2.879013185047962220e-01 2.865123125272571181e-01 2.853664539586098781e-01 2.850763783576285015e-01 2.856114282557583040e-01 2.864038410370259857e-01 2.867826348989648277e-01 2.865368613382041629e-01 2.856813638218284046e-01 2.843815899175688999e-01 2.833414910518969876e-01 2.831725038881684475e-01 2.838599276849440023e-01 2.848202143699089528e-01 2.853630285431288938e-01 2.852896390164488261e-01 2.846050697325741008e-01 2.834990316188933379e-01 2.826801004127770245e-01 2.827512063291364175e-01 2.837233963328977815e-01 2.849850910350603117e-01 2.858189513436478757e-01 2.860510232424846033e-01 2.856690894163548822e-01 2.848993414675196623e-01 2.844465586311915595e-01 2.848913488313973841e-01 2.862768152129394617e-01 2.879415671366978291e-01 2.891201955134464763e-01 2.896100299272272305e-01
2.889709044887335820e-01 2.883357753683011282e-01 2.866713088958328104e-01 2.843568698358477920e-01 2.828002754059014690e-01 2.823777504063221255e-01 2.830561539423310236e-01 2.844535521877985529e-01 2.852199318114107540e-01 2.849850910350603117e-01 2.837565657728053359e-01 2.818876590863803044e-01 2.807401449002505656e-01 2.806855666135868455e-01 2.817142759727844781e-01 2.834488778272258869e-01 2.845438118857224752e-01 2.846421213100267522e-01 2.837423788436881922e-01 2.822023405885666913e-01 2.813355962913616226e-01 2.815163155031125686e-01 2.827522054086517023e-01 2.846676121102310608e-01 2.859414099470931059e-01 2.862262903345949572e-01 2.855158020735807933e-01 2.841691570674898526e-01 2.834542728566084580e-01 2.837507425664876348e-01 2.850789188741102431e-01 2.870649462248559547e-01 2.884191271450050609e-01 2.888004900685546272e-01 2.882021841645427407e-01 2.869833071558924864e-01 2.863704432360863472e-01 2.867421008157731710e-01 2.881096979465561647e-01 2.900861626790840475e-01 2.914286400963398416e-01 2.917957304553853159e-01 2.911754448020370534e-01 2.899031884021414651e-01 2.891033538873316600e-01 2.891507388014852853e-01 2.900533357807246193e-01 2.914411999531034136e-01 2.921799478918357118e-01 2.919378851978461364e-01 2.907244317637074360e-01 2.888906926762205285e-01 2.876949372220669598e-01 2.875333717918804877e-01 2.884151308269439218e-01 2.899645604295091328e-01 2.909145423229020921e-01 2.909111169074211078e-01 2.899539987317760747e-01 2.883977182982488952e-01 2.875128192989946374e-01 2.876749556317612089e-01 2.888772764655866965e-01 2.907244317637074360e-01 2.919515868597700736e-01 2.922070657643934810e-01 2.914808776824248104e-01 2.901081424284203680e-01 2.892352323833495276e-01 2.892352323833495276e-01 2.901081424284203680e-01 2.914808776824248104e-01 2.922070657643934810e-01 2.919515868597700736e-01 2.907244317637074360e-01 2.888772764655866965e-01 2.876749556317612089e-01 2.875128192989946374e-01 2.883977182982488952e-01 2.899539987317760747e-01 2.909111169074211078e-01 2.909145423229020921e-01 2.899645604295091328e-01 2.884151308269439218e-01 2.875333717918804877e-01 2.876949372220669598e-01 2.888906926762205285e-01 2.907244317637074360e-01 2.919378851978461364e-01 2.921799478918357118e-01 2.914411999531034136e-01 2.900533357807246193e-01 2.891507388014852853e-01 2.891033538873316600e-01 2.899031884021414651e-01 2.911754448020370534e-01 2.917957304553853159e-01 2.914286400963398416e-01 2.900861626790840475e-01 2.881096979465561647e-01 2.867421008157731710e-01 2.863704432360863472e-01 2.869833071558924864e-01 2.882021841645427407e-01 2.888004900685546272e-01 2.884191271450050609e-01 2.870649462248559547e-01 2.850789188741102431e-01 2.837507425664876348e-01 2.834542728566084580e-01 2.841691570674898526e-01 2.855158020735807933e-01 2.862262903345949572e-01 2.859414099470931059e-01 2.846676121102310608e-01 2.827522054086517023e-01 2.815163155031125686e-01 2.813355962913616226e-01 2.822023405885666913e-01 2.837423788436881922e-01 2.846421213100267522e-01 2.845438118857224752e-01 2.834488778272258869e-01 2.817142759727844781e-01 2.806855666135868455e-01 2.807401449002505656e-01 2.818876590863803044e-01 2.837565657728053359e-01 2.849850910350603117e-01 2.852199318114107540e-01 2.844535521877985529e-01 2.830561539423310236e-01 2.823777504063221255e-01 2.828002754059014690e-01 2.843568698358477920e-01 2.866713088958328104e-01 2.883357753683011282e-01 2.889709044887335820e-01
